datetime,game_length,game_result,num_passes,is_resign_disabled,is_marked_for_resign,is_could_won,marked_resign_player,resign_threshold,time_per_game,training_steps
2023-05-28 01:20:25,40,W+5.5,2,True,False,False,,-1,18.5659,0
2023-05-28 01:21:19,93,B+13.5,7,True,False,False,,-1,35.9616,0
2023-05-28 01:21:52,62,W+2.5,5,True,False,False,,-1,35.2012,0
2023-05-28 01:22:13,42,W+7.5,2,True,False,False,,-1,31.6348,0
2023-05-28 01:22:45,64,W+9.5,4,True,False,False,,-1,31.6667,0
2023-05-28 01:23:04,44,W+7.5,3,True,False,False,,-1,29.5752,0
2023-05-28 01:23:28,52,W+10.5,2,True,False,False,,-1,28.7236,0
2023-05-28 01:24:20,97,W+4.5,8,True,False,False,,-1,31.6402,0
2023-05-28 01:25:16,107,W+3.5,14,True,False,False,,-1,34.3543,0
2023-05-28 01:25:47,67,B+1.5,8,True,False,False,,-1,34.0392,0
2023-05-28 01:26:37,110,B+2.5,12,True,False,False,,-1,35.486,0
2023-05-28 01:27:15,77,B+16.5,7,True,False,False,,-1,35.6932,0
2023-05-28 01:28:39,144,W+42.5,17,True,False,False,,-1,39.3804,0
2023-05-28 01:29:21,98,B+3.5,10,True,False,False,,-1,39.5511,0
2023-05-28 01:29:32,26,W+7.5,2,True,False,False,,-1,37.6585,0
2023-05-28 01:30:06,66,W+6.5,2,True,False,False,,-1,37.4619,0
2023-05-28 01:30:22,34,W+9.5,2,True,False,False,,-1,36.1773,0
2023-05-28 01:31:14,90,B+0.5,5,True,False,False,,-1,37.0476,0
2023-05-28 01:31:44,56,W+6.5,4,True,False,False,,-1,36.6644,0
2023-05-28 01:32:09,53,B+4.5,4,True,False,False,,-1,36.1064,0
2023-05-28 01:32:40,64,W+3.5,7,True,False,False,,-1,35.8456,0
2023-05-28 01:33:39,112,W+3.5,10,True,False,False,,-1,36.9246,0
2023-05-28 01:33:54,32,W+7.5,2,True,False,False,,-1,35.9344,0
2023-05-28 01:34:58,119,B+5.5,18,True,False,False,,-1,37.1139,0
2023-05-28 01:35:10,28,W+7.5,2,True,False,False,,-1,36.1206,0
2023-05-28 01:35:28,38,W+8.5,2,True,False,False,,-1,35.4041,0
2023-05-28 01:36:00,62,W+5.5,3,True,False,False,,-1,35.2799,0
2023-05-28 01:36:17,38,W+7.5,2,True,False,False,,-1,34.6404,0
2023-05-28 01:36:48,60,W+8.5,2,True,False,False,,-1,34.5095,0
2023-05-28 01:37:44,105,W+9.5,13,True,False,False,,-1,35.2279,0
2023-05-28 01:37:59,32,W+8.5,3,True,False,False,,-1,34.5681,0
2023-05-28 01:38:55,103,W+0.5,11,True,False,False,,-1,35.2441,0
2023-05-28 01:39:06,26,W+7.5,2,True,False,False,,-1,34.5267,0
2023-05-28 01:39:36,60,W+0.5,5,True,False,False,,-1,34.3682,0
2023-05-28 01:39:59,53,B+0.5,2,True,False,False,,-1,34.059,0
2023-05-28 01:41:08,133,W+15.5,14,True,False,False,,-1,35.0326,0
2023-05-28 01:41:30,46,W+8.5,2,True,False,False,,-1,34.6837,0
2023-05-28 01:41:48,38,W+2.5,5,True,False,False,,-1,34.2372,0
2023-05-28 01:42:51,108,W+13.5,8,True,False,False,,-1,34.9796,0
2023-05-28 01:43:00,20,W+7.5,2,True,False,False,,-1,34.3227,0
2023-05-28 01:43:56,116,B+2.5,15,True,False,False,,-1,34.8487,0
2023-05-28 01:44:40,81,B+1.5,7,True,False,False,,-1,35.0696,0
2023-05-28 01:45:08,58,W+4.5,4,True,False,False,,-1,34.9016,0
2023-05-28 01:45:27,42,W+8.5,3,True,False,False,,-1,34.544,0
2023-05-28 01:46:04,76,W+13.5,6,True,False,False,,-1,34.6033,0
2023-05-28 01:46:15,24,W+7.5,2,True,False,False,,-1,34.0739,0
2023-05-28 01:46:33,40,W+5.5,4,True,False,False,,-1,33.7347,0
2023-05-28 01:46:49,36,W+6.5,3,True,False,False,,-1,33.3639,0
2023-05-28 01:47:45,103,B+8.5,13,True,False,False,,-1,33.8371,0
2023-05-28 01:47:59,32,W+7.5,3,True,False,False,,-1,33.429,0
2023-05-28 01:48:15,40,W+6.5,3,True,False,False,,-1,33.1049,0
2023-05-28 01:48:29,32,W+7.5,2,True,False,False,,-1,32.7306,0
2023-05-28 01:49:51,138,B+1.5,19,True,False,False,,-1,33.6596,0
2023-05-28 01:50:01,22,W+8.5,2,True,False,False,,-1,33.2201,0
2023-05-28 01:51:10,115,W+11.5,10,True,False,False,,-1,33.8625,0
2023-05-28 01:52:19,115,W+0.5,16,True,False,False,,-1,34.5015,0
2023-05-28 01:52:31,26,W+7.5,2,True,False,False,,-1,34.1002,0
2023-05-28 01:53:03,62,W+2.5,6,True,False,False,,-1,34.0701,0
2023-05-28 01:53:24,46,W+8.5,2,True,False,False,,-1,33.8493,0
2023-05-28 01:53:56,62,W+8.5,2,True,False,False,,-1,33.8079,0
2023-05-28 01:54:59,108,B+10.5,12,True,False,False,,-1,34.2903,0
2023-05-28 01:56:23,142,B+1.5,16,True,False,False,,-1,35.087,0
2023-05-28 01:56:31,22,W+7.5,2,True,False,False,,-1,34.6603,0
2023-05-28 01:57:40,118,B+12.5,10,True,False,False,,-1,35.1957,0
2023-05-28 01:57:52,28,W+7.5,2,True,False,False,,-1,34.8415,0
2023-05-28 01:59:30,159,W+13.5,19,True,False,False,,-1,35.8041,0
2023-05-28 02:00:33,108,B+5.5,11,True,False,False,,-1,36.2023,0
2023-05-28 02:01:01,56,W+5.5,4,True,False,False,,-1,36.0837,0
2023-05-28 02:01:13,36,W+7.5,2,True,False,False,,-1,35.7396,0
2023-05-28 02:02:09,104,B+0.5,10,True,False,False,,-1,36.0305,0
2023-05-28 02:02:39,58,W+4.5,3,True,False,False,,-1,35.9405,0
2023-05-28 02:03:10,62,W+2.5,5,True,False,False,,-1,35.8685,0
2023-05-28 02:04:18,113,B+3.5,6,True,False,False,,-1,36.3086,0
2023-05-28 02:04:35,38,W+6.5,2,True,False,False,,-1,36.0563,0
2023-05-28 02:05:39,112,B+2.5,8,True,False,False,,-1,36.429,0
2023-05-28 02:06:27,94,B+5.5,8,True,False,False,,-1,36.5736,0
2023-05-28 02:07:40,120,B+7.5,11,True,False,False,,-1,37.044,0
2023-05-28 02:08:01,44,W+8.5,2,True,False,False,,-1,36.8384,0
2023-05-28 02:09:03,116,B+2.5,9,True,False,False,,-1,37.158,0
2023-05-28 02:09:53,92,B+2.5,8,True,False,False,,-1,37.3275,0
2023-05-28 02:10:49,97,B+4.5,7,True,False,False,,-1,37.5535,0
2023-05-28 02:11:15,54,W+4.5,3,True,False,False,,-1,37.4174,0
2023-05-28 02:11:32,36,W+7.5,2,True,False,False,,-1,37.1708,0
2023-05-28 02:11:56,50,W+6.5,3,True,False,False,,-1,37.0096,0
2023-05-28 02:12:20,50,W+8.5,2,True,False,False,,-1,36.8547,0
2023-05-28 02:12:59,72,W+9.5,2,True,False,False,,-1,36.8847,0
2023-05-28 02:13:42,79,B+2.5,7,True,False,False,,-1,36.9571,0
2023-05-28 02:14:19,65,B+0.5,5,True,False,False,,-1,36.9505,0
2023-05-28 02:14:38,40,W+6.5,3,True,False,False,,-1,36.7526,0
2023-05-28 02:14:54,34,W+4.5,3,True,False,False,,-1,36.5214,0
2023-05-28 02:15:13,48,W+3.5,3,True,False,False,,-1,36.3225,0
2023-05-28 02:16:13,105,W+6.5,6,True,False,False,,-1,36.5864,0
2023-05-28 02:16:47,64,W+5.5,6,True,False,False,,-1,36.5576,0
2023-05-28 02:18:23,162,B+29.5,18,True,False,False,,-1,37.1885,0
2023-05-28 02:18:37,32,W+6.5,3,True,False,False,,-1,36.9434,0
2023-05-28 02:19:31,103,B+7.5,3,True,False,False,,-1,37.1248,0
2023-05-28 02:20:28,106,B+0.5,11,True,False,False,,-1,37.3298,0
2023-05-28 02:21:07,71,B+5.5,6,True,False,False,,-1,37.347,0
2023-05-28 02:22:45,158,B+19.5,16,True,False,False,,-1,37.9614,0
2023-05-28 02:23:08,46,W+6.5,3,True,False,False,,-1,37.8067,0
2023-05-28 02:24:05,106,B+5.5,10,True,False,False,,-1,38.1928,0
2023-05-28 02:24:25,40,W+6.5,3,True,False,False,,-1,37.8553,0
2023-05-28 02:24:35,26,W+5.5,2,True,False,False,,-1,37.6258,0
2023-05-28 02:26:14,162,W+13.5,22,True,False,False,,-1,38.4058,0
2023-05-28 02:26:55,85,B+0.5,11,True,False,False,,-1,38.4937,0
2023-05-28 02:27:44,87,W+1.5,6,True,False,False,,-1,38.7886,0
2023-05-28 02:28:41,97,B+8.5,6,True,False,False,,-1,39.1235,0
2023-05-28 02:29:50,115,B+6.5,10,True,False,False,,-1,39.292,0
2023-05-28 02:30:39,108,B+5.5,9,True,False,False,,-1,39.2243,0
2023-05-28 02:30:47,28,W+6.5,2,True,False,False,,-1,38.9931,0
2023-05-28 02:30:52,20,W+7.5,2,True,False,False,,-1,38.5477,0
2023-05-28 02:31:49,120,W+6.5,14,True,False,False,,-1,38.7352,0
2023-05-28 02:31:58,20,W+5.5,2,True,False,False,,-1,37.9857,0
2023-05-28 02:33:04,113,W+2.5,12,True,False,False,,-1,38.2312,0
2023-05-28 02:34:17,124,B+3.5,12,True,False,False,,-1,38.8506,0
2023-05-28 02:35:14,99,W+3.5,8,True,False,False,,-1,39.0769,0
2023-05-28 02:35:27,28,W+7.5,2,True,False,False,,-1,39.0426,0
2023-05-28 02:35:40,30,W+7.5,2,True,False,False,,-1,38.6572,0
2023-05-28 02:36:03,48,W+6.5,2,True,False,False,,-1,38.5947,0
2023-05-28 02:37:14,124,B+1.5,13,True,False,False,,-1,39.0431,0
2023-05-28 02:37:23,22,W+7.5,2,True,False,False,,-1,38.8292,0
2023-05-28 02:38:33,120,W+28.5,8,True,False,False,,-1,38.9358,0
2023-05-28 02:38:45,36,W+7.5,2,True,False,False,,-1,38.9174,0
2023-05-28 02:39:41,105,W+24.5,4,True,False,False,,-1,38.8294,0
2023-05-28 02:40:49,121,W+2.5,12,True,False,False,,-1,39.3909,0
2023-05-28 02:41:06,50,W+10.5,4,True,False,False,,-1,39.3865,0
2023-05-28 02:42:15,117,B+28.5,5,True,False,False,,-1,39.7478,0
2023-05-28 02:42:44,58,W+8.5,4,True,False,False,,-1,39.8649,0
2023-05-28 02:43:13,56,W+8.5,3,True,False,False,,-1,39.8479,0
2023-05-28 02:44:21,125,W+0.5,12,True,False,False,,-1,39.9677,0
2023-05-28 02:45:29,134,B+1.5,11,True,False,False,,-1,40.5015,0
2023-05-28 02:46:36,119,B+10.5,15,True,False,False,,-1,40.6108,0
2023-05-28 02:46:47,26,W+1.5,2,True,False,False,,-1,40.6029,0
2023-05-28 02:47:01,32,W+8.5,2,True,False,False,,-1,40.4554,0
2023-05-28 02:48:34,162,W+3.5,13,True,False,False,,-1,41.1512,0
2023-05-28 02:49:11,67,B+0.5,5,True,False,False,,-1,40.8216,0
2023-05-28 02:49:24,32,W+6.5,3,True,False,False,,-1,40.739,0
2023-05-28 02:50:03,76,W+2.5,9,True,False,False,,-1,40.9425,0
2023-05-28 02:50:44,74,W+5.5,7,True,False,False,,-1,40.7275,0
2023-05-28 02:50:59,32,W+6.5,2,True,False,False,,-1,40.7889,0
2023-05-28 02:51:25,55,B+0.5,5,True,False,False,,-1,40.4865,0
2023-05-28 02:52:29,114,B+7.5,10,True,False,False,,-1,40.6853,0
2023-05-28 02:52:54,55,B+1.5,4,True,False,False,,-1,40.6576,0
2023-05-28 02:53:49,115,W+2.5,15,True,False,False,,-1,41.0217,0
2023-05-28 02:54:02,30,W+7.5,2,True,False,False,,-1,40.7781,0
2023-05-28 02:54:12,22,W+8.5,2,True,False,False,,-1,40.7689,0
2023-05-28 02:54:34,46,W+3.5,2,True,False,False,,-1,40.8073,0
2023-05-28 02:55:15,75,B+0.5,7,True,False,False,,-1,41.0602,0
2023-05-28 02:56:38,157,W+1.5,23,True,False,False,,-1,41.3313,0
2023-05-28 02:56:53,34,W+9.5,2,True,False,False,,-1,41.3414,0
2023-05-28 02:57:13,42,W+7.5,4,True,False,False,,-1,41.3772,0
2023-05-28 02:58:01,97,W+1.5,7,True,False,False,,-1,41.7151,0
2023-05-28 02:58:10,20,W+7.5,2,True,False,False,,-1,40.9842,0
2023-05-28 02:59:16,114,W+2.5,9,True,False,False,,-1,41.5475,0
2023-05-28 02:59:30,32,W+7.5,2,True,False,False,,-1,41.0012,0
2023-05-28 03:00:29,108,B+4.5,9,True,False,False,,-1,40.9007,0
2023-05-28 03:00:40,24,W+6.5,3,True,False,False,,-1,40.8879,0
2023-05-28 03:01:03,46,W+6.5,2,True,False,False,,-1,40.7912,0
2023-05-28 03:01:12,26,W+7.5,2,True,False,False,,-1,40.6719,0
2023-05-28 03:01:21,26,W+7.5,2,True,False,False,,-1,40.4554,0
2023-05-28 03:01:34,28,W+4.5,2,True,False,False,,-1,39.9521,0
2023-05-28 03:01:56,48,W+6.5,2,True,False,False,,-1,39.3304,0
2023-05-28 03:02:19,52,W+6.5,3,True,False,False,,-1,39.4812,0
2023-05-28 03:02:42,46,W+8.5,3,True,False,False,,-1,39.0206,0
2023-05-28 03:03:32,98,B+3.5,13,True,False,False,,-1,39.4019,0
2023-05-28 03:04:29,107,B+1.5,9,True,False,False,,-1,38.9837,0
2023-05-28 03:04:47,48,W+4.5,5,True,False,False,,-1,38.5362,0
2023-05-28 03:05:41,94,B+7.5,5,True,False,False,,-1,38.7995,0
2023-05-28 03:06:41,106,B+2.5,9,True,False,False,,-1,39.2739,0
2023-05-28 03:07:19,72,W+0.5,10,True,False,False,,-1,39.0934,0
2023-05-28 03:07:51,65,B+2.5,6,True,False,False,,-1,39.1237,0
2023-05-28 03:08:37,94,B+1.5,10,True,False,False,,-1,39.2752,0
2023-05-28 03:08:49,26,W+7.5,2,True,False,False,,-1,38.7106,0
2023-05-28 03:10:02,123,B+9.5,13,True,False,False,,-1,39.2598,0
2023-05-28 03:10:19,40,W+7.5,2,True,False,False,,-1,38.7922,0
2023-05-28 03:11:32,125,B+5.5,16,True,False,False,,-1,39.0489,0
2023-05-28 03:11:45,30,W+7.5,2,True,False,False,,-1,38.4506,0
2023-05-28 03:12:04,42,W+5.5,2,True,False,False,,-1,38.4369,0
2023-05-28 03:12:37,70,W+7.5,2,True,False,False,,-1,38.1437,0
2023-05-28 03:13:11,71,B+2.5,5,True,False,False,,-1,37.9764,0
2023-05-28 03:14:23,126,B+4.5,14,True,False,False,,-1,38.1378,0
2023-05-28 03:14:48,54,W+10.5,3,True,False,False,,-1,38.1191,0
2023-05-28 03:14:59,28,W+7.5,2,True,False,False,,-1,38.0693,0
2023-05-28 03:15:20,46,W+3.5,2,True,False,False,,-1,38.0378,0
2023-05-28 03:15:33,32,W+7.5,2,True,False,False,,-1,37.93,0
2023-05-28 03:15:46,40,W+8.5,2,True,False,False,,-1,37.6626,0
2023-05-28 03:16:31,108,B+0.5,8,True,False,False,,-1,37.6875,0
2023-05-28 03:16:39,20,W+7.5,2,True,False,False,,-1,37.3958,0
2023-05-28 03:17:37,101,B+4.5,8,True,False,False,,-1,37.7867,0
2023-05-28 03:19:00,162,B+33.5,16,True,False,False,,-1,38.461,0
2023-05-28 03:19:17,36,W+5.5,4,True,False,False,,-1,38.4416,0
2023-05-28 03:20:08,111,W+0.5,12,True,False,False,,-1,38.3473,0
2023-05-28 03:20:27,42,W+5.5,4,True,False,False,,-1,38.1985,0
2023-05-28 03:20:58,62,W+7.5,2,True,False,False,,-1,37.5513,0
2023-05-28 03:21:53,100,B+0.5,10,True,False,False,,-1,37.9552,0
2023-05-28 03:22:03,24,W+7.5,2,True,False,False,,-1,37.5187,0
2023-05-28 03:22:35,62,W+6.5,5,True,False,False,,-1,37.2627,0
2023-05-28 03:23:08,64,W+7.5,4,True,False,False,,-1,37.2086,0
2023-05-28 03:24:09,109,B+9.5,9,True,False,False,,-1,36.8387,0
2023-05-28 03:25:51,162,W+15.5,7,True,False,False,,-1,37.6293,0
2023-05-28 03:26:43,99,B+24.5,7,True,False,False,,-1,37.579,0
2023-05-28 03:27:13,60,W+6.5,3,True,False,False,,-1,37.6859,0
2023-05-28 03:27:26,28,W+7.5,2,True,False,False,,-1,37.7,0
2023-05-28 03:28:43,146,B+4.5,19,True,False,False,,-1,37.484,0
2023-05-28 03:30:18,162,W+33.5,11,True,False,False,,-1,38.0334,0
2023-05-28 03:30:30,28,W+6.5,2,True,False,False,,-1,37.6643,0
2023-05-28 03:31:41,130,B+1.5,10,True,False,False,,-1,37.8019,0
2023-05-28 03:31:54,36,W+6.5,2,True,False,False,,-1,37.2392,0
2023-05-28 03:32:30,73,B+10.5,5,True,False,False,,-1,37.1131,0
2023-05-28 03:32:40,22,W+7.5,3,True,False,False,,-1,37.1248,0
2023-05-28 03:33:18,78,W+3.5,4,True,False,False,,-1,37.4592,0
2023-05-28 03:34:46,144,W+2.5,22,True,False,False,,-1,37.7638,0
2023-05-28 03:34:54,20,W+8.5,2,True,False,False,,-1,37.7638,0
2023-05-28 03:35:05,24,W+8.5,2,True,False,False,,-1,37.2071,0
2023-05-28 03:35:23,38,W+8.5,2,True,False,False,,-1,36.6534,0
2023-05-28 03:36:19,99,W+6.5,9,True,False,False,,-1,36.6441,0
2023-05-28 03:36:44,52,W+5.5,2,True,False,False,,-1,36.7701,0
2023-05-28 03:37:17,66,W+1.5,2,True,False,False,,-1,36.9686,0
2023-05-28 03:37:51,64,W+0.5,2,True,False,False,,-1,37.0721,0
2023-05-28 03:38:14,48,W+9.5,2,True,False,False,,-1,36.6012,0
2023-05-28 03:38:35,46,W+10.5,2,True,False,False,,-1,36.7238,0
2023-05-28 03:39:37,109,W+1.5,14,True,False,False,,-1,36.6408,0
2023-05-28 03:41:57,121,W+2.5,16,True,False,False,,-1,36.9696,1000
2023-05-28 03:42:54,117,W+0.5,13,True,False,False,,-1,36.8561,1000
2023-05-28 03:43:56,123,W+1.5,22,True,False,False,,-1,37.3072,1000
2023-05-28 03:45:08,128,B+0.5,16,True,False,False,,-1,37.3435,1000
2023-05-28 03:46:11,118,B+0.5,14,True,False,False,,-1,37.6842,1000
2023-05-28 03:46:56,96,W+18.5,12,True,False,False,,-1,37.8413,1000
2023-05-28 03:48:07,132,B+10.5,24,True,False,False,,-1,37.8699,1000
2023-05-28 03:49:10,150,B+0.5,25,True,False,False,,-1,37.8197,1000
2023-05-28 03:50:12,129,W+1.5,19,True,False,False,,-1,37.7714,1000
2023-05-28 03:51:10,110,B+0.5,14,True,False,False,,-1,38.2418,1000
2023-05-28 03:52:01,104,B+0.5,15,True,False,False,,-1,38.6055,1000
2023-05-28 03:52:48,96,B+1.5,11,True,False,False,,-1,38.1504,1000
2023-05-28 03:54:04,162,W+7.5,29,True,False,False,,-1,38.5464,1000
2023-05-28 03:55:15,134,B+3.5,17,True,False,False,,-1,39.1113,1000
2023-05-28 03:56:27,135,W+2.5,24,True,False,False,,-1,39.4572,1000
2023-05-28 03:57:40,161,W+4.5,15,True,False,False,,-1,39.7727,1000
2023-05-28 03:58:51,154,B+2.5,25,True,False,False,,-1,40.3323,1000
2023-05-28 03:59:52,121,W+3.5,19,True,False,False,,-1,40.6846,1000
2023-05-28 04:00:51,118,B+2.5,20,True,False,False,,-1,40.6344,1000
2023-05-28 04:01:59,139,W+5.5,20,True,False,False,,-1,41.061,1000
2023-05-28 04:03:06,142,B+0.5,22,True,False,False,,-1,41.1722,1000
2023-05-28 04:04:16,162,W+5.5,27,True,False,False,,-1,41.7495,1000
2023-05-28 04:05:30,156,B+0.5,19,True,False,False,,-1,42.3931,1000
2023-05-28 04:06:23,109,W+0.5,15,True,False,False,,-1,42.7051,1000
2023-05-28 04:07:31,125,W+2.5,19,True,False,False,,-1,42.9704,1000
2023-05-28 04:08:48,162,W+0.5,8,True,False,False,,-1,42.904,1000
2023-05-28 04:09:46,133,W+0.5,12,True,False,False,,-1,43.3404,1000
2023-05-28 04:10:37,104,B+0.5,11,True,False,False,,-1,43.6444,1000
2023-05-28 04:11:54,145,W+0.5,34,True,False,False,,-1,43.9416,1000
2023-05-28 04:12:52,110,B+1.5,13,True,False,False,,-1,44.4281,1000
2023-05-28 04:13:38,106,B+0.5,13,True,False,False,,-1,44.2301,1000
2023-05-28 04:15:00,154,B+0.5,24,True,False,False,,-1,44.9118,1000
2023-05-28 04:16:04,127,W+1.5,22,True,False,False,,-1,44.9526,1000
2023-05-28 04:16:54,112,B+0.5,15,True,False,False,,-1,45.3501,1000
2023-05-28 04:17:43,100,B+3.5,12,True,False,False,,-1,45.6148,1000
2023-05-28 04:18:38,123,W+0.5,14,True,False,False,,-1,46.0788,1000
2023-05-28 04:19:50,131,W+1.5,22,True,False,False,,-1,46.7015,1000
2023-05-28 04:20:53,125,W+1.5,25,True,False,False,,-1,47.1926,1000
2023-05-28 04:21:52,119,B+2.5,14,True,False,False,,-1,47.573,1000
2023-05-28 04:22:51,127,W+1.5,16,True,False,False,,-1,47.9343,1000
2023-05-28 04:24:08,162,W+3.5,22,True,False,False,,-1,48.4752,1000
2023-05-28 04:25:00,102,B+1.5,10,True,False,False,,-1,48.4868,1000
2023-05-28 04:25:57,111,W+1.5,18,True,False,False,,-1,48.4915,1000
2023-05-28 04:26:52,110,B+0.5,14,True,False,False,,-1,48.8667,1000
2023-05-28 04:30:07,150,B+2.5,30,True,False,False,,-1,49.109,2000
2023-05-28 04:31:01,123,B+2.5,20,True,False,False,,-1,49.2756,2000
2023-05-28 04:31:53,114,B+2.5,14,True,False,False,,-1,49.4654,2000
2023-05-28 04:32:44,99,W+3.5,10,True,False,False,,-1,49.5146,2000
2023-05-28 04:34:04,143,W+0.5,27,True,False,False,,-1,50.1979,2000
2023-05-28 04:35:13,114,B+2.5,19,True,False,False,,-1,50.1708,2000
2023-05-28 04:36:05,106,B+5.5,13,True,False,False,,-1,50.5114,2000
2023-05-28 04:37:03,108,B+2.5,10,True,False,False,,-1,50.3625,2000
2023-05-28 04:37:58,99,W+1.5,11,True,False,False,,-1,50.7796,2000
2023-05-28 04:38:48,103,W+4.5,13,True,False,False,,-1,51.0869,2000
2023-05-28 04:39:43,115,W+0.5,19,True,False,False,,-1,51.3132,2000
2023-05-28 04:40:47,127,W+2.5,20,True,False,False,,-1,51.6113,2000
2023-05-28 04:41:54,133,W+3.5,30,True,False,False,,-1,51.5616,2000
2023-05-28 04:42:49,108,B+1.5,9,True,False,False,,-1,51.864,2000
2023-05-28 04:43:44,111,B+3.5,14,True,False,False,,-1,52.2917,2000
2023-05-28 04:44:28,98,B+1.5,6,True,False,False,,-1,52.5325,2000
2023-05-28 04:45:22,119,W+0.5,14,True,False,False,,-1,52.9361,2000
2023-05-28 04:46:28,129,W+2.5,20,True,False,False,,-1,53.4733,2000
2023-05-28 04:47:51,155,W+0.5,28,True,False,False,,-1,53.8477,2000
2023-05-28 04:48:53,119,W+2.5,17,True,False,False,,-1,54.3925,2000
2023-05-28 04:49:58,122,B+1.5,14,True,False,False,,-1,54.4563,2000
2023-05-28 04:51:20,162,B+7.5,20,True,False,False,,-1,54.4489,2000
2023-05-28 04:52:10,96,B+0.5,10,True,False,False,,-1,54.7845,2000
2023-05-28 04:53:00,117,B+0.5,13,True,False,False,,-1,54.7652,2000
2023-05-28 04:53:54,126,B+2.5,12,True,False,False,,-1,55.1239,2000
2023-05-28 04:55:08,139,W+1.5,21,True,False,False,,-1,55.5452,2000
2023-05-28 04:56:10,125,W+0.5,15,True,False,False,,-1,55.6217,2000
2023-05-28 04:57:10,116,B+0.5,16,True,False,False,,-1,56.1225,2000
2023-05-28 04:58:07,110,B+1.5,12,True,False,False,,-1,56.3768,2000
2023-05-28 04:59:01,106,B+2.5,15,True,False,False,,-1,56.5828,2000
2023-05-28 04:59:54,105,W+2.5,15,True,False,False,,-1,56.5001,2000
2023-05-28 05:01:02,128,B+2.5,17,True,False,False,,-1,56.1566,2000
2023-05-28 05:01:46,98,B+0.5,10,True,False,False,,-1,56.0806,2000
2023-05-28 05:02:40,110,B+3.5,14,True,False,False,,-1,56.3165,2000
2023-05-28 05:04:00,159,W+5.5,37,True,False,False,,-1,56.9989,2000
2023-05-28 05:05:05,126,B+1.5,12,True,False,False,,-1,56.8697,2000
2023-05-28 05:05:55,108,B+1.5,18,True,False,False,,-1,56.4147,2000
2023-05-28 05:06:38,81,B+3.5,6,True,False,False,,-1,56.7311,2000
2023-05-28 05:07:33,118,B+1.5,12,True,False,False,,-1,56.5709,2000
2023-05-28 05:08:32,117,W+0.5,14,True,False,False,,-1,57.0382,2000
2023-05-28 05:09:58,162,B+1.5,23,True,False,False,,-1,57.53,2000
2023-05-28 05:10:56,111,W+2.5,16,True,False,False,,-1,58.0169,2000
2023-05-28 05:11:56,114,B+2.5,11,True,False,False,,-1,58.23,2000
2023-05-28 05:12:48,115,W+0.5,18,True,False,False,,-1,57.8695,2000
2023-05-28 05:13:56,134,B+1.5,19,True,False,False,,-1,58.4685,2000
2023-05-28 05:17:15,123,W+1.5,19,True,False,False,,-1,59.6464,3000
2023-05-28 05:18:14,133,B+4.5,29,True,False,False,,-1,59.6704,3000
2023-05-28 05:19:15,117,W+6.5,13,True,False,False,,-1,60.0317,3000
2023-05-28 05:20:05,107,B+3.5,14,True,False,False,,-1,60.2045,3000
2023-05-28 05:20:50,103,W+1.5,13,True,False,False,,-1,60.3135,3000
2023-05-28 05:21:47,133,W+2.5,30,True,False,False,,-1,60.6528,3000
2023-05-28 05:22:40,104,B+2.5,14,True,False,False,,-1,60.9693,3000
2023-05-28 05:23:48,142,B+1.5,29,True,False,False,,-1,61.0238,3000
2023-05-28 05:24:43,108,B+1.5,12,True,False,False,,-1,61.1662,3000
2023-05-28 05:25:31,99,B+1.5,12,True,False,False,,-1,61.0551,3000
2023-05-28 05:26:43,148,B+3.5,22,True,False,False,,-1,61.1967,3000
2023-05-28 05:27:48,136,B+1.5,22,True,False,False,,-1,61.2283,3000
2023-05-28 05:28:47,130,B+3.5,17,True,False,False,,-1,61.1039,3000
2023-05-28 05:29:42,113,B+2.5,9,True,False,False,,-1,61.0205,3000
2023-05-28 05:31:02,162,W+2.5,38,True,False,False,,-1,61.375,3000
2023-05-28 05:32:15,139,W+3.5,27,True,False,False,,-1,61.3934,3000
2023-05-28 05:33:14,128,B+0.5,17,True,False,False,,-1,61.3531,3000
2023-05-28 05:34:25,145,W+1.5,33,True,False,False,,-1,61.4403,3000
2023-05-28 05:35:25,125,W+1.5,20,True,False,False,,-1,61.4596,3000
2023-05-28 05:36:22,113,W+2.5,15,True,False,False,,-1,61.5179,3000
2023-05-28 05:37:13,105,W+0.5,15,True,False,False,,-1,61.5546,3000
2023-05-28 05:38:09,114,B+0.5,15,True,False,False,,-1,61.3613,3000
2023-05-28 05:38:55,93,B+1.5,11,True,False,False,,-1,61.1116,3000
2023-05-28 05:39:52,125,W+0.5,19,True,False,False,,-1,60.9622,3000
2023-05-28 05:40:42,102,B+3.5,11,True,False,False,,-1,60.721,3000
2023-05-28 05:41:45,149,W+1.5,29,True,False,False,,-1,60.6502,3000
2023-05-28 05:43:02,146,B+1.5,24,True,False,False,,-1,60.8069,3000
2023-05-28 05:43:56,98,B+3.5,6,True,False,False,,-1,60.7573,3000
2023-05-28 05:44:54,111,W+0.5,21,True,False,False,,-1,60.6598,3000
2023-05-28 05:45:56,120,B+0.5,16,True,False,False,,-1,60.6123,3000
2023-05-28 05:46:56,119,W+2.5,22,True,False,False,,-1,60.5114,3000
2023-05-28 05:47:45,97,B+2.5,7,True,False,False,,-1,60.2626,3000
2023-05-28 05:48:35,102,B+0.5,10,True,False,False,,-1,60.2328,3000
2023-05-28 05:49:31,114,W+0.5,20,True,False,False,,-1,60.1151,3000
2023-05-28 05:50:45,162,W+0.5,28,True,False,False,,-1,60.0794,3000
2023-05-28 05:51:28,101,W+0.5,10,True,False,False,,-1,59.9345,3000
2023-05-28 05:52:21,105,W+2.5,15,True,False,False,,-1,59.9502,3000
2023-05-28 05:53:40,158,B+6.5,32,True,False,False,,-1,59.9735,3000
2023-05-28 05:54:36,132,W+2.5,26,True,False,False,,-1,59.9552,3000
2023-05-28 05:54:56,46,W+6.5,3,True,False,False,,-1,59.6936,3000
2023-05-28 05:56:02,132,W+2.5,23,True,False,False,,-1,59.5277,3000
2023-05-28 05:56:47,93,B+0.5,9,True,False,False,,-1,59.3394,3000
2023-05-28 05:57:43,118,W+1.5,16,True,False,False,,-1,59.3991,3000
2023-05-28 05:58:50,138,B+1.5,22,True,False,False,,-1,59.5791,3000
2023-05-28 05:59:57,144,B+3.5,30,True,False,False,,-1,59.6908,3000
2023-05-28 06:02:06,120,B+1.5,14,True,False,False,,-1,59.3727,4000
2023-05-28 06:02:39,71,B+1.5,8,True,False,False,,-1,59.1117,4000
2023-05-28 06:03:37,118,B+1.5,13,True,False,False,,-1,59.0977,4000
2023-05-28 06:04:55,162,W+3.5,34,True,False,False,,-1,59.1059,4000
2023-05-28 06:05:43,95,W+0.5,10,True,False,False,,-1,59.0746,4000
2023-05-28 06:06:47,132,B+9.5,15,True,False,False,,-1,59.1421,4000
2023-05-28 06:07:49,145,W+0.5,23,True,False,False,,-1,59.2068,4000
2023-05-28 06:08:54,124,B+2.5,8,True,False,False,,-1,59.2483,4000
2023-05-28 06:09:45,99,B+0.5,9,True,False,False,,-1,58.9817,4000
2023-05-28 06:10:56,155,B+4.5,38,True,False,False,,-1,59.1516,4000
2023-05-28 06:12:01,132,B+3.5,26,True,False,False,,-1,59.2767,4000
2023-05-28 06:12:57,119,W+1.5,12,True,False,False,,-1,59.3339,4000
2023-05-28 06:14:07,126,B+2.5,17,True,False,False,,-1,59.2342,4000
2023-05-28 06:14:53,97,B+1.5,12,True,False,False,,-1,58.9917,4000
2023-05-28 06:15:21,65,B+4.5,12,True,False,False,,-1,58.7578,4000
2023-05-28 06:16:17,111,B+6.5,15,True,False,False,,-1,58.7445,4000
2023-05-28 06:16:27,27,B+9.5,5,True,False,False,,-1,58.2953,4000
2023-05-28 06:17:32,122,B+11.5,18,True,False,False,,-1,58.4409,4000
2023-05-28 06:18:37,128,B+2.5,18,True,False,False,,-1,58.5387,4000
2023-05-28 06:19:41,126,B+6.5,15,True,False,False,,-1,58.5333,4000
2023-05-28 06:20:26,98,B+2.5,8,True,False,False,,-1,58.3233,4000
2023-05-28 06:21:19,104,W+2.5,10,True,False,False,,-1,58.3007,4000
2023-05-28 06:22:34,140,B+5.5,23,True,False,False,,-1,58.5005,4000
2023-05-28 06:23:31,115,W+2.5,15,True,False,False,,-1,58.6323,4000
2023-05-28 06:24:25,102,B+1.5,12,True,False,False,,-1,58.6352,4000
2023-05-28 06:25:23,122,B+1.5,10,True,False,False,,-1,58.5463,4000
2023-05-28 06:26:29,131,B+4.5,11,True,False,False,,-1,58.3811,4000
2023-05-28 06:27:22,119,W+0.5,15,True,False,False,,-1,58.295,4000
2023-05-28 06:28:19,116,B+1.5,12,True,False,False,,-1,58.2154,4000
2023-05-28 06:29:09,107,B+4.5,7,True,False,False,,-1,57.8909,4000
2023-05-28 06:30:04,102,B+0.5,15,True,False,False,,-1,57.9414,4000
2023-05-28 06:30:49,85,B+0.5,6,True,False,False,,-1,57.895,4000
2023-05-28 06:31:57,122,B+3.5,14,True,False,False,,-1,58.0215,4000
2023-05-28 06:32:40,103,W+2.5,7,True,False,False,,-1,57.7271,4000
2023-05-28 06:33:21,83,B+1.5,5,True,False,False,,-1,57.5134,4000
2023-05-28 06:34:28,126,B+5.5,20,True,False,False,,-1,57.575,4000
2023-05-28 06:35:22,110,B+1.5,6,True,False,False,,-1,57.5512,4000
2023-05-28 06:35:52,67,B+4.5,10,True,False,False,,-1,57.3029,4000
2023-05-28 06:36:56,130,B+2.5,18,True,False,False,,-1,57.4175,4000
2023-05-28 06:37:43,95,B+2.5,6,True,False,False,,-1,57.2178,4000
2023-05-28 06:38:36,110,B+0.5,8,True,False,False,,-1,57.2963,4000
2023-05-28 06:39:38,130,B+1.5,16,True,False,False,,-1,57.3836,4000
2023-05-28 06:40:18,83,B+6.5,5,True,False,False,,-1,56.9804,4000
2023-05-28 06:41:36,162,B+1.5,19,True,False,False,,-1,57.1097,4000
2023-05-28 06:42:38,129,W+0.5,19,True,False,False,,-1,57.2315,4000
2023-05-28 06:46:02,142,B+1.5,28,True,False,False,,-1,57.8184,5000
2023-05-28 06:47:11,131,B+1.5,15,True,False,False,,-1,57.9183,5000
2023-05-28 06:47:56,91,B+3.5,6,True,False,False,,-1,57.5108,5000
2023-05-28 06:48:41,91,B+0.5,9,True,False,False,,-1,57.3791,5000
2023-05-28 06:49:36,113,B+0.5,16,True,False,False,,-1,57.3262,5000
2023-05-28 06:51:01,160,B+1.5,38,True,False,False,,-1,57.671,5000
2023-05-28 06:51:22,50,W+2.5,4,True,False,False,,-1,57.1879,5000
2023-05-28 06:52:33,135,W+0.5,21,True,False,False,,-1,57.0915,5000
2023-05-28 06:53:19,99,B+0.5,14,True,False,False,,-1,56.897,5000
2023-05-28 06:54:18,116,B+2.5,19,True,False,False,,-1,56.9048,5000
2023-05-28 06:55:08,93,W+0.5,11,True,False,False,,-1,56.7925,5000
2023-05-28 06:56:17,145,W+1.5,30,True,False,False,,-1,56.9786,5000
2023-05-28 06:57:03,102,B+7.5,9,True,False,False,,-1,56.9919,5000
2023-05-28 06:58:26,159,W+1.5,34,True,False,False,,-1,57.2472,5000
2023-05-28 06:59:21,106,B+4.5,17,True,False,False,,-1,57.2701,5000
2023-05-28 07:00:14,106,B+2.5,11,True,False,False,,-1,57.1216,5000
2023-05-28 07:01:13,119,B+1.5,18,True,False,False,,-1,57.1589,5000
2023-05-28 07:02:03,109,B+0.5,16,True,False,False,,-1,57.1812,5000
2023-05-28 07:02:49,104,B+2.5,12,True,False,False,,-1,56.9226,5000
2023-05-28 07:03:39,103,B+4.5,13,True,False,False,,-1,56.77,5000
2023-05-28 07:04:27,95,B+0.5,10,True,False,False,,-1,56.6615,5000
2023-05-28 07:05:21,106,B+1.5,17,True,False,False,,-1,56.6468,5000
2023-05-28 07:06:20,105,B+1.5,16,True,False,False,,-1,56.4333,5000
2023-05-28 07:07:03,100,B+5.5,6,True,False,False,,-1,56.1418,5000
2023-05-28 07:08:05,123,W+1.5,15,True,False,False,,-1,56.1668,5000
2023-05-28 07:09:12,131,B+1.5,15,True,False,False,,-1,56.1326,5000
2023-05-28 07:10:01,94,B+1.5,7,True,False,False,,-1,56.0227,5000
2023-05-28 07:11:20,162,B+5.5,33,True,False,False,,-1,56.2466,5000
2023-05-28 07:12:15,116,B+2.5,22,True,False,False,,-1,56.2829,5000
2023-05-28 07:13:17,120,B+7.5,13,True,False,False,,-1,56.3364,5000
2023-05-28 07:14:08,116,B+2.5,20,True,False,False,,-1,56.3937,5000
2023-05-28 07:15:36,162,W+4.5,32,True,False,False,,-1,56.7005,5000
2023-05-28 07:15:55,49,B+2.5,3,True,False,False,,-1,56.3946,5000
2023-05-28 07:16:42,92,B+0.5,10,True,False,False,,-1,56.2298,5000
2023-05-28 07:17:04,51,B+2.5,4,True,False,False,,-1,55.6869,5000
2023-05-28 07:18:10,122,B+3.5,24,True,False,False,,-1,55.8035,5000
2023-05-28 07:18:41,79,B+0.5,6,True,False,False,,-1,55.5326,5000
2023-05-28 07:19:20,87,B+1.5,10,True,False,False,,-1,55.3,5000
2023-05-28 07:20:45,156,B+4.5,22,True,False,False,,-1,55.5453,5000
2023-05-28 07:21:52,134,B+4.5,26,True,False,False,,-1,55.7281,5000
2023-05-28 07:22:35,100,B+1.5,11,True,False,False,,-1,55.6603,5000
2023-05-28 07:23:16,89,B+0.5,11,True,False,False,,-1,55.5066,5000
2023-05-28 07:24:21,123,B+1.5,16,True,False,False,,-1,55.4202,5000
2023-05-28 07:25:18,114,B+4.5,19,True,False,False,,-1,55.5538,5000
2023-05-28 07:26:18,131,W+1.5,30,True,False,False,,-1,55.6333,5000
2023-05-28 07:28:25,112,W+0.5,9,True,False,False,,-1,55.3671,6000
2023-05-28 07:29:20,113,W+2.5,21,True,False,False,,-1,55.7152,6000
2023-05-28 07:30:15,112,B+3.5,9,True,False,False,,-1,55.6084,6000
2023-05-28 07:31:19,142,B+4.5,33,True,False,False,,-1,55.806,6000
2023-05-28 07:32:32,155,W+1.5,30,True,False,False,,-1,55.9735,6000
2023-05-28 07:33:30,130,B+3.5,21,True,False,False,,-1,55.8852,6000
2023-05-28 07:34:03,71,B+3.5,12,True,False,False,,-1,55.5458,6000
2023-05-28 07:34:27,61,B+3.5,13,True,False,False,,-1,55.2833,6000
2023-05-28 07:35:06,83,B+1.5,18,True,False,False,,-1,55.1485,6000
2023-05-28 07:36:02,125,B+2.5,24,True,False,False,,-1,55.3777,6000
2023-05-28 07:36:51,101,W+2.5,12,True,False,False,,-1,55.2896,6000
2023-05-28 07:37:40,106,B+0.5,15,True,False,False,,-1,55.0009,6000
2023-05-28 07:38:58,149,W+2.5,27,True,False,False,,-1,55.3016,6000
2023-05-28 07:39:51,124,B+2.5,28,True,False,False,,-1,55.1875,6000
2023-05-28 07:40:35,111,B+0.5,18,True,False,False,,-1,55.0119,6000
2023-05-28 07:41:37,129,B+0.5,19,True,False,False,,-1,54.9796,6000
2023-05-28 07:42:11,80,B+0.5,5,True,False,False,,-1,54.8159,6000
2023-05-28 07:43:24,162,B+0.5,26,True,False,False,,-1,54.8213,6000
2023-05-28 07:44:12,105,B+1.5,19,True,False,False,,-1,54.6626,6000
2023-05-28 07:45:04,123,B+4.5,15,True,False,False,,-1,54.6163,6000
2023-05-28 07:45:45,89,B+1.5,13,True,False,False,,-1,54.3281,6000
2023-05-28 07:46:22,77,B+0.5,3,True,False,False,,-1,54.2435,6000
2023-05-28 07:47:10,97,B+0.5,14,True,False,False,,-1,54.4431,6000
2023-05-28 07:47:42,73,B+0.5,10,True,False,False,,-1,54.1933,6000
2023-05-28 07:48:23,91,B+1.5,13,True,False,False,,-1,54.5057,6000
2023-05-28 07:49:18,115,B+3.5,19,True,False,False,,-1,54.4128,6000
2023-05-28 07:49:44,59,B+1.5,6,True,False,False,,-1,54.0146,6000
2023-05-28 07:50:39,109,B+1.5,12,True,False,False,,-1,53.9326,6000
2023-05-28 07:51:36,115,B+1.5,22,True,False,False,,-1,54.0414,6000
2023-05-28 07:52:22,89,B+1.5,6,True,False,False,,-1,53.9837,6000
2023-05-28 07:52:49,72,B+9.5,9,True,False,False,,-1,53.5044,6000
2023-05-28 07:53:43,107,B+3.5,12,True,False,False,,-1,53.4636,6000
2023-05-28 07:54:26,84,B+6.5,10,True,False,False,,-1,53.357,6000
2023-05-28 07:54:51,55,B+2.5,3,True,False,False,,-1,53.0363,6000
2023-05-28 07:56:05,162,B+4.5,36,True,False,False,,-1,53.1092,6000
2023-05-28 07:57:00,114,W+2.5,16,True,False,False,,-1,53.1233,6000
2023-05-28 07:57:57,110,B+2.5,18,True,False,False,,-1,53.1324,6000
2023-05-28 07:59:09,162,W+0.5,31,True,False,False,,-1,53.3435,6000
2023-05-28 07:59:36,61,B+0.5,11,True,False,False,,-1,53.0705,6000
2023-05-28 08:00:32,116,B+1.5,13,True,False,False,,-1,53.1796,6000
2023-05-28 08:01:24,113,B+1.5,22,True,False,False,,-1,53.026,6000
2023-05-28 08:02:16,110,B+1.5,21,True,False,False,,-1,53.1111,6000
2023-05-28 08:03:06,111,W+1.5,22,True,False,False,,-1,53.2027,6000
2023-05-28 08:04:58,96,B+R,5,False,False,False,W,-0.88,52.7594,7000
2023-05-28 08:05:52,112,B+R,11,False,False,False,W,-0.88,52.9991,7000
2023-05-28 08:06:33,96,B+R,11,False,False,False,W,-0.88,52.7688,7000
2023-05-28 08:07:24,102,B+R,17,False,False,False,W,-0.88,52.8071,7000
2023-05-28 08:08:09,96,B+R,10,False,False,False,W,-0.88,52.7353,7000
2023-05-28 08:08:40,73,B+3.5,12,False,False,False,,-0.88,52.4142,7000
2023-05-28 08:09:18,86,B+R,7,False,False,False,W,-0.88,52.39,7000
2023-05-28 08:09:50,69,B+2.5,2,False,False,False,,-0.88,51.9388,7000
2023-05-28 08:10:38,104,B+R,10,False,False,False,W,-0.88,51.7982,7000
2023-05-28 08:10:54,43,B+1.5,9,False,False,False,,-0.88,51.1562,7000
2023-05-28 08:11:50,109,B+3.5,16,False,False,False,,-0.88,50.9468,7000
2023-05-28 08:13:04,149,W+R,20,False,False,False,B,-0.88,51.0015,7000
2023-05-28 08:13:30,57,B+2.5,7,False,False,False,,-0.88,50.8033,7000
2023-05-28 08:13:46,37,B+2.5,5,False,False,False,,-0.88,50.5176,7000
2023-05-28 08:14:36,105,B+2.5,21,False,False,False,,-0.88,50.4681,7000
2023-05-28 08:14:59,55,B+4.5,5,False,False,False,,-0.88,49.846,7000
2023-05-28 08:15:47,111,B+0.5,17,True,True,False,W,-0.88,50.1206,7000
2023-05-28 08:16:31,108,B+R,15,False,False,False,W,-0.88,49.8394,7000
2023-05-28 08:17:10,99,W+R,15,False,False,False,B,-0.88,49.7791,7000
2023-05-28 08:18:09,132,B+R,18,False,False,False,W,-0.88,49.7742,7000
2023-05-28 08:18:45,86,B+R,10,False,False,False,W,-0.88,49.6347,7000
2023-05-28 08:19:06,57,B+0.5,11,False,False,False,,-0.88,49.1615,7000
2023-05-28 08:20:15,157,W+R,29,False,False,False,B,-0.88,49.3843,7000
2023-05-28 08:21:04,122,B+R,19,False,False,False,W,-0.88,49.0452,7000
2023-05-28 08:21:32,67,B+0.5,10,False,False,False,,-0.88,48.7784,7000
2023-05-28 08:21:45,47,B+1.5,10,False,False,False,,-0.88,48.3845,7000
2023-05-28 08:22:04,47,B+3.5,5,False,False,False,,-0.88,47.9781,7000
2023-05-28 08:22:48,95,W+R,13,False,False,False,B,-0.88,47.9136,7000
2023-05-28 08:23:12,57,B+0.5,7,True,False,False,,-0.88,47.6983,7000
2023-05-28 08:23:32,55,B+3.5,7,False,False,False,,-0.88,47.3973,7000
2023-05-28 08:23:53,51,B+1.5,11,True,False,False,,-0.88,47.1271,7000
2023-05-28 08:24:40,114,B+R,17,False,False,False,W,-0.88,47.064,7000
2023-05-28 08:25:20,90,B+R,6,False,False,False,W,-0.88,46.8741,7000
2023-05-28 08:26:13,106,B+R,12,False,False,False,W,-0.88,46.9626,7000
2023-05-28 08:26:54,94,B+R,19,False,False,False,W,-0.88,46.7619,7000
2023-05-28 08:27:41,102,B+R,11,False,False,False,W,-0.88,46.5498,7000
2023-05-28 08:28:23,94,B+R,11,False,False,False,W,-0.88,46.4869,7000
2023-05-28 08:28:55,70,W+1.5,10,False,False,False,,-0.88,46.0106,7000
2023-05-28 08:29:40,104,B+R,9,False,False,False,W,-0.88,45.9126,7000
2023-05-28 08:30:21,102,B+R,9,False,False,False,W,-0.88,45.7087,7000
2023-05-28 08:30:40,47,B+0.5,8,False,False,False,,-0.88,45.3872,7000
2023-05-28 08:31:22,99,W+R,11,False,False,False,B,-0.88,44.921,7000
2023-05-28 08:32:12,108,B+R,15,False,False,False,W,-0.88,45.239,7000
2023-05-28 08:32:40,67,B+0.5,10,False,False,False,,-0.88,45.0434,7000
2023-05-28 08:35:25,129,B+1.5,23,False,False,False,,-0.88,45.3995,8000
2023-05-28 08:35:42,48,B+R,3,False,False,False,W,-0.88,45.2579,8000
2023-05-28 08:36:46,162,B+6.5,29,True,True,False,W,-0.88,45.5133,8000
2023-05-28 08:37:38,115,B+2.5,15,False,False,False,,-0.88,45.1863,8000
2023-05-28 08:37:55,42,B+R,4,False,False,False,W,-0.88,44.6864,8000
2023-05-28 08:38:18,58,B+R,6,False,False,False,W,-0.88,44.4775,8000
2023-05-28 08:38:51,86,B+R,15,False,False,False,W,-0.88,44.4056,8000
2023-05-28 08:39:10,47,B+1.5,6,False,False,False,,-0.88,43.9424,8000
2023-05-28 08:39:26,46,B+R,6,False,False,False,W,-0.88,43.5353,8000
2023-05-28 08:40:18,134,B+R,14,False,False,False,W,-0.88,43.4466,8000
2023-05-28 08:41:26,155,W+R,18,False,False,False,B,-0.88,43.5904,8000
2023-05-28 08:41:45,52,B+R,2,False,False,False,W,-0.88,43.2399,8000
2023-05-28 08:42:28,103,W+R,17,False,False,False,B,-0.88,43.1193,8000
2023-05-28 08:42:47,64,B+R,6,False,False,False,W,-0.88,42.7597,8000
2023-05-28 08:43:03,42,B+R,4,False,False,False,W,-0.88,42.2659,8000
2023-05-28 08:43:47,102,B+R,11,False,False,False,W,-0.88,41.9821,8000
2023-05-28 08:44:00,42,B+R,5,False,False,False,W,-0.88,41.5267,8000
2023-05-28 08:44:43,95,W+R,10,False,False,False,B,-0.88,41.6277,8000
2023-05-28 08:44:57,42,B+R,4,False,False,False,W,-0.88,41.5299,8000
2023-05-28 08:45:17,55,B+0.5,10,False,False,False,,-0.88,41.3491,8000
2023-05-28 08:45:31,42,B+R,5,False,False,False,W,-0.88,40.923,8000
2023-05-28 08:46:03,83,B+7.5,16,False,False,False,,-0.88,40.7514,8000
2023-05-28 08:46:28,60,B+R,4,False,False,False,W,-0.88,40.5118,8000
2023-05-28 08:46:41,42,B+R,9,False,False,False,W,-0.88,39.8555,8000
2023-05-28 08:47:03,68,B+R,10,False,False,False,W,-0.88,39.5497,8000
2023-05-28 08:47:20,47,B+1.5,7,False,False,False,,-0.88,39.287,8000
2023-05-28 08:48:26,154,B+R,27,False,False,False,W,-0.88,39.3239,8000
2023-05-28 08:48:47,54,B+R,5,False,False,False,W,-0.88,39.1869,8000
2023-05-28 08:49:09,58,B+R,9,False,False,False,W,-0.88,38.6818,8000
2023-05-28 08:49:35,70,B+R,11,False,False,False,W,-0.88,38.4584,8000
2023-05-28 08:49:52,48,B+R,6,False,False,False,W,-0.88,38.1186,8000
2023-05-28 08:50:40,110,B+R,3,False,False,False,W,-0.88,38.1865,8000
2023-05-28 08:50:54,43,B+1.5,8,True,True,False,W,-0.88,37.9517,8000
2023-05-28 08:51:15,58,B+R,9,False,False,False,W,-0.88,37.6864,8000
2023-05-28 08:51:55,91,W+R,2,False,False,False,B,-0.88,37.7624,8000
2023-05-28 08:52:08,37,B+0.5,4,False,False,False,,-0.88,37.4824,8000
2023-05-28 08:52:23,42,B+R,7,False,False,False,W,-0.88,37.0768,8000
2023-05-28 08:52:38,42,B+R,11,False,False,False,W,-0.88,36.9707,8000
2023-05-28 08:53:05,69,B+5.5,6,False,False,False,,-0.88,36.692,8000
2023-05-28 08:53:36,86,B+R,4,False,False,False,W,-0.88,36.4335,8000
2023-05-28 08:53:55,68,B+R,2,False,False,False,W,-0.88,36.1571,8000
2023-05-28 08:54:37,95,B+0.5,16,False,False,False,,-0.88,36.3141,8000
2023-05-28 08:54:59,54,B+R,5,False,False,False,W,-0.88,35.9949,8000
2023-05-28 08:56:15,48,B+R,4,False,False,False,W,-0.88,35.6184,9000
2023-05-28 08:56:31,42,B+R,2,False,False,False,W,-0.88,35.0392,9000
2023-05-28 08:56:44,42,B+R,8,False,False,False,W,-0.88,34.6293,9000
2023-05-28 08:57:01,42,B+R,4,False,False,False,W,-0.88,34.2235,9000
2023-05-28 08:57:17,42,B+R,6,False,False,False,W,-0.88,33.6625,9000
2023-05-28 08:57:32,42,B+R,1,False,False,False,W,-0.88,33.5403,9000
2023-05-28 08:57:47,42,B+R,8,False,False,False,W,-0.88,33.1315,9000
2023-05-28 08:58:22,81,B+0.5,7,True,False,False,,-0.88,32.9629,9000
2023-05-28 08:58:39,42,B+R,5,False,False,False,W,-0.88,32.6079,9000
2023-05-28 08:58:53,42,B+R,7,False,False,False,W,-0.88,32.2546,9000
2023-05-28 08:59:40,98,B+R,7,False,False,False,W,-0.88,32.3984,9000
2023-05-28 08:59:54,42,B+R,7,False,False,False,W,-0.88,32.0917,9000
2023-05-28 09:00:20,68,B+R,8,False,False,False,W,-0.88,31.819,9000
2023-05-28 09:00:35,42,B+R,8,False,False,False,W,-0.88,31.5512,9000
2023-05-28 09:00:53,50,B+R,4,False,False,False,W,-0.88,31.2244,9000
2023-05-28 09:01:10,42,B+R,0,False,False,False,W,-0.88,30.9377,9000
2023-05-28 09:01:24,42,B+R,0,False,False,False,W,-0.88,30.775,9000
2023-05-28 09:01:39,42,B+R,6,False,False,False,W,-0.88,30.55,9000
2023-05-28 09:02:16,83,B+0.5,6,False,False,False,,-0.88,30.592,9000
2023-05-28 09:02:30,42,B+R,5,False,False,False,W,-0.88,30.2572,9000
2023-05-28 09:02:45,42,B+R,10,False,False,False,W,-0.88,30.237,9000
2023-05-28 09:02:59,42,B+R,5,False,False,False,W,-0.88,29.8319,9000
2023-05-28 09:03:13,42,B+R,8,False,False,False,W,-0.88,29.2195,9000
2023-05-28 09:03:29,45,B+1.5,8,False,False,False,,-0.88,29.1311,9000
2023-05-28 09:03:44,42,B+R,3,False,False,False,W,-0.88,29.1129,9000
2023-05-28 09:03:59,42,B+R,5,False,False,False,W,-0.88,28.7618,9000
2023-05-28 09:04:14,42,B+R,3,False,False,False,W,-0.88,28.686,9000
2023-05-28 09:04:39,73,B+0.5,15,True,True,False,W,-0.88,28.4578,9000
2023-05-28 09:04:55,45,B+0.5,5,False,False,False,,-0.88,28.1721,9000
2023-05-28 09:05:13,58,B+R,6,False,False,False,W,-0.88,27.9675,9000
2023-05-28 09:05:30,46,B+R,0,False,False,False,W,-0.88,27.548,9000
2023-05-28 09:05:58,74,B+R,9,False,False,False,W,-0.88,27.4663,9000
2023-05-28 09:06:14,48,B+R,3,False,False,False,W,-0.88,27.408,9000
2023-05-28 09:06:32,59,B+2.5,11,False,False,False,,-0.88,26.9079,9000
2023-05-28 09:06:51,50,B+R,6,False,False,False,W,-0.88,26.611,9000
2023-05-28 09:07:11,59,B+5.5,11,True,True,False,W,-0.88,26.5215,9000
2023-05-28 09:07:26,46,B+R,6,False,False,False,W,-0.88,26.5351,9000
2023-05-28 09:07:39,42,B+R,7,False,False,False,W,-0.88,26.4898,9000
2023-05-28 09:08:20,94,B+R,5,False,False,False,W,-0.88,26.4507,9000
2023-05-28 09:08:36,42,B+R,3,False,False,False,W,-0.88,26.371,9000
2023-05-28 09:08:51,42,B+R,6,False,False,False,W,-0.88,26.3266,9000
2023-05-28 09:09:08,51,B+2.5,5,False,False,False,,-0.88,26.281,9000
2023-05-28 09:09:24,42,B+R,2,False,False,False,W,-0.88,25.9736,9000
2023-05-28 09:09:42,46,B+R,3,False,False,False,W,-0.88,25.7508,9000
2023-05-28 09:09:59,42,B+R,1,False,False,False,W,-0.88,25.4005,9000
2023-05-28 09:10:15,42,B+R,1,False,False,False,W,-0.88,25.1432,9000
2023-05-28 09:10:31,44,B+R,1,False,False,False,W,-0.88,24.8368,9000
2023-05-28 09:10:49,52,B+R,4,False,False,False,W,-0.88,24.595,9000
2023-05-28 09:11:06,53,B+5.5,13,True,True,False,W,-0.88,24.4508,9000
2023-05-28 09:12:20,42,B+R,0,False,False,False,W,-0.88,23.8873,10000
2023-05-28 09:12:43,72,W+4.5,12,False,False,False,,-0.88,23.9252,10000
2023-05-28 09:13:12,86,W+0.5,7,True,True,True,W,-0.88,23.7993,10000
2023-05-28 09:13:58,111,W+2.5,21,True,True,False,B,-0.88,23.7544,10000
2023-05-28 09:14:12,42,B+R,0,False,False,False,W,-0.88,23.6262,10000
2023-05-28 09:14:28,42,B+R,5,False,False,False,W,-0.88,23.0607,10000
2023-05-28 09:15:31,162,W+0.5,31,True,True,False,B,-0.88,23.1725,10000
2023-05-28 09:15:50,58,B+R,0,False,False,False,W,-0.88,23.1962,10000
2023-05-28 09:16:07,52,B+R,2,False,False,False,W,-0.88,22.7225,10000
2023-05-28 09:16:40,87,W+R,1,False,False,False,B,-0.88,22.5354,10000
2023-05-28 09:17:20,101,W+2.5,10,True,True,False,B,-0.88,22.7612,10000
2023-05-28 09:17:35,42,B+R,0,False,False,False,W,-0.88,22.6892,10000
2023-05-28 09:18:13,90,B+R,5,False,False,False,W,-0.88,22.7295,10000
2023-05-28 09:18:47,89,W+R,2,False,False,False,B,-0.88,22.8896,10000
2023-05-28 09:19:01,42,B+R,3,False,False,False,W,-0.88,22.8689,10000
2023-05-28 09:19:38,109,W+2.5,18,True,True,True,W,-0.88,22.7203,10000
2023-05-28 09:19:56,46,B+R,0,False,False,False,W,-0.88,22.2125,10000
2023-05-28 09:20:34,87,W+R,10,False,False,False,B,-0.88,22.4035,10000
2023-05-28 09:20:49,42,B+R,5,False,False,False,W,-0.88,22.1252,10000
2023-05-28 09:21:03,42,B+R,2,False,False,False,W,-0.88,22.0744,10000
2023-05-28 09:21:31,72,B+R,5,False,False,False,W,-0.88,22.1973,10000
2023-05-28 09:22:25,162,W+8.5,17,False,False,False,,-0.88,22.291,10000
2023-05-28 09:22:59,85,W+R,2,False,False,False,B,-0.88,22.5036,10000
2023-05-28 09:23:15,42,B+R,0,False,False,False,W,-0.88,22.2352,10000
2023-05-28 09:24:08,157,W+R,27,False,False,False,B,-0.88,22.6228,10000
2023-05-28 09:24:24,42,B+R,0,False,False,False,W,-0.88,22.5814,10000
2023-05-28 09:24:39,42,B+R,0,False,False,False,W,-0.88,22.5909,10000
2023-05-28 09:24:53,42,B+R,7,False,False,False,W,-0.88,22.4171,10000
2023-05-28 09:25:08,42,B+R,5,False,False,False,W,-0.88,22.3118,10000
2023-05-28 09:25:51,105,W+R,5,False,False,False,B,-0.88,22.6178,10000
2023-05-28 09:26:06,42,B+R,0,False,False,False,W,-0.88,22.5475,10000
2023-05-28 09:26:51,113,W+R,11,False,False,False,B,-0.88,22.8197,10000
2023-05-28 09:27:13,71,B+0.5,3,False,False,False,,-0.88,22.3872,10000
2023-05-28 09:27:26,42,B+R,0,False,False,False,W,-0.88,22.3096,10000
2023-05-28 09:28:10,103,W+R,7,False,False,False,B,-0.88,22.525,10000
2023-05-28 09:28:42,78,B+R,9,False,False,False,W,-0.88,22.5869,10000
2023-05-28 09:28:56,42,B+R,0,False,False,False,W,-0.88,22.5525,10000
2023-05-28 09:29:35,95,W+R,2,False,False,False,B,-0.88,22.4669,10000
2023-05-28 09:30:09,87,W+R,2,False,False,False,B,-0.88,22.6667,10000
2023-05-28 09:30:41,89,W+R,9,False,False,False,B,-0.88,22.7724,10000
2023-05-28 09:30:56,42,B+R,2,False,False,False,W,-0.88,22.5293,10000
2023-05-28 09:31:34,94,B+R,6,False,False,False,W,-0.88,22.7773,10000
2023-05-28 09:31:50,42,B+R,2,False,False,False,W,-0.88,22.7822,10000
2023-05-28 09:32:06,42,B+R,4,False,False,False,W,-0.88,22.7941,10000
2023-05-28 09:34:00,42,B+R,7,False,False,False,W,-0.88,22.7825,11000
2023-05-28 09:34:23,65,B+2.5,5,False,False,False,,-0.88,22.823,11000
2023-05-28 09:34:35,42,B+R,7,False,False,False,W,-0.88,22.512,11000
2023-05-28 09:35:02,79,B+1.5,11,False,False,False,,-0.88,22.5702,11000
2023-05-28 09:35:15,42,B+R,6,False,False,False,W,-0.88,22.5648,11000
2023-05-28 09:35:46,81,W+R,1,False,False,False,B,-0.88,22.6973,11000
2023-05-28 09:36:12,97,B+5.5,17,False,False,False,,-0.88,22.8031,11000
2023-05-28 09:36:47,92,B+R,5,False,False,False,W,-0.88,23.0165,11000
2023-05-28 09:37:01,42,B+R,7,False,False,False,W,-0.88,22.9821,11000
2023-05-28 09:37:16,42,B+R,5,False,False,False,W,-0.88,22.9777,11000
2023-05-28 09:37:58,113,W+R,7,False,False,False,B,-0.88,23.243,11000
2023-05-28 09:38:18,55,B+2.5,6,False,False,False,,-0.88,23.3045,11000
2023-05-28 09:38:47,74,B+R,0,False,False,False,W,-0.88,23.2398,11000
2023-05-28 09:39:36,121,W+1.5,23,True,True,False,B,-0.88,23.5542,11000
2023-05-28 09:40:25,135,W+R,27,False,False,False,B,-0.88,23.9076,11000
2023-05-28 09:40:44,54,B+R,5,False,False,False,W,-0.88,23.6288,11000
2023-05-28 09:40:57,42,B+R,5,False,False,False,W,-0.88,23.6183,11000
2023-05-28 09:41:12,42,B+R,5,False,False,False,W,-0.88,23.5051,11000
2023-05-28 09:41:53,104,B+R,5,False,False,False,W,-0.88,23.7718,11000
2023-05-28 09:42:39,161,W+R,35,False,False,False,B,-0.88,24.05,11000
2023-05-28 09:43:34,132,B+R,28,False,False,False,W,-0.88,24.4315,11000
2023-05-28 09:44:12,93,W+R,9,False,False,False,B,-0.88,24.6656,11000
2023-05-28 09:44:27,42,B+R,4,False,False,False,W,-0.88,24.6675,11000
2023-05-28 09:45:07,103,W+1.5,9,True,True,False,B,-0.88,24.7005,11000
2023-05-28 09:45:43,94,B+R,6,False,False,False,W,-0.88,24.9128,11000
2023-05-28 09:46:28,124,B+1.5,22,True,True,False,W,-0.88,25.2216,11000
2023-05-28 09:46:44,42,B+R,3,False,False,False,W,-0.88,25.2305,11000
2023-05-28 09:47:31,114,B+2.5,19,True,True,False,W,-0.88,25.5674,11000
2023-05-28 09:48:04,92,B+R,5,False,False,False,W,-0.88,25.7335,11000
2023-05-28 09:48:18,42,B+R,4,False,False,False,W,-0.88,25.7299,11000
2023-05-28 09:48:39,57,B+2.5,6,True,True,False,W,-0.88,25.787,11000
2023-05-28 09:48:53,42,B+R,4,False,False,False,W,-0.88,25.7756,11000
2023-05-28 09:49:21,75,W+R,3,False,False,False,B,-0.88,25.8042,11000
2023-05-28 09:49:40,63,B+3.5,7,False,False,False,,-0.88,25.8462,11000
2023-05-28 09:49:58,55,B+0.5,9,True,True,False,W,-0.88,25.8312,11000
2023-05-28 09:50:11,42,B+R,4,False,False,False,W,-0.88,25.7945,11000
2023-05-28 09:50:48,92,B+R,11,False,False,False,W,-0.88,25.8859,11000
2023-05-28 09:51:06,48,B+R,6,False,False,False,W,-0.88,25.9086,11000
2023-05-28 09:51:19,42,B+R,4,False,False,False,W,-0.88,25.8518,11000
2023-05-28 09:51:33,42,B+R,1,False,False,False,W,-0.88,25.8041,11000
2023-05-28 09:51:52,63,B+0.5,5,False,False,False,,-0.88,25.7978,11000
2023-05-28 09:52:04,42,B+R,4,False,False,False,W,-0.88,25.7771,11000
2023-05-28 09:52:15,42,B+R,8,False,False,False,W,-0.88,25.7481,11000
2023-05-28 09:53:12,131,W+R,21,False,False,False,B,-0.88,25.9152,11000
2023-05-28 09:53:28,47,B+1.5,9,True,True,False,W,-0.88,25.9159,11000
2023-05-28 09:55:36,81,W+R,2,False,False,False,B,-0.88,26.3647,12000
2023-05-28 09:56:06,88,B+R,5,False,False,False,W,-0.88,26.5012,12000
2023-05-28 09:56:22,44,B+R,0,False,False,False,W,-0.88,26.487,12000
2023-05-28 09:57:19,157,W+R,10,False,False,False,B,-0.88,26.8845,12000
2023-05-28 09:57:45,72,B+R,0,False,False,False,W,-0.88,26.987,12000
2023-05-28 09:58:36,117,W+R,12,False,False,False,B,-0.88,27.3356,12000
2023-05-28 09:59:15,96,W+2.5,9,False,False,False,,-0.88,27.5419,12000
2023-05-28 09:59:39,69,W+R,0,False,False,False,B,-0.88,27.6197,12000
2023-05-28 10:00:16,100,B+R,5,False,False,False,W,-0.88,27.8539,12000
2023-05-28 10:00:47,82,B+R,1,False,False,False,W,-0.88,27.9941,12000
2023-05-28 10:01:31,103,W+2.5,8,True,True,False,B,-0.88,28.2092,12000
2023-05-28 10:02:18,105,W+R,11,False,False,False,B,-0.88,28.3823,12000
2023-05-28 10:02:34,52,B+R,5,False,False,False,W,-0.88,28.0918,12000
2023-05-28 10:03:09,93,W+R,0,False,False,False,B,-0.88,28.2889,12000
2023-05-28 10:04:17,152,B+5.5,27,True,True,False,W,-0.88,28.8178,12000
2023-05-28 10:04:42,71,W+R,4,False,False,False,B,-0.88,28.4318,12000
2023-05-28 10:05:24,97,W+R,3,False,False,False,B,-0.88,28.6656,12000
2023-05-28 10:05:52,82,B+R,1,False,False,False,W,-0.88,28.7796,12000
2023-05-28 10:06:17,74,W+7.5,2,False,False,False,,-0.88,28.6909,12000
2023-05-28 10:06:45,73,W+R,0,False,False,False,B,-0.88,28.5691,12000
2023-05-28 10:07:01,49,W+R,0,False,False,False,B,-0.88,28.5845,12000
2023-05-28 10:07:28,79,W+R,5,False,False,False,B,-0.88,28.4797,12000
2023-05-28 10:07:58,72,B+R,1,False,False,False,W,-0.88,28.4296,12000
2023-05-28 10:08:22,78,B+R,0,False,False,False,W,-0.88,28.5331,12000
2023-05-28 10:09:01,89,W+R,0,False,False,False,B,-0.88,28.5481,12000
2023-05-28 10:09:16,42,B+R,5,False,False,False,W,-0.88,28.5267,12000
2023-05-28 10:09:32,42,B+R,0,False,False,False,W,-0.88,28.3005,12000
2023-05-28 10:10:13,96,B+R,2,False,False,False,W,-0.88,28.5601,12000
2023-05-28 10:10:47,86,B+R,1,False,False,False,W,-0.88,28.7643,12000
2023-05-28 10:11:18,80,B+R,4,False,False,False,W,-0.88,28.7967,12000
2023-05-28 10:12:09,161,W+R,23,False,False,False,B,-0.88,28.7715,12000
2023-05-28 10:12:37,78,W+0.5,3,True,False,False,,-0.88,28.7035,12000
2023-05-28 10:13:22,109,W+R,6,False,False,False,B,-0.88,29.0004,12000
2023-05-28 10:13:38,42,B+R,3,False,False,False,W,-0.88,28.6217,12000
2023-05-28 10:14:09,75,W+R,4,False,False,False,B,-0.88,28.7772,12000
2023-05-28 10:14:46,94,W+2.5,7,False,False,False,,-0.88,29.0018,12000
2023-05-28 10:15:21,82,B+R,9,False,False,False,W,-0.88,29.196,12000
2023-05-28 10:15:35,42,B+R,6,False,False,False,W,-0.88,29.1973,12000
2023-05-28 10:16:32,161,W+R,23,False,False,False,B,-0.88,29.3365,12000
2023-05-28 10:17:07,84,B+R,2,False,False,False,W,-0.88,29.5311,12000
2023-05-28 10:17:50,115,W+R,16,False,False,False,B,-0.88,29.5147,12000
2023-05-28 10:18:52,162,B+0.5,4,True,True,False,W,-0.88,29.9082,12000
2023-05-28 10:19:46,161,W+R,24,False,False,False,B,-0.88,30.3154,12000
2023-05-28 10:21:46,80,B+R,0,False,False,False,W,-0.88,30.264,13000
2023-05-28 10:22:04,56,B+R,1,False,False,False,W,-0.88,30.2983,13000
2023-05-28 10:22:53,127,W+R,11,False,False,False,B,-0.88,30.3973,13000
2023-05-28 10:23:37,105,W+R,11,False,False,False,B,-0.88,30.5072,13000
2023-05-28 10:24:18,99,W+R,12,False,False,False,B,-0.88,30.5974,13000
2023-05-28 10:25:00,96,B+R,1,False,False,False,W,-0.88,30.8587,13000
2023-05-28 10:25:34,89,W+R,9,False,False,False,B,-0.88,30.8238,13000
2023-05-28 10:26:18,99,W+R,18,False,False,False,B,-0.88,31.1068,13000
2023-05-28 10:27:08,123,W+R,21,False,False,False,B,-0.88,31.4494,13000
2023-05-28 10:28:08,162,W+0.5,24,False,False,False,,-0.88,31.6156,13000
2023-05-28 10:29:05,129,W+2.5,20,True,True,False,B,-0.88,32.0494,13000
2023-05-28 10:29:52,111,W+1.5,13,True,True,False,B,-0.88,32.2886,13000
2023-05-28 10:30:45,111,W+R,12,False,False,False,B,-0.88,32.7088,13000
2023-05-28 10:31:48,132,B+R,17,False,False,False,W,-0.88,33.0555,13000
2023-05-28 10:32:49,132,W+0.5,17,False,False,False,,-0.88,33.5377,13000
2023-05-28 10:33:29,99,W+R,6,False,False,False,B,-0.88,33.6372,13000
2023-05-28 10:34:10,99,W+R,12,False,False,False,B,-0.88,33.7802,13000
2023-05-28 10:34:47,85,W+R,8,False,False,False,B,-0.88,33.8043,13000
2023-05-28 10:35:16,82,B+R,2,False,False,False,W,-0.88,33.9511,13000
2023-05-28 10:36:16,132,B+R,12,False,False,False,W,-0.88,34.4091,13000
2023-05-28 10:37:07,115,W+R,9,False,False,False,B,-0.88,34.4964,13000
2023-05-28 10:38:06,161,W+R,3,False,False,False,B,-0.88,34.8744,13000
2023-05-28 10:38:53,115,W+R,13,False,False,False,B,-0.88,35.0585,13000
2023-05-28 10:39:31,91,W+R,8,False,False,False,B,-0.88,34.9555,13000
2023-05-28 10:40:14,93,W+R,8,False,False,False,B,-0.88,34.885,13000
2023-05-28 10:40:59,95,W+R,9,False,False,False,B,-0.88,35.1493,13000
2023-05-28 10:41:38,96,B+3.5,8,True,True,False,W,-0.88,35.4073,13000
2023-05-28 10:42:22,92,B+R,3,False,False,False,W,-0.88,35.7022,13000
2023-05-28 10:43:04,103,W+R,8,False,False,False,B,-0.88,35.7111,13000
2023-05-28 10:43:51,115,W+1.5,23,True,True,False,B,-0.88,35.7183,13000
2023-05-28 10:44:29,86,B+R,2,False,False,False,W,-0.88,35.5478,13000
2023-05-28 10:45:05,88,B+R,5,False,False,False,W,-0.88,35.5359,13000
2023-05-28 10:45:19,42,B+R,4,False,False,False,W,-0.88,35.5151,13000
2023-05-28 10:45:44,70,B+R,1,False,False,False,W,-0.88,35.3715,13000
2023-05-28 10:46:43,161,W+R,2,False,False,False,B,-0.88,35.6046,13000
2023-05-28 10:47:15,85,W+R,2,False,False,False,B,-0.88,35.4716,13000
2023-05-28 10:47:56,107,W+R,8,False,False,False,B,-0.88,35.7259,13000
2023-05-28 10:48:17,55,B+2.5,5,False,False,False,,-0.88,35.461,13000
2023-05-28 10:49:01,161,W+R,25,False,False,False,B,-0.88,35.5691,13000
2023-05-28 10:49:15,39,B+0.5,8,False,False,False,,-0.88,35.5706,13000
2023-05-28 10:50:07,113,W+R,7,False,False,False,B,-0.88,35.8864,13000
2023-05-28 10:50:40,80,W+0.5,3,False,False,False,,-0.88,36.0698,13000
2023-05-28 10:52:32,79,W+R,2,False,False,False,B,-0.88,36.3919,14000
2023-05-28 10:53:14,105,W+R,1,False,False,False,B,-0.88,36.6371,14000
2023-05-28 10:53:53,103,W+R,8,False,False,False,B,-0.88,36.8972,14000
2023-05-28 10:54:39,101,W+R,9,False,False,False,B,-0.88,36.9904,14000
2023-05-28 10:54:53,46,B+R,4,False,False,False,W,-0.88,36.9458,14000
2023-05-28 10:55:13,58,B+R,4,False,False,False,W,-0.88,37.0169,14000
2023-05-28 10:55:56,112,B+0.5,7,True,True,False,W,-0.88,37.3097,14000
2023-05-28 10:56:37,101,W+R,10,False,False,False,B,-0.88,37.5305,14000
2023-05-28 10:57:09,83,W+R,1,False,False,False,B,-0.88,37.7217,14000
2023-05-28 10:57:32,65,W+R,0,False,False,False,B,-0.88,37.8461,14000
2023-05-28 10:58:10,95,B+0.5,9,False,False,False,,-0.88,37.6501,14000
2023-05-28 10:58:31,80,B+R,0,False,False,False,W,-0.88,37.7,14000
2023-05-28 10:59:04,86,B+R,1,False,False,False,W,-0.88,37.5534,14000
2023-05-28 10:59:19,44,B+R,2,False,False,False,W,-0.88,37.4119,14000
2023-05-28 10:59:59,95,W+R,3,False,False,False,B,-0.88,37.5086,14000
2023-05-28 11:00:30,85,W+R,1,False,False,False,B,-0.88,37.6526,14000
2023-05-28 11:01:08,96,B+R,3,False,False,False,W,-0.88,37.4599,14000
2023-05-28 11:01:49,99,W+R,10,False,False,False,B,-0.88,37.618,14000
2023-05-28 11:02:06,46,B+R,2,False,False,False,W,-0.88,37.2829,14000
2023-05-28 11:02:25,54,B+R,2,False,False,False,W,-0.88,37.0836,14000
2023-05-28 11:03:01,92,B+R,2,False,False,False,W,-0.88,37.19,14000
2023-05-28 11:03:29,75,W+R,0,False,False,False,B,-0.88,37.1059,14000
2023-05-28 11:04:13,108,B+R,8,False,False,False,W,-0.88,37.231,14000
2023-05-28 11:04:51,89,W+R,3,False,False,False,B,-0.88,37.1707,14000
2023-05-28 11:05:22,90,B+R,2,False,False,False,W,-0.88,37.0154,14000
2023-05-28 11:06:00,95,W+R,5,False,False,False,B,-0.88,37.2283,14000
2023-05-28 11:06:34,85,W+R,2,False,False,False,B,-0.88,37.2257,14000
2023-05-28 11:07:25,136,B+1.5,10,True,True,False,W,-0.88,37.0539,14000
2023-05-28 11:07:51,72,B+R,3,False,False,False,W,-0.88,37.0728,14000
2023-05-28 11:08:28,101,W+0.5,6,True,True,False,B,-0.88,37.0165,14000
2023-05-28 11:08:59,82,B+R,2,False,False,False,W,-0.88,37.0471,14000
2023-05-28 11:09:46,111,W+R,21,False,False,False,B,-0.88,37.2635,14000
2023-05-28 11:10:37,144,B+R,19,False,False,False,W,-0.88,37.4968,14000
2023-05-28 11:11:12,91,W+R,4,False,False,False,B,-0.88,37.6858,14000
2023-05-28 11:12:15,140,B+4.5,20,True,True,False,W,-0.88,38.045,14000
2023-05-28 11:13:07,127,W+R,16,False,False,False,B,-0.88,38.2664,14000
2023-05-28 11:13:42,80,B+R,2,False,False,False,W,-0.88,38.3726,14000
2023-05-28 11:14:22,102,W+3.5,9,False,False,False,,-0.88,38.3911,14000
2023-05-28 11:14:54,91,W+R,10,False,False,False,B,-0.88,38.5511,14000
2023-05-28 11:15:39,110,B+R,5,False,False,False,W,-0.88,38.8448,14000
2023-05-28 11:16:14,88,B+R,1,False,False,False,W,-0.88,38.7871,14000
2023-05-28 11:16:50,89,B+2.5,5,False,False,False,,-0.88,38.7997,14000
2023-05-28 11:17:35,118,B+1.5,12,True,True,False,W,-0.88,38.9417,14000
2023-05-28 11:18:00,67,W+R,0,False,False,False,B,-0.88,38.6801,14000
2023-05-28 11:18:49,123,W+3.5,24,True,True,False,B,-0.88,38.9003,14000
2023-05-28 11:20:51,94,B+R,5,False,False,False,W,-0.88,39.0983,15000
2023-05-28 11:21:11,56,B+R,0,False,False,False,W,-0.88,38.98,15000
2023-05-28 11:21:37,75,W+R,5,False,False,False,B,-0.88,38.8676,15000
2023-05-28 11:22:10,88,B+8.5,9,True,True,False,W,-0.88,38.8568,15000
2023-05-28 11:22:25,42,B+R,5,False,False,False,W,-0.88,38.8633,15000
2023-05-28 11:22:52,85,W+R,4,False,False,False,B,-0.88,38.5615,15000
2023-05-28 11:23:35,99,B+1.5,9,False,False,False,,-0.88,38.6418,15000
2023-05-28 11:24:17,157,W+R,30,False,False,False,B,-0.88,38.6248,15000
2023-05-28 11:25:06,157,W+R,20,False,False,False,B,-0.88,38.5018,15000
2023-05-28 11:25:40,85,W+R,2,False,False,False,B,-0.88,38.3014,15000
2023-05-28 11:25:54,42,B+R,5,False,False,False,W,-0.88,38.0535,15000
2023-05-28 11:26:25,79,W+R,4,False,False,False,B,-0.88,38.0509,15000
2023-05-28 11:27:04,95,W+R,5,False,False,False,B,-0.88,38.2682,15000
2023-05-28 11:27:44,96,B+R,9,False,False,False,W,-0.88,38.1724,15000
2023-05-28 11:28:06,62,B+R,5,False,False,False,W,-0.88,37.9483,15000
2023-05-28 11:28:19,42,B+R,7,False,False,False,W,-0.88,37.6674,15000
2023-05-28 11:28:34,42,B+R,6,False,False,False,W,-0.88,37.4035,15000
2023-05-28 11:29:21,147,W+R,21,False,False,False,B,-0.88,37.5246,15000
2023-05-28 11:29:57,89,W+R,3,False,False,False,B,-0.88,37.4468,15000
2023-05-28 11:30:32,81,W+R,0,False,False,False,B,-0.88,37.2993,15000
2023-05-28 11:30:48,42,B+R,2,False,False,False,W,-0.88,36.8539,15000
2023-05-28 11:31:40,125,W+0.5,19,True,True,False,B,-0.88,36.811,15000
2023-05-28 11:32:03,66,B+R,0,False,False,False,W,-0.88,36.5716,15000
2023-05-28 11:32:38,82,B+R,0,False,False,False,W,-0.88,36.3828,15000
2023-05-28 11:33:09,86,B+R,3,False,False,False,W,-0.88,36.0771,15000
2023-05-28 11:33:51,96,B+R,2,False,False,False,W,-0.88,35.8734,15000
2023-05-28 11:34:05,42,B+R,2,False,False,False,W,-0.88,35.6195,15000
2023-05-28 11:34:25,62,B+R,2,False,False,False,W,-0.88,35.408,15000
2023-05-28 11:35:12,118,B+3.5,13,True,True,False,W,-0.88,35.5089,15000
2023-05-28 11:35:30,48,B+R,1,False,False,False,W,-0.88,35.3989,15000
2023-05-28 11:36:02,76,B+R,5,False,False,False,W,-0.88,35.1195,15000
2023-05-28 11:36:18,42,B+R,2,False,False,False,W,-0.88,34.7636,15000
2023-05-28 11:36:57,95,W+R,6,False,False,False,B,-0.88,34.5681,15000
2023-05-28 11:37:28,94,B+R,5,False,False,False,W,-0.88,34.4045,15000
2023-05-28 11:38:05,87,W+R,4,False,False,False,B,-0.88,34.3968,15000
2023-05-28 11:38:48,106,B+R,11,False,False,False,W,-0.88,34.4008,15000
2023-05-28 11:39:27,97,W+R,5,False,False,False,B,-0.88,34.3405,15000
2023-05-28 11:39:53,75,W+R,5,False,False,False,B,-0.88,34.2116,15000
2023-05-28 11:40:08,42,B+R,2,False,False,False,W,-0.88,33.9218,15000
2023-05-28 11:40:59,116,B+R,7,False,False,False,W,-0.88,34.01,15000
2023-05-28 11:41:20,50,B+R,2,False,False,False,W,-0.88,33.7493,15000
2023-05-28 11:42:02,93,W+R,4,False,False,False,B,-0.88,33.7862,15000
2023-05-28 11:42:31,88,B+R,2,False,False,False,W,-0.88,33.7209,15000
2023-05-28 11:43:00,86,B+R,5,False,False,False,W,-0.88,33.8696,15000
2023-05-28 11:43:41,97,W+R,6,False,False,False,B,-0.88,34.0261,15000
2023-05-28 11:44:10,82,B+R,5,False,False,False,W,-0.88,33.7318,15000
2023-05-28 11:44:24,42,B+R,2,False,False,False,W,-0.88,33.5476,15000
2023-05-28 11:45:00,87,W+R,1,False,False,False,B,-0.88,33.4964,15000
2023-05-28 11:45:27,76,B+R,0,False,False,False,W,-0.88,33.5592,15000
2023-05-28 11:45:59,82,B+R,1,False,False,False,W,-0.88,33.442,15000
2023-05-28 11:48:04,78,B+R,3,False,False,False,W,-0.88,33.6015,16000
2023-05-28 11:48:34,79,W+R,4,False,False,False,B,-0.88,33.565,16000
2023-05-28 11:49:21,109,W+R,6,False,False,False,B,-0.88,33.5377,16000
2023-05-28 11:49:57,100,B+R,7,False,False,False,W,-0.88,33.6078,16000
2023-05-28 11:50:41,103,W+R,8,False,False,False,B,-0.88,33.6278,16000
2023-05-28 11:51:11,75,W+R,4,False,False,False,B,-0.88,33.5282,16000
2023-05-28 11:51:47,85,W+R,3,False,False,False,B,-0.88,33.4347,16000
2023-05-28 11:52:06,57,W+R,1,False,False,False,B,-0.88,33.4832,16000
2023-05-28 11:52:32,87,W+R,6,False,False,False,B,-0.88,33.5475,16000
2023-05-28 11:53:06,89,W+R,4,False,False,False,B,-0.88,33.4501,16000
2023-05-28 11:53:40,83,W+R,5,False,False,False,B,-0.88,33.3784,16000
2023-05-28 11:54:44,159,W+R,36,False,False,False,B,-0.88,33.7001,16000
2023-05-28 11:55:16,85,W+R,1,False,False,False,B,-0.88,33.7842,16000
2023-05-28 11:55:58,102,B+R,2,False,False,False,W,-0.88,33.8382,16000
2023-05-28 11:56:35,90,B+R,4,False,False,False,W,-0.88,33.9935,16000
2023-05-28 11:57:10,98,B+1.5,5,True,True,False,W,-0.88,34.0172,16000
2023-05-28 11:57:43,81,W+R,0,False,False,False,B,-0.88,34.1904,16000
2023-05-28 11:58:07,63,W+R,0,False,False,False,B,-0.88,34.034,16000
2023-05-28 11:58:23,52,B+R,4,False,False,False,W,-0.88,33.8844,16000
2023-05-28 11:59:08,105,W+R,7,False,False,False,B,-0.88,33.9541,16000
2023-05-28 11:59:47,98,B+R,6,False,False,False,W,-0.88,33.9342,16000
2023-05-28 12:00:18,81,W+R,2,False,False,False,B,-0.88,34.0731,16000
2023-05-28 12:01:20,139,W+R,22,False,False,False,B,-0.88,34.5011,16000
2023-05-28 12:01:53,89,W+R,8,False,False,False,B,-0.88,34.4775,16000
2023-05-28 12:02:38,96,B+R,9,False,False,False,W,-0.88,34.646,16000
2023-05-28 12:03:03,70,B+R,0,False,False,False,W,-0.88,34.4601,16000
2023-05-28 12:03:44,108,B+3.5,13,True,True,False,W,-0.88,34.4849,16000
2023-05-28 12:04:14,80,B+R,8,False,False,False,W,-0.88,34.4805,16000
2023-05-28 12:04:30,46,B+R,0,False,False,False,W,-0.88,34.2549,16000
2023-05-28 12:05:10,97,W+R,9,False,False,False,B,-0.88,34.3133,16000
2023-05-28 12:06:07,133,W+R,17,False,False,False,B,-0.88,34.3743,16000
2023-05-28 12:06:22,42,B+R,2,False,False,False,W,-0.88,34.2648,16000
2023-05-28 12:07:04,100,B+R,2,False,False,False,W,-0.88,34.3157,16000
2023-05-28 12:07:25,57,W+R,0,False,False,False,B,-0.88,34.2041,16000
2023-05-28 12:07:57,79,W+R,1,False,False,False,B,-0.88,34.0646,16000
2023-05-28 12:08:34,92,B+R,4,False,False,False,W,-0.88,33.9225,16000
2023-05-28 12:09:00,76,B+R,0,False,False,False,W,-0.88,33.826,16000
2023-05-28 12:09:29,66,B+R,0,False,False,False,W,-0.88,33.4915,16000
2023-05-28 12:10:01,79,W+R,1,False,False,False,B,-0.88,33.2886,16000
2023-05-28 12:10:42,95,W+R,8,False,False,False,B,-0.88,33.3482,16000
2023-05-28 12:11:14,84,B+R,0,False,False,False,W,-0.88,33.2692,16000
2023-05-28 12:11:58,106,B+R,5,False,False,False,W,-0.88,33.3915,16000
2023-05-28 12:12:25,70,B+R,1,False,False,False,W,-0.88,33.2173,16000
2023-05-28 12:13:28,137,W+R,15,False,False,False,B,-0.88,33.487,16000
2023-05-28 12:13:48,58,B+R,3,False,False,False,W,-0.88,33.3356,16000
2023-05-28 12:14:47,138,B+2.5,23,True,True,False,W,-0.88,33.478,16000
2023-05-28 12:15:28,103,W+R,15,False,False,False,B,-0.88,33.6383,16000
2023-05-28 12:16:48,53,B+1.5,6,False,False,False,,-0.88,33.0866,17000
2023-05-28 12:17:22,78,B+R,5,False,False,False,W,-0.88,33.0682,17000
2023-05-28 12:17:55,76,B+R,5,False,False,False,W,-0.88,33.2067,17000
2023-05-28 12:18:49,126,B+R,12,False,False,False,W,-0.88,33.4778,17000
2023-05-28 12:19:21,87,W+R,7,False,False,False,B,-0.88,33.4707,17000
2023-05-28 12:20:02,106,B+R,13,False,False,False,W,-0.88,33.7266,17000
2023-05-28 12:20:31,106,B+R,11,False,False,False,W,-0.88,33.7511,17000
2023-05-28 12:21:13,94,B+R,7,False,False,False,W,-0.88,33.7489,17000
2023-05-28 12:21:55,93,W+R,7,False,False,False,B,-0.88,33.7446,17000
2023-05-28 12:22:31,86,B+R,5,False,False,False,W,-0.88,33.6174,17000
2023-05-28 12:23:06,87,W+R,9,False,False,False,B,-0.88,33.633,17000
2023-05-28 12:23:50,107,W+4.5,13,True,True,False,B,-0.88,33.9254,17000
2023-05-28 12:24:25,94,B+R,7,False,False,False,W,-0.88,33.9686,17000
2023-05-28 12:25:28,133,W+R,18,False,False,False,B,-0.88,34.2039,17000
2023-05-28 12:26:17,161,W+R,22,False,False,False,B,-0.88,34.2966,17000
2023-05-28 12:27:05,133,W+R,14,False,False,False,B,-0.88,34.5542,17000
2023-05-28 12:27:53,103,W+R,7,False,False,False,B,-0.88,34.9015,17000
2023-05-28 12:28:27,84,B+R,2,False,False,False,W,-0.88,35.0897,17000
2023-05-28 12:29:11,103,W+R,15,False,False,False,B,-0.88,35.0649,17000
2023-05-28 12:29:55,105,W+R,9,False,False,False,B,-0.88,35.1479,17000
2023-05-28 12:30:42,159,W+R,25,False,False,False,B,-0.88,35.26,17000
2023-05-28 12:31:14,80,B+R,1,False,False,False,W,-0.88,35.4271,17000
2023-05-28 12:31:54,98,B+R,5,False,False,False,W,-0.88,35.2996,17000
2023-05-28 12:32:35,97,W+R,17,False,False,False,B,-0.88,35.4847,17000
2023-05-28 12:33:11,77,B+0.5,4,False,False,False,,-0.88,35.4924,17000
2023-05-28 12:33:36,73,W+R,3,False,False,False,B,-0.88,35.4336,17000
2023-05-28 12:34:10,87,W+R,3,False,False,False,B,-0.88,35.3613,17000
2023-05-28 12:34:51,105,W+0.5,15,True,True,False,B,-0.88,35.6204,17000
2023-05-28 12:35:22,82,B+R,4,False,False,False,W,-0.88,35.7371,17000
2023-05-28 12:36:06,100,B+R,3,False,False,False,W,-0.88,35.7037,17000
2023-05-28 12:36:46,99,W+0.5,14,True,True,False,B,-0.88,35.9249,17000
2023-05-28 12:37:13,67,W+R,1,False,False,False,B,-0.88,35.8653,17000
2023-05-28 12:38:05,138,B+R,16,False,False,False,W,-0.88,36.2389,17000
2023-05-28 12:38:44,88,B+R,5,False,False,False,W,-0.88,36.2396,17000
2023-05-28 12:39:25,99,W+R,9,False,False,False,B,-0.88,36.3345,17000
2023-05-28 12:40:08,115,W+R,8,False,False,False,B,-0.88,36.3909,17000
2023-05-28 12:40:52,115,W+0.5,15,True,True,False,B,-0.88,36.4046,17000
2023-05-28 12:41:40,102,B+R,9,False,False,False,W,-0.88,36.4941,17000
2023-05-28 12:42:28,161,W+R,35,False,False,False,B,-0.88,36.7171,17000
2023-05-28 12:42:55,82,B+R,3,False,False,False,W,-0.88,36.8345,17000
2023-05-28 12:43:30,86,B+R,3,False,False,False,W,-0.88,36.6737,17000
2023-05-28 12:44:18,99,W+R,10,False,False,False,B,-0.88,36.9421,17000
2023-05-28 12:44:58,96,B+R,9,False,False,False,W,-0.88,36.9254,17000
2023-05-28 12:45:30,80,B+R,2,False,False,False,W,-0.88,36.946,17000
2023-05-28 12:47:38,123,W+R,14,False,False,False,B,-0.88,37.1627,18000
2023-05-28 12:48:08,77,W+R,4,False,False,False,B,-0.88,37.1655,18000
2023-05-28 12:48:45,87,B+2.5,10,False,False,False,,-0.88,37.4005,18000
2023-05-28 12:49:27,104,B+R,4,False,False,False,W,-0.88,37.4684,18000
2023-05-28 12:49:59,77,B+4.5,2,False,False,False,,-0.88,37.5153,18000
2023-05-28 12:50:39,97,W+R,7,False,False,False,B,-0.88,37.5935,18000
2023-05-28 12:50:54,47,B+0.5,12,True,True,False,W,-0.88,37.2243,18000
2023-05-28 12:51:28,91,B+0.5,10,False,False,False,,-0.88,37.2569,18000
2023-05-28 12:51:58,83,W+R,7,False,False,False,B,-0.88,37.2613,18000
2023-05-28 12:52:37,101,B+0.5,14,True,False,False,,-0.88,37.1838,18000
2023-05-28 12:53:10,80,B+R,2,False,False,False,W,-0.88,37.1496,18000
2023-05-28 12:53:23,37,B+0.5,4,False,False,False,,-0.88,36.8392,18000
2023-05-28 12:54:10,159,W+R,23,False,False,False,B,-0.88,37.0175,18000
2023-05-28 12:54:51,109,W+7.5,19,True,True,False,B,-0.88,37.0606,18000
2023-05-28 12:55:35,161,W+R,23,False,False,False,B,-0.88,37.3114,18000
2023-05-28 12:56:04,75,W+R,3,False,False,False,B,-0.88,37.3465,18000
2023-05-28 12:56:52,117,W+R,12,False,False,False,B,-0.88,37.4829,18000
2023-05-28 12:57:29,81,B+3.5,7,True,False,False,,-0.88,37.5139,18000
2023-05-28 12:57:53,68,B+R,9,False,False,False,W,-0.88,37.1209,18000
2023-05-28 12:58:37,111,B+1.5,12,True,True,False,W,-0.88,37.2382,18000
2023-05-28 12:59:11,80,B+R,1,False,False,False,W,-0.88,37.1542,18000
2023-05-28 12:59:53,105,B+1.5,12,False,False,False,,-0.88,37.209,18000
2023-05-28 13:00:47,147,W+R,30,False,False,False,B,-0.88,37.3924,18000
2023-05-28 13:01:32,112,B+R,9,False,False,False,W,-0.88,37.5165,18000
2023-05-28 13:02:28,144,B+R,28,False,False,False,W,-0.88,37.8303,18000
2023-05-28 13:02:51,59,B+2.5,7,False,False,False,,-0.88,37.9092,18000
2023-05-28 13:03:30,102,B+R,6,False,False,False,W,-0.88,37.8508,18000
2023-05-28 13:04:09,87,W+R,4,False,False,False,B,-0.88,37.8366,18000
2023-05-28 13:04:43,87,W+R,7,False,False,False,B,-0.88,37.8639,18000
2023-05-28 13:05:00,47,B+2.5,9,True,False,False,,-0.88,37.4203,18000
2023-05-28 13:06:06,162,W+8.5,23,True,True,False,B,-0.88,37.7528,18000
2023-05-28 13:06:49,104,B+R,3,False,False,False,W,-0.88,37.7292,18000
2023-05-28 13:07:21,87,B+1.5,9,False,False,False,,-0.88,37.8045,18000
2023-05-28 13:08:11,115,W+R,12,False,False,False,B,-0.88,37.8922,18000
2023-05-28 13:08:39,80,B+R,0,False,False,False,W,-0.88,37.8711,18000
2023-05-28 13:08:57,53,B+2.5,8,False,False,False,,-0.88,37.8937,18000
2023-05-28 13:09:56,132,B+R,18,False,False,False,W,-0.88,38.0845,18000
2023-05-28 13:10:38,100,B+R,8,False,False,False,W,-0.88,37.9349,18000
2023-05-28 13:11:25,104,B+R,11,False,False,False,W,-0.88,38.2444,18000
2023-05-28 13:12:05,105,W+R,19,False,False,False,B,-0.88,38.2285,18000
2023-05-28 13:12:46,98,B+R,3,False,False,False,W,-0.88,38.44,18000
2023-05-28 13:13:38,115,W+R,15,False,False,False,B,-0.88,38.6375,18000
2023-05-28 13:14:27,118,B+1.5,13,True,True,False,W,-0.88,38.76,18000
2023-05-28 13:15:17,162,B+R,20,False,False,False,W,-0.88,38.9927,18000
2023-05-28 13:15:51,87,W+R,8,False,False,False,B,-0.88,39.042,18000
2023-05-28 13:17:56,112,B+R,15,False,False,False,W,-0.88,39.1515,19000
2023-05-28 13:18:30,86,W+3.5,4,False,False,False,,-0.88,39.1643,19000
2023-05-28 13:19:12,162,W+18.5,25,True,True,False,B,-0.88,39.1481,19000
2023-05-28 13:19:43,84,B+R,3,False,False,False,W,-0.88,39.1858,19000
2023-05-28 13:20:06,75,W+R,4,False,False,False,B,-0.88,38.7854,19000
2023-05-28 13:20:51,118,B+R,15,False,False,False,W,-0.88,39.0326,19000
2023-05-28 13:21:19,79,W+R,6,False,False,False,B,-0.88,38.7264,19000
2023-05-28 13:21:49,91,W+R,8,False,False,False,B,-0.88,38.6094,19000
2023-05-28 13:22:21,85,W+R,7,False,False,False,B,-0.88,38.7395,19000
2023-05-28 13:22:57,88,B+R,3,False,False,False,W,-0.88,38.9004,19000
2023-05-28 13:23:39,103,W+R,9,False,False,False,B,-0.88,38.9836,19000
2023-05-28 13:24:09,91,W+2.5,6,True,True,False,B,-0.88,38.9486,19000
2023-05-28 13:24:41,85,W+R,5,False,False,False,B,-0.88,38.7292,19000
2023-05-28 13:25:15,95,W+0.5,9,True,True,False,B,-0.88,38.7544,19000
2023-05-28 13:25:48,87,W+R,11,False,False,False,B,-0.88,38.6728,19000
2023-05-28 13:26:24,97,B+2.5,9,False,False,False,,-0.88,38.7349,19000
2023-05-28 13:26:53,75,B+7.5,2,False,False,False,,-0.88,38.6052,19000
2023-05-28 13:27:40,132,B+R,17,False,False,False,W,-0.88,38.6679,19000
2023-05-28 13:28:43,157,W+R,34,False,False,False,B,-0.88,38.9232,19000
2023-05-28 13:29:01,54,B+R,2,False,False,False,W,-0.88,38.7515,19000
2023-05-28 13:29:17,48,B+R,2,False,False,False,W,-0.88,38.4764,19000
2023-05-28 13:29:47,79,B+9.5,4,False,False,False,,-0.88,38.4248,19000
2023-05-28 13:30:24,102,B+R,5,False,False,False,W,-0.88,38.1612,19000
2023-05-28 13:31:03,93,W+1.5,7,False,False,False,,-0.88,38.0697,19000
2023-05-28 13:31:37,97,W+1.5,7,True,True,False,B,-0.88,37.9233,19000
2023-05-28 13:32:20,103,W+R,11,False,False,False,B,-0.88,37.8762,19000
2023-05-28 13:33:16,161,W+R,26,False,False,False,B,-0.88,38.0986,19000
2023-05-28 13:33:48,83,B+5.5,9,False,False,False,,-0.88,37.9801,19000
2023-05-28 13:34:31,127,W+R,18,False,False,False,B,-0.88,37.9718,19000
2023-05-28 13:35:09,101,W+R,8,False,False,False,B,-0.88,37.8846,19000
2023-05-28 13:35:47,115,W+0.5,23,False,False,False,,-0.88,37.9414,19000
2023-05-28 13:36:08,55,W+R,0,False,False,False,B,-0.88,37.7497,19000
2023-05-28 13:36:40,89,B+0.5,3,True,True,False,W,-0.88,37.6515,19000
2023-05-28 13:37:25,101,W+R,10,False,False,False,B,-0.88,37.7558,19000
2023-05-28 13:37:45,61,W+R,0,False,False,False,B,-0.88,37.6911,19000
2023-05-28 13:38:43,135,W+R,22,False,False,False,B,-0.88,37.9308,19000
2023-05-28 13:39:20,100,B+R,10,False,False,False,W,-0.88,37.8991,19000
2023-05-28 13:40:03,112,B+R,11,False,False,False,W,-0.88,38.0147,19000
2023-05-28 13:40:46,110,W+2.5,19,True,True,False,B,-0.88,38.0085,19000
2023-05-28 13:41:15,67,B+0.5,2,False,False,False,,-0.88,37.9006,19000
2023-05-28 13:42:02,105,W+R,4,False,False,False,B,-0.88,38.0997,19000
2023-05-28 13:43:09,162,W+15.5,36,True,True,False,B,-0.88,38.2425,19000
2023-05-28 13:44:57,65,W+R,1,False,False,False,B,-0.88,38.0417,20000
2023-05-28 13:45:10,49,W+R,0,False,False,False,B,-0.88,37.7507,20000
2023-05-28 13:45:27,44,B+R,0,False,False,False,W,-0.88,37.4731,20000
2023-05-28 13:46:00,89,W+R,3,False,False,False,B,-0.88,37.3221,20000
2023-05-28 13:46:34,87,W+R,8,False,False,False,B,-0.88,37.176,20000
2023-05-28 13:46:53,54,B+R,0,False,False,False,W,-0.88,37.0955,20000
2023-05-28 13:47:36,105,W+R,7,False,False,False,B,-0.88,37.1763,20000
2023-05-28 13:48:00,74,B+R,3,False,False,False,W,-0.88,36.9468,20000
2023-05-28 13:48:35,79,W+R,3,False,False,False,B,-0.88,36.8986,20000
2023-05-28 13:49:02,70,B+R,1,False,False,False,W,-0.88,36.8484,20000
2023-05-28 13:49:38,85,W+R,5,False,False,False,B,-0.88,36.8236,20000
2023-05-28 13:50:22,115,W+0.5,16,True,True,False,B,-0.88,36.7416,20000
2023-05-28 13:50:50,71,W+R,3,False,False,False,B,-0.88,36.7181,20000
2023-05-28 13:51:27,100,B+R,11,False,False,False,W,-0.88,36.717,20000
2023-05-28 13:51:43,42,B+R,0,False,False,False,W,-0.88,36.4435,20000
2023-05-28 13:52:04,55,W+R,0,False,False,False,B,-0.88,36.3375,20000
2023-05-28 13:52:42,94,B+R,10,False,False,False,W,-0.88,36.3204,20000
2023-05-28 13:53:10,72,B+R,0,False,False,False,W,-0.88,36.4513,20000
2023-05-28 13:53:30,60,B+R,0,False,False,False,W,-0.88,36.3124,20000
2023-05-28 13:54:03,98,B+R,5,False,False,False,W,-0.88,36.3501,20000
2023-05-28 13:54:32,72,B+R,1,False,False,False,W,-0.88,36.2405,20000
2023-05-28 13:54:51,47,B+0.5,3,False,False,False,,-0.88,36.0976,20000
2023-05-28 13:55:35,149,W+R,24,False,False,False,B,-0.88,36.4157,20000
2023-05-28 13:55:49,42,B+R,2,False,False,False,W,-0.88,36.0827,20000
2023-05-28 13:56:19,85,W+R,2,False,False,False,B,-0.88,35.9706,20000
2023-05-28 13:56:55,93,W+R,8,False,False,False,B,-0.88,35.8991,20000
2023-05-28 13:57:22,70,B+R,4,False,False,False,W,-0.88,35.8742,20000
2023-05-28 13:58:27,154,B+1.5,29,True,True,True,B,-0.88,36.0434,20000
2023-05-28 13:59:07,104,B+R,5,False,False,False,W,-0.88,36.0752,20000
2023-05-28 13:59:59,155,W+R,23,False,False,False,B,-0.88,36.351,20000
2023-05-28 14:00:28,71,W+R,6,False,False,False,B,-0.88,36.2005,20000
2023-05-28 14:01:07,97,B+1.5,3,False,False,False,,-0.88,36.2477,20000
2023-05-28 14:01:56,159,W+R,30,False,False,False,B,-0.88,36.317,20000
2023-05-28 14:02:36,101,W+R,14,False,False,False,B,-0.88,36.1882,20000
2023-05-28 14:03:12,78,B+R,3,False,False,False,W,-0.88,36.0879,20000
2023-05-28 14:03:54,106,B+R,7,False,False,False,W,-0.88,35.9591,20000
2023-05-28 14:04:33,90,B+R,4,False,False,False,W,-0.88,36.1104,20000
2023-05-28 14:05:14,104,W+0.5,11,True,False,False,,-0.88,36.126,20000
2023-05-28 14:05:44,97,W+R,7,False,False,False,B,-0.88,36.0428,20000
2023-05-28 14:06:29,116,B+1.5,10,True,True,False,W,-0.88,36.1601,20000
2023-05-28 14:07:05,94,B+R,1,False,False,False,W,-0.88,36.3447,20000
2023-05-28 14:07:22,48,B+R,2,False,False,False,W,-0.88,35.8531,20000
2023-05-28 14:07:52,72,B+R,0,False,False,False,W,-0.88,35.7312,20000
2023-05-28 14:08:25,84,B+R,1,False,False,False,W,-0.88,35.732,20000
2023-05-28 14:09:22,141,W+0.5,22,True,True,False,B,-0.88,35.8042,20000
2023-05-28 14:10:02,94,B+R,5,False,False,False,W,-0.88,35.9249,20000
2023-05-28 14:10:31,76,B+R,2,False,False,False,W,-0.88,36.0317,20000
2023-05-28 14:12:11,83,W+R,0,False,False,False,B,-0.88,35.6014,21000
2023-05-28 14:12:49,92,B+R,7,False,False,False,W,-0.88,35.51,21000
2023-05-28 14:13:10,54,B+R,0,False,False,False,W,-0.88,35.3186,21000
2023-05-28 14:13:36,75,W+R,1,False,False,False,B,-0.88,35.162,21000
2023-05-28 14:14:18,111,W+R,9,False,False,False,B,-0.88,35.0622,21000
2023-05-28 14:15:11,132,B+R,13,False,False,False,W,-0.88,35.1034,21000
2023-05-28 14:16:06,127,W+R,11,False,False,False,B,-0.88,35.1575,21000
2023-05-28 14:16:52,106,B+R,14,False,False,False,W,-0.88,35.2759,21000
2023-05-28 14:17:27,90,B+R,2,False,False,False,W,-0.88,35.2456,21000
2023-05-28 14:18:21,118,B+R,7,False,False,False,W,-0.88,35.3321,21000
2023-05-28 14:18:58,116,B+R,10,False,False,False,W,-0.88,35.3737,21000
2023-05-28 14:19:29,85,W+R,7,False,False,False,B,-0.88,35.2521,21000
2023-05-28 14:20:04,82,B+R,4,False,False,False,W,-0.88,35.2922,21000
2023-05-28 14:20:33,84,B+R,4,False,False,False,W,-0.88,35.3609,21000
2023-05-28 14:21:11,91,W+R,11,False,False,False,B,-0.88,35.2897,21000
2023-05-28 14:21:38,72,B+R,0,False,False,False,W,-0.88,35.2714,21000
2023-05-28 14:22:23,105,W+R,10,False,False,False,B,-0.88,35.4278,21000
2023-05-28 14:23:02,93,W+R,3,False,False,False,B,-0.88,35.4961,21000
2023-05-28 14:23:58,137,W+R,22,False,False,False,B,-0.88,35.6935,21000
2023-05-28 14:24:48,162,W+12.5,24,False,False,False,,-0.88,35.7701,21000
2023-05-28 14:25:24,101,W+R,8,False,False,False,B,-0.88,35.8348,21000
2023-05-28 14:25:51,69,B+4.5,3,False,False,False,,-0.88,35.7931,21000
2023-05-28 14:26:17,67,W+R,1,False,False,False,B,-0.88,35.7021,21000
2023-05-28 14:26:49,81,W+R,0,False,False,False,B,-0.88,35.6918,21000
2023-05-28 14:27:30,103,W+R,14,False,False,False,B,-0.88,35.752,21000
2023-05-28 14:27:59,76,B+R,0,False,False,False,W,-0.88,35.7499,21000
2023-05-28 14:28:37,91,W+R,4,False,False,False,B,-0.88,35.6519,21000
2023-05-28 14:29:16,91,W+R,2,False,False,False,B,-0.88,35.4212,21000
2023-05-28 14:29:36,51,W+R,0,False,False,False,B,-0.88,35.4397,21000
2023-05-28 14:30:38,159,W+R,27,False,False,False,B,-0.88,35.9,21000
2023-05-28 14:31:06,75,W+R,0,False,False,False,B,-0.88,35.8809,21000
2023-05-28 14:31:45,82,B+R,2,False,False,False,W,-0.88,35.902,21000
2023-05-28 14:32:26,101,W+R,3,False,False,False,B,-0.88,35.9145,21000
2023-05-28 14:33:01,80,B+R,5,False,False,False,W,-0.88,35.9281,21000
2023-05-28 14:33:33,83,W+R,1,False,False,False,B,-0.88,35.8189,21000
2023-05-28 14:34:26,161,W+R,25,False,False,False,B,-0.88,35.7949,21000
2023-05-28 14:35:00,79,W+R,3,False,False,False,B,-0.88,35.8068,21000
2023-05-28 14:35:47,113,W+2.5,15,True,True,False,B,-0.88,35.8469,21000
2023-05-28 14:36:14,69,B+4.5,2,False,False,False,,-0.88,35.7355,21000
2023-05-28 14:36:51,101,W+R,10,False,False,False,B,-0.88,35.7267,21000
2023-05-28 14:37:27,95,B+2.5,11,False,False,False,,-0.88,35.8773,21000
2023-05-28 14:38:06,94,B+R,9,False,False,False,W,-0.88,35.9541,21000
2023-05-28 14:38:42,91,W+R,3,False,False,False,B,-0.88,35.8543,21000
2023-05-28 14:40:23,51,W+R,0,False,False,False,B,-0.88,35.6529,22000
2023-05-28 14:41:00,97,W+R,10,False,False,False,B,-0.88,35.6498,22000
2023-05-28 14:41:25,66,B+R,1,False,False,False,W,-0.88,35.4698,22000
2023-05-28 14:41:51,67,W+4.5,6,True,True,False,B,-0.88,35.2898,22000
2023-05-28 14:42:26,85,W+R,9,False,False,False,B,-0.88,35.3528,22000
2023-05-28 14:43:02,92,B+R,10,False,False,False,W,-0.88,35.254,22000
2023-05-28 14:43:30,78,B+R,3,False,False,False,W,-0.88,34.8617,22000
2023-05-28 14:44:04,81,W+R,5,False,False,False,B,-0.88,34.8193,22000
2023-05-28 14:44:42,95,W+R,8,False,False,False,B,-0.88,34.9877,22000
2023-05-28 14:45:18,95,W+R,10,False,False,False,B,-0.88,35.2109,22000
2023-05-28 14:45:38,60,B+R,0,False,False,False,W,-0.88,35.2457,22000
2023-05-28 14:46:20,91,W+R,13,False,False,False,B,-0.88,35.3312,22000
2023-05-28 14:46:44,62,B+R,0,False,False,False,W,-0.88,35.2355,22000
2023-05-28 14:47:08,57,W+R,1,False,False,False,B,-0.88,35.2885,22000
2023-05-28 14:47:44,100,B+R,10,False,False,False,W,-0.88,35.2202,22000
2023-05-28 14:48:12,74,B+R,2,False,False,False,W,-0.88,35.2448,22000
2023-05-28 14:48:38,68,B+R,2,False,False,False,W,-0.88,35.1578,22000
2023-05-28 14:49:30,161,W+R,27,False,False,False,B,-0.88,35.4067,22000
2023-05-28 14:50:18,112,B+R,7,False,False,False,W,-0.88,35.5397,22000
2023-05-28 14:50:47,81,B+1.5,3,False,False,False,,-0.88,35.3823,22000
2023-05-28 14:51:22,99,W+R,8,False,False,False,B,-0.88,35.4502,22000
2023-05-28 14:52:10,121,W+R,15,False,False,False,B,-0.88,35.565,22000
2023-05-28 14:52:36,69,W+R,3,False,False,False,B,-0.88,35.6643,22000
2023-05-28 14:53:22,111,W+R,11,False,False,False,B,-0.88,35.9115,22000
2023-05-28 14:53:48,69,W+R,3,False,False,False,B,-0.88,35.7888,22000
2023-05-28 14:54:25,95,W+2.5,11,True,True,False,B,-0.88,35.8814,22000
2023-05-28 14:54:59,87,W+R,10,False,False,False,B,-0.88,36.0219,22000
2023-05-28 14:55:22,59,W+R,0,False,False,False,B,-0.88,35.9187,22000
2023-05-28 14:55:43,57,W+R,0,False,False,False,B,-0.88,35.842,22000
2023-05-28 14:56:16,79,W+R,2,False,False,False,B,-0.88,35.9849,22000
2023-05-28 14:56:34,48,B+R,0,False,False,False,W,-0.88,35.7216,22000
2023-05-28 14:57:18,97,W+R,8,False,False,False,B,-0.88,36.0252,22000
2023-05-28 14:57:52,91,W+R,7,False,False,False,B,-0.88,36.0709,22000
2023-05-28 14:58:32,102,B+1.5,13,True,True,False,W,-0.88,36.0971,22000
2023-05-28 14:59:08,86,B+R,4,False,False,False,W,-0.88,36.1871,22000
2023-05-28 14:59:37,72,B+R,1,False,False,False,W,-0.88,35.8353,22000
2023-05-28 15:00:26,145,W+R,19,False,False,False,B,-0.88,35.9193,22000
2023-05-28 15:00:53,67,B+1.5,5,True,False,False,,-0.88,35.6685,22000
2023-05-28 15:01:20,71,W+R,2,False,False,False,B,-0.88,35.6574,22000
2023-05-28 15:01:38,51,W+R,0,False,False,False,B,-0.88,35.4486,22000
2023-05-28 15:02:19,107,W+R,15,False,False,False,B,-0.88,35.3647,22000
2023-05-28 15:02:52,91,W+R,10,False,False,False,B,-0.88,35.2909,22000
2023-05-28 15:03:27,95,W+R,9,False,False,False,B,-0.88,35.2875,22000
2023-05-28 15:04:03,93,W+R,2,False,False,False,B,-0.88,35.2154,22000
2023-05-28 15:04:35,80,B+R,0,False,False,False,W,-0.88,35.1521,22000
2023-05-28 15:04:53,47,W+R,0,False,False,False,B,-0.88,34.9302,22000
2023-05-28 15:07:19,161,W+R,23,False,False,False,B,-0.88,35.2716,23000
2023-05-28 15:07:57,113,W+R,15,False,False,False,B,-0.88,35.2943,23000
2023-05-28 15:08:32,95,W+R,6,False,False,False,B,-0.88,35.4714,23000
2023-05-28 15:09:03,85,W+R,7,False,False,False,B,-0.88,35.4855,23000
2023-05-28 15:09:24,55,W+R,0,False,False,False,B,-0.88,35.3649,23000
2023-05-28 15:09:54,83,W+R,2,False,False,False,B,-0.88,35.0995,23000
2023-05-28 15:10:34,91,W+R,4,False,False,False,B,-0.88,35.0931,23000
2023-05-28 15:10:57,70,B+R,2,False,False,False,W,-0.88,35.0355,23000
2023-05-28 15:11:37,98,B+R,5,False,False,False,W,-0.88,35.1739,23000
2023-05-28 15:12:25,118,B+R,13,False,False,False,W,-0.88,35.3341,23000
2023-05-28 15:13:19,127,W+R,15,False,False,False,B,-0.88,35.4991,23000
2023-05-28 15:13:55,96,B+R,4,False,False,False,W,-0.88,35.6551,23000
2023-05-28 15:14:30,92,B+R,9,False,False,False,W,-0.88,35.7424,23000
2023-05-28 15:15:00,85,W+R,9,False,False,False,B,-0.88,35.6192,23000
2023-05-28 15:15:25,73,W+R,4,False,False,False,B,-0.88,35.3472,23000
2023-05-28 15:16:00,91,B+1.5,10,False,False,False,,-0.88,35.1427,23000
2023-05-28 15:17:01,161,W+R,32,False,False,False,B,-0.88,35.2969,23000
2023-05-28 15:17:43,100,B+R,3,False,False,False,W,-0.88,35.359,23000
2023-05-28 15:18:38,139,W+R,23,False,False,False,B,-0.88,35.3711,23000
2023-05-28 15:19:29,135,W+R,21,False,False,False,B,-0.88,35.5104,23000
2023-05-28 15:19:52,65,W+R,0,False,False,False,B,-0.88,35.4295,23000
2023-05-28 15:20:31,113,W+5.5,21,True,True,False,B,-0.88,35.4714,23000
2023-05-28 15:21:03,86,B+R,1,False,False,False,W,-0.88,35.4943,23000
2023-05-28 15:21:33,86,B+R,8,False,False,False,W,-0.88,35.4203,23000
2023-05-28 15:22:25,143,B+3.5,26,False,False,False,,-0.88,35.675,23000
2023-05-28 15:22:48,62,B+R,0,False,False,False,W,-0.88,35.4479,23000
2023-05-28 15:23:13,71,W+R,3,False,False,False,B,-0.88,35.3126,23000
2023-05-28 15:23:48,97,W+R,9,False,False,False,B,-0.88,35.1074,23000
2023-05-28 15:24:34,107,W+R,11,False,False,False,B,-0.88,35.0671,23000
2023-05-28 15:25:17,96,B+R,5,False,False,False,W,-0.88,35.1299,23000
2023-05-28 15:25:47,85,W+R,1,False,False,False,B,-0.88,35.1593,23000
2023-05-28 15:26:37,118,B+R,13,False,False,False,W,-0.88,35.4012,23000
2023-05-28 15:26:57,58,B+R,1,False,False,False,W,-0.88,35.2829,23000
2023-05-28 15:27:41,159,W+R,29,False,False,False,B,-0.88,35.3108,23000
2023-05-28 15:28:17,93,W+R,6,False,False,False,B,-0.88,35.3759,23000
2023-05-28 15:29:16,161,W+R,33,False,False,False,B,-0.88,35.5912,23000
2023-05-28 15:29:42,76,B+R,6,False,False,False,W,-0.88,35.4652,23000
2023-05-28 15:30:10,83,W+R,6,False,False,False,B,-0.88,35.536,23000
2023-05-28 15:30:39,75,W+R,2,False,False,False,B,-0.88,35.2078,23000
2023-05-28 15:31:13,97,W+R,11,False,False,False,B,-0.88,35.2718,23000
2023-05-28 15:31:45,79,W+R,3,False,False,False,B,-0.88,35.1948,23000
2023-05-28 15:34:18,86,B+R,3,False,False,False,W,-0.88,35.3825,24000
2023-05-28 15:34:50,80,B+R,1,False,False,False,W,-0.88,35.3814,24000
2023-05-28 15:35:24,90,B+R,10,False,False,False,W,-0.88,35.1901,24000
2023-05-28 15:36:03,93,W+R,8,False,False,False,B,-0.88,35.2433,24000
2023-05-28 15:36:33,76,W+8.5,10,False,False,False,,-0.88,35.0659,24000
2023-05-28 15:36:52,63,W+R,0,False,False,False,B,-0.88,34.995,24000
2023-05-28 15:37:28,89,W+0.5,13,True,False,False,,-0.88,34.984,24000
2023-05-28 15:37:56,79,W+R,4,False,False,False,B,-0.88,34.9091,24000
2023-05-28 15:38:57,161,W+R,22,False,False,False,B,-0.88,35.1192,24000
2023-05-28 15:39:32,100,B+R,10,False,False,False,W,-0.88,35.1135,24000
2023-05-28 15:40:08,89,W+R,3,False,False,False,B,-0.88,35.0905,24000
2023-05-28 15:40:35,71,W+R,0,False,False,False,B,-0.88,35.1689,24000
2023-05-28 15:41:07,94,W+1.5,17,True,True,False,B,-0.88,35.1246,24000
2023-05-28 15:41:42,100,W+0.5,8,True,True,False,B,-0.88,35.2203,24000
2023-05-28 15:42:11,87,W+R,6,False,False,False,B,-0.88,35.2558,24000
2023-05-28 15:42:42,87,W+R,4,False,False,False,B,-0.88,35.2191,24000
2023-05-28 15:42:58,48,B+R,9,False,False,False,W,-0.88,35.0122,24000
2023-05-28 15:43:41,121,B+1.5,12,True,True,False,W,-0.88,35.1644,24000
2023-05-28 15:44:17,88,B+R,10,False,False,False,W,-0.88,35.1914,24000
2023-05-28 15:44:35,48,B+R,2,False,False,False,W,-0.88,34.9816,24000
2023-05-28 15:45:14,155,W+R,33,False,False,False,B,-0.88,35.0082,24000
2023-05-28 15:45:42,82,B+R,5,False,False,False,W,-0.88,35.0947,24000
2023-05-28 15:46:20,89,W+R,6,False,False,False,B,-0.88,35.0568,24000
2023-05-28 15:46:46,70,B+R,0,False,False,False,W,-0.88,35.0754,24000
2023-05-28 15:47:22,96,B+1.5,12,False,False,False,,-0.88,35.1894,24000
2023-05-28 15:48:07,110,B+R,17,False,False,False,W,-0.88,35.2836,24000
2023-05-28 15:48:41,101,W+1.5,16,True,True,False,B,-0.88,35.3501,24000
2023-05-28 15:49:17,89,W+R,4,False,False,False,B,-0.88,35.443,24000
2023-05-28 15:49:53,83,W+R,9,False,False,False,B,-0.88,35.2851,24000
2023-05-28 15:50:33,86,B+R,8,False,False,False,W,-0.88,35.1973,24000
2023-05-28 15:51:06,90,W+0.5,10,False,False,False,,-0.88,35.2369,24000
2023-05-28 15:51:48,162,B+8.5,28,True,True,False,W,-0.88,35.314,24000
2023-05-28 15:52:26,114,B+1.5,13,True,False,False,,-0.88,35.207,24000
2023-05-28 15:53:03,99,W+R,8,False,False,False,B,-0.88,35.3296,24000
2023-05-28 15:53:38,121,W+R,21,False,False,False,B,-0.88,35.2225,24000
2023-05-28 15:54:07,90,W+1.5,5,True,False,False,,-0.88,35.2476,24000
2023-05-28 15:54:40,83,W+R,6,False,False,False,B,-0.88,35.2029,24000
2023-05-28 15:55:00,56,B+R,0,False,False,False,W,-0.88,35.0698,24000
2023-05-28 15:55:31,79,W+R,1,False,False,False,B,-0.88,35.141,24000
2023-05-28 15:56:19,161,W+R,26,False,False,False,B,-0.88,35.4134,24000
2023-05-28 15:57:04,99,W+R,5,False,False,False,B,-0.88,35.5387,24000
2023-05-28 15:57:21,48,B+R,3,False,False,False,W,-0.88,35.5293,24000
2023-05-28 15:58:01,118,B+R,17,False,False,False,W,-0.88,35.4849,24000
2023-05-28 15:58:37,96,B+R,9,False,False,False,W,-0.88,35.5013,24000
2023-05-28 15:59:12,95,W+R,10,False,False,False,B,-0.88,35.4573,24000
2023-05-28 16:01:04,112,B+R,9,False,False,False,W,-0.88,35.5086,25000
2023-05-28 16:01:40,84,B+R,2,False,False,False,W,-0.88,35.3818,25000
2023-05-28 16:02:38,140,B+0.5,23,True,True,False,W,-0.88,35.6979,25000
2023-05-28 16:03:00,67,W+R,2,False,False,False,B,-0.88,35.6441,25000
2023-05-28 16:03:30,81,W+R,3,False,False,False,B,-0.88,35.7612,25000
2023-05-28 16:03:58,73,W+R,1,False,False,False,B,-0.88,35.6289,25000
2023-05-28 16:04:33,94,B+R,3,False,False,False,W,-0.88,35.655,25000
2023-05-28 16:05:11,149,W+R,21,False,False,False,B,-0.88,35.6798,25000
2023-05-28 16:06:00,147,W+R,30,False,False,False,B,-0.88,35.8123,25000
2023-05-28 16:06:28,77,W+R,10,False,False,False,B,-0.88,35.7699,25000
2023-05-28 16:07:02,96,B+R,4,False,False,False,W,-0.88,35.9284,25000
2023-05-28 16:07:34,83,W+R,9,False,False,False,B,-0.88,35.7225,25000
2023-05-28 16:08:07,83,W+R,6,False,False,False,B,-0.88,35.4769,25000
2023-05-28 16:08:42,88,B+R,7,False,False,False,W,-0.88,35.4467,25000
2023-05-28 16:09:09,68,B+R,1,False,False,False,W,-0.88,35.3701,25000
2023-05-28 16:09:47,93,W+R,6,False,False,False,B,-0.88,35.4343,25000
2023-05-28 16:10:13,77,W+R,1,False,False,False,B,-0.88,35.4909,25000
2023-05-28 16:10:38,69,W+R,0,False,False,False,B,-0.88,35.4378,25000
2023-05-28 16:11:13,98,B+R,2,False,False,False,W,-0.88,35.3885,25000
2023-05-28 16:11:45,79,W+R,3,False,False,False,B,-0.88,35.484,25000
2023-05-28 16:12:05,54,B+R,1,False,False,False,W,-0.88,35.2736,25000
2023-05-28 16:12:52,121,W+R,21,False,False,False,B,-0.88,35.2671,25000
2023-05-28 16:13:33,119,W+2.5,18,True,True,False,B,-0.88,35.1437,25000
2023-05-28 16:13:59,78,W+3.5,2,False,False,False,,-0.88,35.0383,25000
2023-05-28 16:14:24,62,B+R,0,False,False,False,W,-0.88,34.9421,25000
2023-05-28 16:15:01,91,W+R,4,False,False,False,B,-0.88,35.0086,25000
2023-05-28 16:15:49,154,B+R,22,False,False,False,W,-0.88,35.2339,25000
2023-05-28 16:16:24,91,W+R,5,False,False,False,B,-0.88,35.2446,25000
2023-05-28 16:16:56,69,W+R,4,False,False,False,B,-0.88,34.9471,25000
2023-05-28 16:17:40,161,W+R,29,False,False,False,B,-0.88,34.9727,25000
2023-05-28 16:18:00,58,B+R,0,False,False,False,W,-0.88,34.6233,25000
2023-05-28 16:18:25,76,B+R,0,False,False,False,W,-0.88,34.3513,25000
2023-05-28 16:18:58,91,W+R,5,False,False,False,B,-0.88,34.464,25000
2023-05-28 16:19:46,161,W+R,37,False,False,False,B,-0.88,34.5483,25000
2023-05-28 16:20:10,62,B+R,0,False,False,False,W,-0.88,34.4712,25000
2023-05-28 16:20:56,161,W+R,33,False,False,False,B,-0.88,34.6235,25000
2023-05-28 16:21:36,93,W+R,5,False,False,False,B,-0.88,34.5107,25000
2023-05-28 16:22:25,161,W+R,23,False,False,False,B,-0.88,34.7738,25000
2023-05-28 16:23:07,100,B+R,8,False,False,False,W,-0.88,34.9449,25000
2023-05-28 16:23:43,87,W+R,3,False,False,False,B,-0.88,34.9462,25000
2023-05-28 16:24:13,83,W+R,5,False,False,False,B,-0.88,34.7881,25000
2023-05-28 16:24:40,81,W+R,9,False,False,False,B,-0.88,34.6299,25000
2023-05-28 16:25:11,79,W+R,5,False,False,False,B,-0.88,34.6432,25000
2023-05-28 16:27:19,90,B+R,6,False,False,False,W,-0.88,34.6855,26000
2023-05-28 16:28:00,102,B+R,7,False,False,False,W,-0.88,34.6449,26000
2023-05-28 16:28:48,120,B+R,19,False,False,False,W,-0.88,34.7721,26000
2023-05-28 16:29:16,82,B+R,5,False,False,False,W,-0.88,34.4545,26000
2023-05-28 16:29:43,73,W+R,0,False,False,False,B,-0.88,34.4689,26000
2023-05-28 16:30:29,159,W+R,31,False,False,False,B,-0.88,34.6562,26000
2023-05-28 16:31:07,91,W+R,5,False,False,False,B,-0.88,34.741,26000
2023-05-28 16:31:27,56,B+R,1,False,False,False,W,-0.88,34.594,26000
2023-05-28 16:31:40,43,W+R,0,False,False,False,B,-0.88,34.4153,26000
2023-05-28 16:32:20,90,W+1.5,10,False,False,False,,-0.88,34.2012,26000
2023-05-28 16:32:55,85,W+R,6,False,False,False,B,-0.88,34.2131,26000
2023-05-28 16:33:27,85,B+2.5,4,True,True,False,W,-0.88,34.2167,26000
2023-05-28 16:34:04,91,B+0.5,4,False,False,False,,-0.88,34.2458,26000
2023-05-28 16:34:33,78,B+R,0,False,False,False,W,-0.88,34.149,26000
2023-05-28 16:34:48,42,B+R,0,False,False,False,W,-0.88,34.0023,26000
2023-05-28 16:35:28,101,B+1.5,6,False,False,False,,-0.88,34.2049,26000
2023-05-28 16:35:54,89,W+R,5,False,False,False,B,-0.88,34.0966,26000
2023-05-28 16:36:35,109,W+R,21,False,False,False,B,-0.88,34.2373,26000
2023-05-28 16:37:02,95,W+R,12,False,False,False,B,-0.88,33.8955,26000
2023-05-28 16:37:50,159,W+R,23,False,False,False,B,-0.88,34.0218,26000
2023-05-28 16:38:15,64,B+R,4,False,False,False,W,-0.88,33.9159,26000
2023-05-28 16:39:00,96,B+R,6,False,False,False,W,-0.88,34.1019,26000
2023-05-28 16:39:38,87,W+R,11,False,False,False,B,-0.88,34.1546,26000
2023-05-28 16:40:20,125,W+R,21,False,False,False,B,-0.88,34.2258,26000
2023-05-28 16:40:59,89,W+R,6,False,False,False,B,-0.88,34.3229,26000
2023-05-28 16:41:34,91,W+R,4,False,False,False,B,-0.88,34.3615,26000
2023-05-28 16:42:03,73,W+R,0,False,False,False,B,-0.88,34.4898,26000
2023-05-28 16:42:47,161,W+R,28,False,False,False,B,-0.88,34.5086,26000
2023-05-28 16:43:19,87,W+R,5,False,False,False,B,-0.88,34.4619,26000
2023-05-28 16:44:01,107,W+1.5,14,True,True,False,B,-0.88,34.7026,26000
2023-05-28 16:44:41,99,W+R,3,False,False,False,B,-0.88,34.7225,26000
2023-05-28 16:45:13,88,B+R,4,False,False,False,W,-0.88,34.7497,26000
2023-05-28 16:45:34,63,W+R,3,False,False,False,B,-0.88,34.5889,26000
2023-05-28 16:46:19,110,B+R,11,False,False,False,W,-0.88,34.7781,26000
2023-05-28 16:47:18,125,W+2.5,21,True,True,False,B,-0.88,35.0025,26000
2023-05-28 16:47:44,70,B+R,2,False,False,False,W,-0.88,34.8129,26000
2023-05-28 16:48:23,92,B+R,8,False,False,False,W,-0.88,34.8633,26000
2023-05-28 16:48:59,89,B+3.5,10,False,False,False,,-0.88,34.8673,26000
2023-05-28 16:50:05,162,W+0.5,28,True,True,False,B,-0.88,35.1703,26000
2023-05-28 16:50:48,99,W+R,9,False,False,False,B,-0.88,35.2009,26000
2023-05-28 16:51:03,64,B+R,1,False,False,False,W,-0.88,35.0187,26000
2023-05-28 16:51:55,159,W+R,33,False,False,False,B,-0.88,35.1133,26000
2023-05-28 16:52:35,87,W+R,3,False,False,False,B,-0.88,35.1401,26000
2023-05-28 16:54:24,119,W+R,12,False,False,False,B,-0.88,35.1505,27000
2023-05-28 16:55:06,103,W+R,8,False,False,False,B,-0.88,35.2921,27000
2023-05-28 16:55:49,115,W+3.5,19,True,True,False,B,-0.88,35.3862,27000
2023-05-28 16:56:29,97,W+R,11,False,False,False,B,-0.88,35.5803,27000
2023-05-28 16:56:48,61,W+R,3,False,False,False,B,-0.88,35.4668,27000
2023-05-28 16:57:21,99,W+R,11,False,False,False,B,-0.88,35.3177,27000
2023-05-28 16:58:20,161,W+R,33,False,False,False,B,-0.88,35.4506,27000
2023-05-28 16:59:03,102,B+R,12,False,False,False,W,-0.88,35.7105,27000
2023-05-28 16:59:32,78,B+R,3,False,False,False,W,-0.88,35.6044,27000
2023-05-28 17:00:16,107,W+2.5,15,True,True,False,B,-0.88,35.6849,27000
2023-05-28 17:01:04,99,W+R,8,False,False,False,B,-0.88,35.8172,27000
2023-05-28 17:01:48,103,W+R,8,False,False,False,B,-0.88,35.991,27000
2023-05-28 17:02:17,73,W+R,1,False,False,False,B,-0.88,35.8367,27000
2023-05-28 17:03:00,92,B+R,13,False,False,False,W,-0.88,35.9094,27000
2023-05-28 17:03:47,161,W+R,23,False,False,False,B,-0.88,35.7962,27000
2023-05-28 17:04:30,115,W+R,17,False,False,False,B,-0.88,36.0023,27000
2023-05-28 17:05:08,89,W+R,7,False,False,False,B,-0.88,36.0873,27000
2023-05-28 17:05:58,126,B+4.5,13,True,True,False,W,-0.88,36.3112,27000
2023-05-28 17:06:39,91,W+R,5,False,False,False,B,-0.88,36.3678,27000
2023-05-28 17:07:24,162,W+13.5,35,True,True,False,B,-0.88,36.436,27000
2023-05-28 17:07:48,58,B+R,2,False,False,False,W,-0.88,36.1922,27000
2023-05-28 17:08:25,115,W+R,16,False,False,False,B,-0.88,36.2857,27000
2023-05-28 17:08:53,66,B+R,0,False,False,False,W,-0.88,36.219,27000
2023-05-28 17:09:43,161,W+R,27,False,False,False,B,-0.88,36.3976,27000
2023-05-28 17:10:16,95,W+R,12,False,False,False,B,-0.88,36.4011,27000
2023-05-28 17:10:42,78,B+R,6,False,False,False,W,-0.88,36.3143,27000
2023-05-28 17:11:21,85,W+R,5,False,False,False,B,-0.88,36.4274,27000
2023-05-28 17:12:21,161,W+R,28,False,False,False,B,-0.88,36.651,27000
2023-05-28 17:12:42,57,W+R,2,False,False,False,B,-0.88,36.5916,27000
2023-05-28 17:13:09,74,B+R,0,False,False,False,W,-0.88,36.6191,27000
2023-05-28 17:13:57,107,W+R,11,False,False,False,B,-0.88,36.7477,27000
2023-05-28 17:14:23,68,B+R,0,False,False,False,W,-0.88,36.6823,27000
2023-05-28 17:14:41,60,B+R,0,False,False,False,W,-0.88,36.6704,27000
2023-05-28 17:15:07,67,W+R,0,False,False,False,B,-0.88,36.4612,27000
2023-05-28 17:15:50,100,B+R,7,False,False,False,W,-0.88,36.4766,27000
2023-05-28 17:16:20,87,W+R,6,False,False,False,B,-0.88,36.5155,27000
2023-05-28 17:17:02,151,W+R,29,False,False,False,B,-0.88,36.6889,27000
2023-05-28 17:17:42,96,B+R,13,False,False,False,W,-0.88,36.7233,27000
2023-05-28 17:18:08,81,W+R,5,False,False,False,B,-0.88,36.5016,27000
2023-05-28 17:18:53,116,B+R,15,False,False,False,W,-0.88,36.5915,27000
2023-05-28 17:19:44,105,W+R,18,False,False,False,B,-0.88,36.7816,27000
2023-05-28 17:20:11,63,W+R,3,False,False,False,B,-0.88,36.6178,27000
2023-05-28 17:20:47,95,W+R,10,False,False,False,B,-0.88,36.7754,27000
2023-05-28 17:21:24,85,W+R,4,False,False,False,B,-0.88,36.9065,27000
2023-05-28 17:23:30,108,B+2.5,20,True,True,False,W,-0.88,36.8209,28000
2023-05-28 17:24:12,99,W+R,14,False,False,False,B,-0.88,36.9962,28000
2023-05-28 17:24:45,88,B+R,3,False,False,False,W,-0.88,36.8778,28000
2023-05-28 17:25:29,161,W+R,25,False,False,False,B,-0.88,36.9046,28000
2023-05-28 17:25:55,66,B+R,0,False,False,False,W,-0.88,36.6782,28000
2023-05-28 17:26:19,66,B+R,0,False,False,False,W,-0.88,36.4955,28000
2023-05-28 17:26:35,45,W+R,0,False,False,False,B,-0.88,36.3003,28000
2023-05-28 17:27:14,94,B+R,10,False,False,False,W,-0.88,36.3855,28000
2023-05-28 17:27:49,91,B+1.5,4,True,True,False,W,-0.88,36.4663,28000
2023-05-28 17:28:25,85,W+R,5,False,False,False,B,-0.88,36.5177,28000
2023-05-28 17:28:59,95,W+R,5,False,False,False,B,-0.88,36.5007,28000
2023-05-28 17:29:29,86,B+R,3,False,False,False,W,-0.88,36.4187,28000
2023-05-28 17:29:46,47,W+R,0,False,False,False,B,-0.88,36.1766,28000
2023-05-28 17:30:12,78,B+R,1,False,False,False,W,-0.88,35.954,28000
2023-05-28 17:31:09,155,W+0.5,37,True,True,False,B,-0.88,36.2515,28000
2023-05-28 17:31:37,91,W+R,8,False,False,False,B,-0.88,36.2573,28000
2023-05-28 17:32:20,119,W+R,20,False,False,False,B,-0.88,36.2225,28000
2023-05-28 17:32:45,67,W+R,0,False,False,False,B,-0.88,36.0938,28000
2023-05-28 17:33:18,84,B+R,3,False,False,False,W,-0.88,36.2323,28000
2023-05-28 17:33:45,69,W+R,5,False,False,False,B,-0.88,36.368,28000
2023-05-28 17:34:16,103,W+R,11,False,False,False,B,-0.88,36.2823,28000
2023-05-28 17:34:49,83,W+R,2,False,False,False,B,-0.88,36.2653,28000
2023-05-28 17:35:23,83,W+R,2,False,False,False,B,-0.88,36.28,28000
2023-05-28 17:36:22,131,W+R,17,False,False,False,B,-0.88,36.4949,28000
2023-05-28 17:36:56,86,B+R,0,False,False,False,W,-0.88,36.5495,28000
2023-05-28 17:37:30,103,W+R,9,False,False,False,B,-0.88,36.733,28000
2023-05-28 17:37:59,84,B+R,2,False,False,False,W,-0.88,36.6306,28000
2023-05-28 17:38:40,103,W+2.5,9,True,True,False,B,-0.88,36.7855,28000
2023-05-28 17:39:28,119,W+R,5,False,False,False,B,-0.88,36.8422,28000
2023-05-28 17:40:07,95,W+R,5,False,False,False,B,-0.88,36.971,28000
2023-05-28 17:40:33,81,W+R,4,False,False,False,B,-0.88,36.7557,28000
2023-05-28 17:41:09,95,W+R,10,False,False,False,B,-0.88,36.8598,28000
2023-05-28 17:41:54,103,W+R,6,False,False,False,B,-0.88,36.8519,28000
2023-05-28 17:42:26,76,B+R,0,False,False,False,W,-0.88,36.7903,28000
2023-05-28 17:42:57,83,W+R,4,False,False,False,B,-0.88,36.6882,28000
2023-05-28 17:43:13,43,W+R,0,False,False,False,B,-0.88,36.4591,28000
2023-05-28 17:43:28,43,W+R,0,False,False,False,B,-0.88,36.2601,28000
2023-05-28 17:43:58,78,B+R,0,False,False,False,W,-0.88,36.2726,28000
2023-05-28 17:44:24,67,W+R,0,False,False,False,B,-0.88,36.0807,28000
2023-05-28 17:47:07,161,W+R,31,False,False,False,B,-0.88,36.465,29000
2023-05-28 17:47:32,71,W+R,0,False,False,False,B,-0.88,36.309,29000
2023-05-28 17:48:09,104,B+R,11,False,False,False,W,-0.88,36.3642,29000
2023-05-28 17:48:50,104,B+R,9,False,False,False,W,-0.88,36.5651,29000
2023-05-28 17:49:19,93,W+R,7,False,False,False,B,-0.88,36.4022,29000
2023-05-28 17:49:36,51,W+R,4,False,False,False,B,-0.88,35.9845,29000
2023-05-28 17:50:17,99,W+R,7,False,False,False,B,-0.88,36.1358,29000
2023-05-28 17:50:40,64,B+R,3,False,False,False,W,-0.88,35.9758,29000
2023-05-28 17:51:28,121,W+11.5,22,True,True,False,B,-0.88,36.1005,29000
2023-05-28 17:52:07,157,W+R,25,False,False,False,B,-0.88,35.8205,29000
2023-05-28 17:52:35,75,W+R,0,False,False,False,B,-0.88,35.6769,29000
2023-05-28 17:53:24,119,W+R,20,False,False,False,B,-0.88,36.0119,29000
2023-05-28 17:53:46,64,B+R,3,False,False,False,W,-0.88,35.722,29000
2023-05-28 17:54:10,65,W+R,3,False,False,False,B,-0.88,35.5495,29000
2023-05-28 17:54:39,72,B+R,1,False,False,False,W,-0.88,35.5905,29000
2023-05-28 17:55:00,57,W+R,3,False,False,False,B,-0.88,35.3134,29000
2023-05-28 17:55:28,77,W+R,5,False,False,False,B,-0.88,35.1704,29000
2023-05-28 17:55:53,75,W+R,4,False,False,False,B,-0.88,34.9972,29000
2023-05-28 17:56:43,113,W+R,18,False,False,False,B,-0.88,35.0957,29000
2023-05-28 17:57:18,93,W+R,12,False,False,False,B,-0.88,35.2542,29000
2023-05-28 17:57:56,96,B+R,8,False,False,False,W,-0.88,35.3038,29000
2023-05-28 17:58:18,67,W+R,6,False,False,False,B,-0.88,34.9348,29000
2023-05-28 17:58:59,104,B+R,14,False,False,False,W,-0.88,34.9157,29000
2023-05-28 17:59:39,162,W+17.5,25,True,True,False,B,-0.88,35.0263,29000
2023-05-28 18:00:30,162,W+17.5,33,True,True,False,B,-0.88,35.0893,29000
2023-05-28 18:00:45,43,W+R,0,False,False,False,B,-0.88,34.7623,29000
2023-05-28 18:01:11,85,W+R,7,False,False,False,B,-0.88,34.5912,29000
2023-05-28 18:01:40,85,W+2.5,4,True,True,False,B,-0.88,34.5906,29000
2023-05-28 18:02:01,52,B+R,1,False,False,False,W,-0.88,34.362,29000
2023-05-28 18:02:14,43,W+R,0,False,False,False,B,-0.88,34.0216,29000
2023-05-28 18:02:50,101,W+R,14,False,False,False,B,-0.88,33.9557,29000
2023-05-28 18:03:32,99,W+R,15,False,False,False,B,-0.88,33.9916,29000
2023-05-28 18:04:07,93,W+R,7,False,False,False,B,-0.88,33.8459,29000
2023-05-28 18:04:31,71,W+R,0,False,False,False,B,-0.88,33.666,29000
2023-05-28 18:05:20,117,W+R,19,False,False,False,B,-0.88,33.7186,29000
2023-05-28 18:05:44,63,W+R,1,False,False,False,B,-0.88,33.7155,29000
2023-05-28 18:06:22,107,W+0.5,13,True,True,False,B,-0.88,33.7166,29000
2023-05-28 18:06:57,83,W+R,0,False,False,False,B,-0.88,33.7912,29000
2023-05-28 18:07:14,47,W+R,0,False,False,False,B,-0.88,33.4694,29000
2023-05-28 18:07:52,92,B+5.5,9,True,True,False,W,-0.88,33.5109,29000
2023-05-28 18:08:15,65,B+5.5,6,True,False,False,,-0.88,33.4815,29000
2023-05-28 18:09:52,68,B+R,1,False,False,False,W,-0.88,33.1254,30000
2023-05-28 18:10:25,94,B+R,3,False,False,False,W,-0.88,33.2507,30000
2023-05-28 18:10:40,49,W+R,0,False,False,False,B,-0.88,33.1304,30000
2023-05-28 18:11:02,63,W+R,6,False,False,False,B,-0.88,32.8636,30000
2023-05-28 18:11:34,109,W+R,15,False,False,False,B,-0.88,32.9304,30000
2023-05-28 18:11:56,67,B+1.5,6,False,False,False,,-0.88,32.972,30000
2023-05-28 18:12:25,84,B+R,4,False,False,False,W,-0.88,32.9993,30000
2023-05-28 18:12:41,49,W+R,0,False,False,False,B,-0.88,32.7283,30000
2023-05-28 18:12:57,59,W+R,0,False,False,False,B,-0.88,32.5826,30000
2023-05-28 18:13:46,114,B+R,6,False,False,False,W,-0.88,32.6552,30000
2023-05-28 18:14:20,91,W+R,4,False,False,False,B,-0.88,32.6015,30000
2023-05-28 18:14:34,54,W+0.5,4,False,False,False,,-0.88,32.4792,30000
2023-05-28 18:14:50,43,W+R,0,False,False,False,B,-0.88,32.1944,30000
2023-05-28 18:15:14,74,B+R,1,False,False,False,W,-0.88,31.9206,30000
2023-05-28 18:15:36,69,W+R,1,False,False,False,B,-0.88,31.865,30000
2023-05-28 18:16:28,162,W+14.5,33,True,True,False,B,-0.88,32.0244,30000
2023-05-28 18:16:50,60,B+R,1,False,False,False,W,-0.88,31.8725,30000
2023-05-28 18:17:05,47,W+R,0,False,False,False,B,-0.88,31.7006,30000
2023-05-28 18:17:34,87,W+R,8,False,False,False,B,-0.88,31.5809,30000
2023-05-28 18:17:49,45,W+R,1,False,False,False,B,-0.88,31.3204,30000
2023-05-28 18:18:15,87,W+R,5,False,False,False,B,-0.88,31.2437,30000
2023-05-28 18:18:50,93,W+R,5,False,False,False,B,-0.88,31.1563,30000
2023-05-28 18:19:18,78,B+R,4,False,False,False,W,-0.88,31.1759,30000
2023-05-28 18:19:42,81,W+R,9,False,False,False,B,-0.88,31.1797,30000
2023-05-28 18:20:07,81,W+R,3,False,False,False,B,-0.88,31.2689,30000
2023-05-28 18:20:45,121,W+R,22,False,False,False,B,-0.88,31.2597,30000
2023-05-28 18:21:08,68,B+R,1,False,False,False,W,-0.88,31.1399,30000
2023-05-28 18:21:36,85,W+R,1,False,False,False,B,-0.88,31.0494,30000
2023-05-28 18:22:24,161,W+R,24,False,False,False,B,-0.88,31.2014,30000
2023-05-28 18:22:59,103,W+R,14,False,False,False,B,-0.88,31.2436,30000
2023-05-28 18:23:24,72,B+R,3,False,False,False,W,-0.88,31.3347,30000
2023-05-28 18:24:17,154,B+R,27,False,False,False,W,-0.88,31.6028,30000
2023-05-28 18:25:07,126,B+R,10,False,False,False,W,-0.88,31.5287,30000
2023-05-28 18:25:49,101,W+R,9,False,False,False,B,-0.88,31.6668,30000
2023-05-28 18:26:27,101,W+R,8,False,False,False,B,-0.88,31.6187,30000
2023-05-28 18:26:37,43,W+R,3,False,False,False,B,-0.88,31.4746,30000
2023-05-28 18:27:13,95,W+R,6,False,False,False,B,-0.88,31.4976,30000
2023-05-28 18:27:50,102,B+R,9,False,False,False,W,-0.88,31.5992,30000
2023-05-28 18:28:14,66,B+R,1,False,False,False,W,-0.88,31.5297,30000
2023-05-28 18:28:52,98,B+1.5,12,True,True,False,W,-0.88,31.5737,30000
2023-05-28 18:29:18,69,W+R,1,False,False,False,B,-0.88,31.4973,30000
2023-05-28 18:29:58,103,W+R,9,False,False,False,B,-0.88,31.3057,30000
2023-05-28 18:30:27,87,W+R,6,False,False,False,B,-0.88,31.2537,30000
2023-05-28 18:31:23,161,W+R,39,False,False,False,B,-0.88,31.4775,30000
2023-05-28 18:34:09,162,W+6.5,16,False,False,False,,-0.88,31.9073,31000
2023-05-28 18:34:38,77,W+R,1,False,False,False,B,-0.88,31.716,31000
2023-05-28 18:34:51,43,W+R,0,False,False,False,B,-0.88,31.4567,31000
2023-05-28 18:35:04,59,W+R,0,False,False,False,B,-0.88,31.3238,31000
2023-05-28 18:35:15,55,W+R,0,False,False,False,B,-0.88,31.0785,31000
2023-05-28 18:35:43,94,B+R,3,False,False,False,W,-0.88,30.9122,31000
2023-05-28 18:35:53,47,W+R,0,False,False,False,B,-0.88,30.6938,31000
2023-05-28 18:36:16,79,W+R,2,False,False,False,B,-0.88,30.609,31000
2023-05-28 18:36:48,81,W+R,3,False,False,False,B,-0.88,30.7694,31000
2023-05-28 18:37:21,87,W+R,5,False,False,False,B,-0.88,30.946,31000
2023-05-28 18:37:36,43,W+R,0,False,False,False,B,-0.88,30.799,31000
2023-05-28 18:38:05,84,W+0.5,7,True,True,False,B,-0.88,30.8317,31000
2023-05-28 18:38:46,117,W+R,16,False,False,False,B,-0.88,30.6823,31000
2023-05-28 18:39:23,113,W+0.5,21,True,True,False,B,-0.88,30.4968,31000
2023-05-28 18:39:43,75,W+R,0,False,False,False,B,-0.88,30.4471,31000
2023-05-28 18:40:20,91,W+R,1,False,False,False,B,-0.88,30.4421,31000
2023-05-28 18:40:53,95,W+R,12,False,False,False,B,-0.88,30.3557,31000
2023-05-28 18:41:26,83,W+R,5,False,False,False,B,-0.88,30.4045,31000
2023-05-28 18:41:46,61,W+R,1,False,False,False,B,-0.88,30.4399,31000
2023-05-28 18:42:03,51,W+R,0,False,False,False,B,-0.88,30.1926,31000
2023-05-28 18:42:30,70,B+R,0,False,False,False,W,-0.88,30.2317,31000
2023-05-28 18:43:09,98,B+R,7,False,False,False,W,-0.88,30.1336,31000
2023-05-28 18:43:35,83,W+R,6,False,False,False,B,-0.88,30.0139,31000
2023-05-28 18:43:56,59,W+R,1,False,False,False,B,-0.88,29.9372,31000
2023-05-28 18:44:10,43,W+R,0,False,False,False,B,-0.88,29.5973,31000
2023-05-28 18:44:38,85,W+R,7,False,False,False,B,-0.88,29.6472,31000
2023-05-28 18:45:04,79,W+R,0,False,False,False,B,-0.88,29.6798,31000
2023-05-28 18:45:51,161,W+R,22,False,False,False,B,-0.88,29.8463,31000
2023-05-28 18:46:24,91,W+0.5,3,False,False,False,,-0.88,29.9796,31000
2023-05-28 18:46:41,53,W+R,0,False,False,False,B,-0.88,29.864,31000
2023-05-28 18:47:22,161,W+R,26,False,False,False,B,-0.88,30.0212,31000
2023-05-28 18:47:43,63,W+R,2,False,False,False,B,-0.88,29.7322,31000
2023-05-28 18:48:22,117,W+R,15,False,False,False,B,-0.88,29.7796,31000
2023-05-28 18:48:33,45,W+R,0,False,False,False,B,-0.88,29.5079,31000
2023-05-28 18:48:58,80,B+R,5,False,False,False,W,-0.88,29.5377,31000
2023-05-28 18:49:29,89,W+R,1,False,False,False,B,-0.88,29.4306,31000
2023-05-28 18:49:47,53,W+R,0,False,False,False,B,-0.88,29.2052,31000
2023-05-28 18:50:32,162,W+19.5,35,True,True,False,B,-0.88,29.1613,31000
2023-05-28 18:50:44,53,W+R,2,False,False,False,B,-0.88,29.1267,31000
2023-05-28 18:51:19,117,W+R,18,False,False,False,B,-0.88,29.2146,31000
2023-05-28 18:51:37,61,W+R,0,False,False,False,B,-0.88,29.1046,31000
2023-05-28 18:52:04,79,W+R,0,False,False,False,B,-0.88,29.1682,31000
2023-05-28 18:52:43,102,B+R,11,False,False,False,W,-0.88,29.421,31000
2023-05-28 18:53:13,83,W+R,9,False,False,False,B,-0.88,29.3581,31000
2023-05-28 18:53:53,133,W+1.5,29,True,True,False,B,-0.88,29.3437,31000
2023-05-28 18:54:20,79,W+R,2,False,False,False,B,-0.88,29.2647,31000
2023-05-28 18:54:51,81,W+R,1,False,False,False,B,-0.88,29.333,31000
2023-05-28 18:56:49,96,B+R,0,False,False,False,W,-0.88,29.2348,32000
2023-05-28 18:57:10,65,W+R,3,False,False,False,B,-0.88,29.0648,32000
2023-05-28 18:57:40,84,B+R,0,False,False,False,W,-0.88,29.0136,32000
2023-05-28 18:58:13,96,B+R,5,False,False,False,W,-0.88,29.1671,32000
2023-05-28 18:58:46,82,B+R,0,False,False,False,W,-0.88,29.1213,32000
2023-05-28 18:59:03,49,W+R,0,False,False,False,B,-0.88,29.0573,32000
2023-05-28 18:59:21,53,W+R,0,False,False,False,B,-0.88,28.8524,32000
2023-05-28 18:59:55,101,W+R,10,False,False,False,B,-0.88,28.9466,32000
2023-05-28 19:00:42,113,B+7.5,13,True,True,False,W,-0.88,29.0854,32000
2023-05-28 19:01:09,75,W+R,2,False,False,False,B,-0.88,29.1998,32000
2023-05-28 19:01:42,92,B+R,4,False,False,False,W,-0.88,29.3184,32000
2023-05-28 19:02:15,87,W+R,0,False,False,False,B,-0.88,29.3319,32000
2023-05-28 19:02:46,83,W+R,6,False,False,False,B,-0.88,29.4178,32000
2023-05-28 19:03:03,53,W+R,1,False,False,False,B,-0.88,29.296,32000
2023-05-28 19:03:28,73,W+R,3,False,False,False,B,-0.88,29.3907,32000
2023-05-28 19:04:16,161,W+R,37,False,False,False,B,-0.88,29.7072,32000
2023-05-28 19:04:45,77,W+R,1,False,False,False,B,-0.88,29.5041,32000
2023-05-28 19:05:15,88,B+R,2,False,False,False,W,-0.88,29.4598,32000
2023-05-28 19:05:52,96,B+R,2,False,False,False,W,-0.88,29.6976,32000
2023-05-28 19:06:35,161,W+R,25,False,False,False,B,-0.88,29.9688,32000
2023-05-28 19:07:16,103,W+R,9,False,False,False,B,-0.88,30.1436,32000
2023-05-28 19:07:38,68,B+R,2,False,False,False,W,-0.88,30.1367,32000
2023-05-28 19:07:53,43,W+R,0,False,False,False,B,-0.88,29.7737,32000
2023-05-28 19:08:17,71,W+R,2,False,False,False,B,-0.88,29.7922,32000
2023-05-28 19:08:50,89,W+R,6,False,False,False,B,-0.88,29.9592,32000
2023-05-28 19:09:18,81,W+R,8,False,False,False,B,-0.88,29.9569,32000
2023-05-28 19:09:35,51,W+R,0,False,False,False,B,-0.88,29.9777,32000
2023-05-28 19:10:03,77,W+R,3,False,False,False,B,-0.88,30.0015,32000
2023-05-28 19:10:17,43,W+R,0,False,False,False,B,-0.88,29.7855,32000
2023-05-28 19:10:48,91,W+R,5,False,False,False,B,-0.88,29.82,32000
2023-05-28 19:11:03,47,W+R,0,False,False,False,B,-0.88,29.7223,32000
2023-05-28 19:11:34,81,W+R,3,False,False,False,B,-0.88,29.7794,32000
2023-05-28 19:11:58,67,W+R,1,False,False,False,B,-0.88,29.6461,32000
2023-05-28 19:12:48,131,W+5.5,19,True,True,False,B,-0.88,29.9131,32000
2023-05-28 19:13:21,87,W+R,0,False,False,False,B,-0.88,29.9684,32000
2023-05-28 19:13:33,43,W+R,0,False,False,False,B,-0.88,29.6098,32000
2023-05-28 19:14:03,88,B+R,2,False,False,False,W,-0.88,29.5595,32000
2023-05-28 19:14:33,82,B+R,2,False,False,False,W,-0.88,29.5982,32000
2023-05-28 19:14:56,81,W+R,6,False,False,False,B,-0.88,29.3111,32000
2023-05-28 19:15:15,59,W+R,0,False,False,False,B,-0.88,28.9999,32000
2023-05-28 19:15:57,115,W+R,11,False,False,False,B,-0.88,28.9969,32000
2023-05-28 19:16:21,73,W+R,3,False,False,False,B,-0.88,28.8552,32000
2023-05-28 19:16:56,98,B+R,7,False,False,False,W,-0.88,29.0983,32000
2023-05-28 19:17:37,96,B+R,5,False,False,False,W,-0.88,29.1517,32000
2023-05-28 19:18:01,65,W+R,1,False,False,False,B,-0.88,29.022,32000
2023-05-28 19:18:30,89,W+R,4,False,False,False,B,-0.88,29.0779,32000
2023-05-28 19:19:28,151,W+R,19,False,False,False,B,-0.88,29.2781,32000
2023-05-28 19:20:05,91,W+R,11,False,False,False,B,-0.88,29.3913,32000
2023-05-28 19:21:48,93,W+R,13,False,False,False,B,-0.88,29.1523,33000
2023-05-28 19:22:25,104,B+R,7,False,False,False,W,-0.88,28.9698,33000
2023-05-28 19:22:38,43,W+R,0,False,False,False,B,-0.88,28.5805,33000
2023-05-28 19:23:02,65,W+R,4,False,False,False,B,-0.88,28.1968,33000
2023-05-28 19:23:16,47,W+R,0,False,False,False,B,-0.88,28.0575,33000
2023-05-28 19:23:27,43,W+R,0,False,False,False,B,-0.88,28.0312,33000
2023-05-28 19:23:42,45,W+R,0,False,False,False,B,-0.88,28.0507,33000
2023-05-28 19:24:08,75,W+R,6,False,False,False,B,-0.88,28.2023,33000
2023-05-28 19:24:45,102,B+R,11,False,False,False,W,-0.88,28.2933,33000
2023-05-28 19:25:18,83,W+R,3,False,False,False,B,-0.88,28.5217,33000
2023-05-28 19:25:34,43,W+R,0,False,False,False,B,-0.88,28.4512,33000
2023-05-28 19:26:12,162,W+4.5,32,True,True,False,B,-0.88,28.5094,33000
2023-05-28 19:26:46,103,W+0.5,16,True,True,False,B,-0.88,28.5211,33000
2023-05-28 19:27:13,88,B+R,4,False,False,False,W,-0.88,28.6387,33000
2023-05-28 19:27:30,45,W+R,0,False,False,False,B,-0.88,28.5202,33000
2023-05-28 19:28:06,97,W+R,10,False,False,False,B,-0.88,28.473,33000
2023-05-28 19:28:40,97,W+R,9,False,False,False,B,-0.88,28.4449,33000
2023-05-28 19:29:09,79,W+R,1,False,False,False,B,-0.88,28.53,33000
2023-05-28 19:29:40,82,B+R,2,False,False,False,W,-0.88,28.4769,33000
2023-05-28 19:30:01,61,W+R,1,False,False,False,B,-0.88,28.354,33000
2023-05-28 19:30:31,82,B+R,2,False,False,False,W,-0.88,28.3204,33000
2023-05-28 19:30:45,43,W+R,0,False,False,False,B,-0.88,28.2576,33000
2023-05-28 19:31:06,61,W+R,3,False,False,False,B,-0.88,28.2944,33000
2023-05-28 19:31:45,110,W+6.5,7,True,True,False,B,-0.88,28.4175,33000
2023-05-28 19:32:17,87,W+R,4,False,False,False,B,-0.88,28.3556,33000
2023-05-28 19:32:52,93,W+R,4,False,False,False,B,-0.88,28.4467,33000
2023-05-28 19:33:23,89,W+R,3,False,False,False,B,-0.88,28.5474,33000
2023-05-28 19:33:48,89,W+R,3,False,False,False,B,-0.88,28.6541,33000
2023-05-28 19:34:03,43,W+R,0,False,False,False,B,-0.88,28.5257,33000
2023-05-28 19:34:16,43,W+R,0,False,False,False,B,-0.88,28.3909,33000
2023-05-28 19:34:39,72,B+R,0,False,False,False,W,-0.88,28.149,33000
2023-05-28 19:35:08,87,W+R,5,False,False,False,B,-0.88,28.1089,33000
2023-05-28 19:35:31,61,W+R,2,False,False,False,B,-0.88,28.1664,33000
2023-05-28 19:35:51,59,W+R,2,False,False,False,B,-0.88,27.9637,33000
2023-05-28 19:36:25,90,B+R,15,False,False,False,W,-0.88,28.0958,33000
2023-05-28 19:36:40,43,W+R,0,False,False,False,B,-0.88,27.8465,33000
2023-05-28 19:37:08,83,W+R,3,False,False,False,B,-0.88,28.0207,33000
2023-05-28 19:37:57,114,B+R,10,False,False,False,W,-0.88,28.2561,33000
2023-05-28 19:38:14,49,W+R,0,False,False,False,B,-0.88,28.1184,33000
2023-05-28 19:38:28,43,W+R,0,False,False,False,B,-0.88,28.0872,33000
2023-05-28 19:39:21,162,W+4.5,31,True,True,False,B,-0.88,28.1599,33000
2023-05-28 19:39:36,47,W+R,0,False,False,False,B,-0.88,28.1933,33000
2023-05-28 19:39:57,73,W+R,3,False,False,False,B,-0.88,28.0472,33000
2023-05-28 19:40:18,62,W+2.5,4,False,False,False,,-0.88,28.0815,33000
2023-05-28 19:40:53,92,B+R,2,False,False,False,W,-0.88,28.1573,33000
2023-05-28 19:41:09,67,W+R,4,False,False,False,B,-0.88,27.9324,33000
2023-05-28 19:42:45,107,W+3.5,8,True,True,False,B,-0.88,27.8159,34000
2023-05-28 19:43:00,45,W+R,0,False,False,False,B,-0.88,27.6891,34000
2023-05-28 19:43:15,43,W+R,0,False,False,False,B,-0.88,27.5408,34000
2023-05-28 19:43:32,69,W+R,0,False,False,False,B,-0.88,27.4767,34000
2023-05-28 19:43:58,77,W+R,0,False,False,False,B,-0.88,27.3319,34000
2023-05-28 19:44:42,162,W+11.5,25,True,True,False,B,-0.88,27.5664,34000
2023-05-28 19:45:06,75,W+R,3,False,False,False,B,-0.88,27.5079,34000
2023-05-28 19:45:39,88,B+R,1,False,False,False,W,-0.88,27.5154,34000
2023-05-28 19:46:06,71,W+R,0,False,False,False,B,-0.88,27.4484,34000
2023-05-28 19:46:19,49,W+R,0,False,False,False,B,-0.88,27.4139,34000
2023-05-28 19:46:29,43,W+R,0,False,False,False,B,-0.88,27.3279,34000
2023-05-28 19:47:19,161,W+R,35,False,False,False,B,-0.88,27.4944,34000
2023-05-28 19:47:32,43,W+R,0,False,False,False,B,-0.88,27.1504,34000
2023-05-28 19:47:48,45,W+R,0,False,False,False,B,-0.88,27.0381,34000
2023-05-28 19:48:08,61,W+R,0,False,False,False,B,-0.88,26.9118,34000
2023-05-28 19:48:48,107,W+0.5,13,True,True,False,B,-0.88,26.9705,34000
2023-05-28 19:49:16,71,W+R,0,False,False,False,B,-0.88,26.9437,34000
2023-05-28 19:49:30,43,W+R,0,False,False,False,B,-0.88,26.9171,34000
2023-05-28 19:49:49,57,W+R,1,False,False,False,B,-0.88,26.8558,34000
2023-05-28 19:50:27,93,W+R,4,False,False,False,B,-0.88,26.7597,34000
2023-05-28 19:51:07,119,W+R,14,False,False,False,B,-0.88,26.8756,34000
2023-05-28 19:51:46,157,W+R,33,False,False,False,B,-0.88,26.9581,34000
2023-05-28 19:51:59,43,W+R,0,False,False,False,B,-0.88,26.7116,34000
2023-05-28 19:52:13,43,W+R,0,False,False,False,B,-0.88,26.4271,34000
2023-05-28 19:52:38,71,B+1.5,2,False,False,False,,-0.88,26.2644,34000
2023-05-28 19:52:51,43,W+R,0,False,False,False,B,-0.88,26.1842,34000
2023-05-28 19:53:06,43,W+R,0,False,False,False,B,-0.88,26.1739,34000
2023-05-28 19:53:42,100,W+18.5,11,True,True,False,B,-0.88,26.2939,34000
2023-05-28 19:53:55,43,W+R,0,False,False,False,B,-0.88,26.1049,34000
2023-05-28 19:54:11,45,W+R,0,False,False,False,B,-0.88,25.982,34000
2023-05-28 19:54:56,121,W+0.5,20,True,True,False,B,-0.88,26.2616,34000
2023-05-28 19:55:32,96,B+R,6,False,False,False,W,-0.88,26.333,34000
2023-05-28 19:55:45,53,W+R,0,False,False,False,B,-0.88,26.3282,34000
2023-05-28 19:55:55,49,W+R,0,False,False,False,B,-0.88,26.1131,34000
2023-05-28 19:56:21,79,W+R,7,False,False,False,B,-0.88,26.2334,34000
2023-05-28 19:56:59,104,B+R,16,False,False,False,W,-0.88,26.3008,34000
2023-05-28 19:57:32,87,W+R,0,False,False,False,B,-0.88,26.3886,34000
2023-05-28 19:57:46,43,W+R,0,False,False,False,B,-0.88,26.0302,34000
2023-05-28 19:58:02,53,W+R,0,False,False,False,B,-0.88,25.8652,34000
2023-05-28 19:58:51,133,W+R,15,False,False,False,B,-0.88,26.2221,34000
2023-05-28 20:00:41,125,W+1.5,28,True,True,False,B,-0.88,26.2603,35000
2023-05-28 20:01:26,162,W+8.5,32,True,True,False,B,-0.88,26.4626,35000
2023-05-28 20:01:39,43,W+R,0,False,False,False,B,-0.88,26.4118,35000
2023-05-28 20:02:04,77,W+R,8,False,False,False,B,-0.88,26.2431,35000
2023-05-28 20:02:27,60,B+R,0,False,False,False,W,-0.88,26.2327,35000
2023-05-28 20:02:50,69,W+R,3,False,False,False,B,-0.88,26.117,35000
2023-05-28 20:03:16,73,W+R,4,False,False,False,B,-0.88,25.9615,35000
2023-05-28 20:03:45,83,W+R,4,False,False,False,B,-0.88,26.0155,35000
2023-05-28 20:04:13,79,W+R,3,False,False,False,B,-0.88,25.9978,35000
2023-05-28 20:04:43,87,W+R,1,False,False,False,B,-0.88,25.7198,35000
2023-05-28 20:05:09,75,W+R,8,False,False,False,B,-0.88,25.6058,35000
2023-05-28 20:05:26,66,B+R,0,False,False,False,W,-0.88,25.6294,35000
2023-05-28 20:06:00,85,W+R,5,False,False,False,B,-0.88,25.6698,35000
2023-05-28 20:06:09,45,W+R,0,False,False,False,B,-0.88,25.3865,35000
2023-05-28 20:06:38,105,W+R,16,False,False,False,B,-0.88,25.5468,35000
2023-05-28 20:06:55,47,W+R,0,False,False,False,B,-0.88,25.4789,35000
2023-05-28 20:07:14,52,B+R,0,False,False,False,W,-0.88,25.5225,35000
2023-05-28 20:07:42,87,W+R,7,False,False,False,B,-0.88,25.6987,35000
2023-05-28 20:08:07,68,B+R,0,False,False,False,W,-0.88,25.7987,35000
2023-05-28 20:08:36,74,B+3.5,4,False,False,False,,-0.88,25.825,35000
2023-05-28 20:08:51,43,W+R,0,False,False,False,B,-0.88,25.6027,35000
2023-05-28 20:09:30,111,W+R,8,False,False,False,B,-0.88,25.6645,35000
2023-05-28 20:10:01,88,B+R,1,False,False,False,W,-0.88,25.8178,35000
2023-05-28 20:10:22,67,W+R,4,False,False,False,B,-0.88,25.6485,35000
2023-05-28 20:10:59,93,W+R,8,False,False,False,B,-0.88,25.6807,35000
2023-05-28 20:11:44,113,W+2.5,23,True,True,False,B,-0.88,25.8596,35000
2023-05-28 20:12:17,93,W+9.5,11,True,True,False,B,-0.88,26.0178,35000
2023-05-28 20:12:28,45,W+R,0,False,False,False,B,-0.88,25.7654,35000
2023-05-28 20:13:10,108,B+R,11,False,False,False,W,-0.88,25.8448,35000
2023-05-28 20:13:25,45,W+R,0,False,False,False,B,-0.88,25.7042,35000
2023-05-28 20:13:51,75,W+R,0,False,False,False,B,-0.88,25.6531,35000
2023-05-28 20:14:28,119,W+0.5,23,True,True,False,B,-0.88,25.8208,35000
2023-05-28 20:14:49,61,W+R,1,False,False,False,B,-0.88,25.7199,35000
2023-05-28 20:15:17,71,W+R,1,False,False,False,B,-0.88,25.8642,35000
2023-05-28 20:15:31,43,W+R,0,False,False,False,B,-0.88,25.8026,35000
2023-05-28 20:16:07,84,B+R,3,False,False,False,W,-0.88,25.7743,35000
2023-05-28 20:16:49,162,W+21.5,37,True,True,False,B,-0.88,25.8693,35000
2023-05-28 20:17:03,43,W+R,0,False,False,False,B,-0.88,25.656,35000
2023-05-28 20:17:19,43,W+R,0,False,False,False,B,-0.88,25.504,35000
2023-05-28 20:17:37,49,W+R,1,False,False,False,B,-0.88,25.4305,35000
2023-05-28 20:17:59,71,W+R,2,False,False,False,B,-0.88,25.5055,35000
2023-05-28 20:18:34,123,W+2.5,21,True,True,False,B,-0.88,25.72,35000
2023-05-28 20:19:07,81,W+R,5,False,False,False,B,-0.88,25.8326,35000
2023-05-28 20:19:38,77,W+R,2,False,False,False,B,-0.88,25.8467,35000
2023-05-28 20:20:01,65,W+R,0,False,False,False,B,-0.88,25.8528,35000
2023-05-28 20:22:02,43,W+R,0,False,False,False,B,-0.88,25.9812,36000
2023-05-28 20:22:14,43,W+R,0,False,False,False,B,-0.88,25.9544,36000
2023-05-28 20:22:33,53,W+R,0,False,False,False,B,-0.88,25.8591,36000
2023-05-28 20:23:12,104,B+R,15,False,False,False,W,-0.88,25.7619,36000
2023-05-28 20:23:49,99,W+R,4,False,False,False,B,-0.88,25.9689,36000
2023-05-28 20:24:11,73,W+R,5,False,False,False,B,-0.88,26.0345,36000
2023-05-28 20:24:45,105,W+R,17,False,False,False,B,-0.88,25.8512,36000
2023-05-28 20:24:59,43,W+R,1,False,False,False,B,-0.88,25.834,36000
2023-05-28 20:25:11,43,W+R,0,False,False,False,B,-0.88,25.7527,36000
2023-05-28 20:25:28,55,W+R,3,False,False,False,B,-0.88,25.7019,36000
2023-05-28 20:26:17,162,W+13.5,40,True,True,False,B,-0.88,25.8514,36000
2023-05-28 20:26:31,43,W+R,0,False,False,False,B,-0.88,25.8308,36000
2023-05-28 20:26:51,65,W+R,2,False,False,False,B,-0.88,25.8094,36000
2023-05-28 20:27:15,70,B+R,1,False,False,False,W,-0.88,25.6853,36000
2023-05-28 20:27:28,43,W+R,0,False,False,False,B,-0.88,25.6676,36000
2023-05-28 20:27:58,85,W+R,6,False,False,False,B,-0.88,25.815,36000
2023-05-28 20:28:12,43,W+R,0,False,False,False,B,-0.88,25.7845,36000
2023-05-28 20:28:44,95,W+R,7,False,False,False,B,-0.88,25.8442,36000
2023-05-28 20:29:07,71,W+R,5,False,False,False,B,-0.88,25.6315,36000
2023-05-28 20:29:20,43,W+R,0,False,False,False,B,-0.88,25.5212,36000
2023-05-28 20:29:51,89,W+R,3,False,False,False,B,-0.88,25.4996,36000
2023-05-28 20:30:02,43,W+R,0,False,False,False,B,-0.88,25.3522,36000
2023-05-28 20:30:48,113,W+0.5,17,True,True,False,B,-0.88,25.6691,36000
2023-05-28 20:31:02,49,W+R,4,False,False,False,B,-0.88,25.7158,36000
2023-05-28 20:31:49,133,W+0.5,26,True,True,False,B,-0.88,25.6748,36000
2023-05-28 20:32:03,43,W+R,0,False,False,False,B,-0.88,25.6903,36000
2023-05-28 20:32:37,97,W+R,4,False,False,False,B,-0.88,25.8754,36000
2023-05-28 20:32:58,67,W+R,0,False,False,False,B,-0.88,25.8869,36000
2023-05-28 20:33:29,92,B+R,0,False,False,False,W,-0.88,25.8015,36000
2023-05-28 20:34:03,93,W+R,11,False,False,False,B,-0.88,25.8577,36000
2023-05-28 20:34:18,47,W+R,3,False,False,False,B,-0.88,25.8689,36000
2023-05-28 20:34:35,52,B+R,0,False,False,False,W,-0.88,25.8424,36000
2023-05-28 20:35:04,93,W+R,1,False,False,False,B,-0.88,25.7609,36000
2023-05-28 20:35:22,53,W+R,0,False,False,False,B,-0.88,25.5339,36000
2023-05-28 20:35:35,43,W+R,0,False,False,False,B,-0.88,25.2722,36000
2023-05-28 20:35:50,49,W+R,0,False,False,False,B,-0.88,25.2917,36000
2023-05-28 20:36:20,101,W+R,8,False,False,False,B,-0.88,25.4522,36000
2023-05-28 20:36:36,55,W+R,2,False,False,False,B,-0.88,25.3613,36000
2023-05-28 20:36:52,56,W+1.5,3,True,True,False,B,-0.88,25.3931,36000
2023-05-28 20:37:40,162,W+3.5,21,True,True,False,B,-0.88,25.7243,36000
2023-05-28 20:38:08,86,B+R,2,False,False,False,W,-0.88,25.6459,36000
2023-05-28 20:38:32,62,B+R,0,False,False,False,W,-0.88,25.7549,36000
2023-05-28 20:39:19,127,B+4.5,20,True,True,False,W,-0.88,26.0685,36000
2023-05-28 20:39:34,43,W+R,0,False,False,False,B,-0.88,25.7651,36000
2023-05-28 20:40:02,84,B+R,0,False,False,False,W,-0.88,25.6856,36000
2023-05-28 20:41:31,79,W+R,7,False,False,False,B,-0.88,25.8977,37000
2023-05-28 20:42:23,162,W+8.5,37,True,True,False,B,-0.88,26.1554,37000
2023-05-28 20:42:48,69,W+R,2,False,False,False,B,-0.88,26.0274,37000
2023-05-28 20:43:24,96,B+R,15,False,False,False,W,-0.88,26.06,37000
2023-05-28 20:43:51,84,B+R,7,False,False,False,W,-0.88,26.1855,37000
2023-05-28 20:44:17,77,W+R,2,False,False,False,B,-0.88,26.2824,37000
2023-05-28 20:44:47,84,B+R,2,False,False,False,W,-0.88,26.0982,37000
2023-05-28 20:45:14,82,B+R,1,False,False,False,W,-0.88,26.1758,37000
2023-05-28 20:46:02,161,W+R,29,False,False,False,B,-0.88,26.2145,37000
2023-05-28 20:46:23,64,B+R,0,False,False,False,W,-0.88,25.9868,37000
2023-05-28 20:46:58,88,W+2.5,14,True,False,False,,-0.88,26.2016,37000
2023-05-28 20:47:17,53,W+R,2,False,False,False,B,-0.88,26.1357,37000
2023-05-28 20:47:53,162,W+11.5,25,True,True,False,B,-0.88,26.2741,37000
2023-05-28 20:48:09,51,W+R,0,False,False,False,B,-0.88,26.2007,37000
2023-05-28 20:49:01,132,B+1.5,17,True,True,False,W,-0.88,26.4677,37000
2023-05-28 20:49:16,43,W+R,0,False,False,False,B,-0.88,26.3214,37000
2023-05-28 20:49:32,61,W+R,2,False,False,False,B,-0.88,26.2064,37000
2023-05-28 20:49:51,63,W+R,0,False,False,False,B,-0.88,26.0924,37000
2023-05-28 20:50:47,161,W+R,23,False,False,False,B,-0.88,26.3972,37000
2023-05-28 20:51:08,69,W+R,3,False,False,False,B,-0.88,26.4371,37000
2023-05-28 20:51:31,73,W+R,6,False,False,False,B,-0.88,26.3273,37000
2023-05-28 20:52:06,89,W+R,13,False,False,False,B,-0.88,26.5846,37000
2023-05-28 20:52:45,161,W+R,26,False,False,False,B,-0.88,26.6795,37000
2023-05-28 20:53:31,106,B+R,16,False,False,False,W,-0.88,26.9752,37000
2023-05-28 20:53:59,75,W+R,3,False,False,False,B,-0.88,27.0626,37000
2023-05-28 20:54:38,113,W+R,19,False,False,False,B,-0.88,27.1712,37000
2023-05-28 20:55:15,104,B+R,13,False,False,False,W,-0.88,27.2923,37000
2023-05-28 20:55:39,70,B+R,0,False,False,False,W,-0.88,27.2501,37000
2023-05-28 20:56:32,147,W+R,18,False,False,False,B,-0.88,27.622,37000
2023-05-28 20:56:50,57,W+R,6,False,False,False,B,-0.88,27.4099,37000
2023-05-28 20:57:08,59,W+R,1,False,False,False,B,-0.88,27.2821,37000
2023-05-28 20:57:43,96,B+R,12,False,False,False,W,-0.88,27.4259,37000
2023-05-28 20:57:55,43,W+R,0,False,False,False,B,-0.88,27.1725,37000
2023-05-28 20:58:13,59,W+R,2,False,False,False,B,-0.88,26.8981,37000
2023-05-28 20:58:36,73,W+R,2,False,False,False,B,-0.88,26.8064,37000
2023-05-28 20:59:12,93,W+R,8,False,False,False,B,-0.88,27.0537,37000
2023-05-28 20:59:59,143,W+R,24,False,False,False,B,-0.88,27.1043,37000
2023-05-28 21:00:20,60,B+R,0,False,False,False,W,-0.88,27.1621,37000
2023-05-28 21:00:39,63,W+R,1,False,False,False,B,-0.88,27.0907,37000
2023-05-28 21:01:09,99,W+R,10,False,False,False,B,-0.88,27.0262,37000
2023-05-28 21:02:26,55,W+R,0,False,False,False,B,-0.88,26.9502,38000
2023-05-28 21:02:59,113,W+R,24,False,False,False,B,-0.88,27.1326,38000
2023-05-28 21:03:12,43,W+R,0,False,False,False,B,-0.88,26.9055,38000
2023-05-28 21:03:48,88,B+R,5,False,False,False,W,-0.88,26.8472,38000
2023-05-28 21:04:26,103,W+2.5,17,True,True,False,B,-0.88,27.0836,38000
2023-05-28 21:04:56,86,W+2.5,3,True,False,False,,-0.88,27.2257,38000
2023-05-28 21:05:18,71,W+R,4,False,False,False,B,-0.88,27.2676,38000
2023-05-28 21:06:02,118,B+3.5,27,True,True,False,W,-0.88,27.4834,38000
2023-05-28 21:06:38,99,B+1.5,12,False,False,False,,-0.88,27.5045,38000
2023-05-28 21:06:56,55,W+R,0,False,False,False,B,-0.88,27.3473,38000
2023-05-28 21:07:11,43,W+R,1,False,False,False,B,-0.88,27.1836,38000
2023-05-28 21:07:33,73,W+R,5,False,False,False,B,-0.88,27.1763,38000
2023-05-28 21:07:55,69,W+R,2,False,False,False,B,-0.88,26.846,38000
2023-05-28 21:08:19,69,B+4.5,3,True,True,False,W,-0.88,26.9652,38000
2023-05-28 21:08:38,56,B+R,0,False,False,False,W,-0.88,27.0339,38000
2023-05-28 21:08:57,57,W+R,2,False,False,False,B,-0.88,27.0338,38000
2023-05-28 21:09:10,43,W+R,0,False,False,False,B,-0.88,26.7767,38000
2023-05-28 21:09:24,43,W+R,0,False,False,False,B,-0.88,26.5363,38000
2023-05-28 21:09:57,99,W+3.5,11,True,True,False,B,-0.88,26.6571,38000
2023-05-28 21:10:11,43,W+R,0,False,False,False,B,-0.88,26.4538,38000
2023-05-28 21:10:45,91,W+R,16,False,False,False,B,-0.88,26.6559,38000
2023-05-28 21:10:59,43,W+R,0,False,False,False,B,-0.88,26.6667,38000
2023-05-28 21:11:31,97,W+1.5,18,True,True,False,B,-0.88,26.8255,38000
2023-05-28 21:12:18,141,W+3.5,24,True,True,False,B,-0.88,26.8071,38000
2023-05-28 21:12:43,75,W+R,6,False,False,False,B,-0.88,26.9136,38000
2023-05-28 21:13:24,121,W+2.5,22,True,True,False,B,-0.88,27.1199,38000
2023-05-28 21:13:48,69,W+R,0,False,False,False,B,-0.88,27.1215,38000
2023-05-28 21:14:02,43,W+R,0,False,False,False,B,-0.88,27.1317,38000
2023-05-28 21:14:26,70,B+R,1,False,False,False,W,-0.88,27.0777,38000
2023-05-28 21:14:47,63,W+R,1,False,False,False,B,-0.88,27.1422,38000
2023-05-28 21:15:25,115,W+R,18,False,False,False,B,-0.88,27.2005,38000
2023-05-28 21:16:11,161,W+R,33,False,False,False,B,-0.88,27.4393,38000
2023-05-28 21:16:37,87,W+R,6,False,False,False,B,-0.88,27.5659,38000
2023-05-28 21:16:57,65,W+R,1,False,False,False,B,-0.88,27.4564,38000
2023-05-28 21:17:17,59,B+0.5,7,False,False,False,,-0.88,27.5398,38000
2023-05-28 21:17:59,161,W+R,37,False,False,False,B,-0.88,27.5074,38000
2023-05-28 21:18:28,81,W+R,9,False,False,False,B,-0.88,27.6487,38000
2023-05-28 21:19:01,84,B+R,3,False,False,False,W,-0.88,27.5207,38000
2023-05-28 21:19:24,67,W+R,1,False,False,False,B,-0.88,27.6105,38000
2023-05-28 21:20:06,108,B+R,13,False,False,False,W,-0.88,27.6838,38000
2023-05-28 21:20:45,111,W+R,16,False,False,False,B,-0.88,27.8609,38000
2023-05-28 21:21:02,57,W+R,0,False,False,False,B,-0.88,27.7204,38000
2023-05-28 21:21:35,84,W+0.5,7,False,False,False,,-0.88,27.7109,38000
2023-05-28 21:21:49,43,W+R,0,False,False,False,B,-0.88,27.6982,38000
2023-05-28 21:22:01,43,W+R,0,False,False,False,B,-0.88,27.657,38000
2023-05-28 21:23:32,79,W+R,6,False,False,False,B,-0.88,27.6859,39000
2023-05-28 21:23:57,78,B+R,5,False,False,False,W,-0.88,27.8168,39000
2023-05-28 21:24:16,59,W+R,1,False,False,False,B,-0.88,27.8558,39000
2023-05-28 21:24:49,99,B+1.5,8,True,True,False,W,-0.88,27.8759,39000
2023-05-28 21:25:24,157,W+R,28,False,False,False,B,-0.88,28.0736,39000
2023-05-28 21:26:03,110,B+5.5,10,True,True,False,W,-0.88,28.293,39000
2023-05-28 21:26:33,78,B+R,0,False,False,False,W,-0.88,28.1189,39000
2023-05-28 21:26:55,60,B+R,0,False,False,False,W,-0.88,28.0604,39000
2023-05-28 21:27:09,43,W+R,0,False,False,False,B,-0.88,27.9617,39000
2023-05-28 21:27:19,43,W+R,0,False,False,False,B,-0.88,27.5826,39000
2023-05-28 21:27:36,67,W+R,1,False,False,False,B,-0.88,27.6038,39000
2023-05-28 21:27:54,53,W+R,0,False,False,False,B,-0.88,27.5117,39000
2023-05-28 21:28:17,78,B+R,4,False,False,False,W,-0.88,27.5464,39000
2023-05-28 21:28:43,75,W+R,5,False,False,False,B,-0.88,27.5606,39000
2023-05-28 21:29:33,160,B+R,40,False,False,False,W,-0.88,27.535,39000
2023-05-28 21:29:57,77,W+R,2,False,False,False,B,-0.88,27.5305,39000
2023-05-28 21:30:26,87,W+R,2,False,False,False,B,-0.88,27.4569,39000
2023-05-28 21:30:50,73,W+R,2,False,False,False,B,-0.88,27.423,39000
2023-05-28 21:31:07,61,W+R,0,False,False,False,B,-0.88,27.3343,39000
2023-05-28 21:31:20,43,W+R,0,False,False,False,B,-0.88,27.1625,39000
2023-05-28 21:31:49,92,B+R,4,False,False,False,W,-0.88,27.1854,39000
2023-05-28 21:32:02,43,W+R,0,False,False,False,B,-0.88,26.8423,39000
2023-05-28 21:32:19,61,W+R,0,False,False,False,B,-0.88,26.7966,39000
2023-05-28 21:32:32,51,W+R,1,False,False,False,B,-0.88,26.5789,39000
2023-05-28 21:32:52,78,W+4.5,2,True,True,False,B,-0.88,26.5883,39000
2023-05-28 21:33:39,161,B+0.5,25,False,False,False,,-0.88,26.7033,39000
2023-05-28 21:34:03,73,W+R,2,False,False,False,B,-0.88,26.7753,39000
2023-05-28 21:34:22,71,W+R,1,False,False,False,B,-0.88,26.4426,39000
2023-05-28 21:34:34,45,W+R,0,False,False,False,B,-0.88,26.4134,39000
2023-05-28 21:34:52,69,W+R,0,False,False,False,B,-0.88,26.4375,39000
2023-05-28 21:35:17,71,W+R,2,False,False,False,B,-0.88,26.4988,39000
2023-05-28 21:35:33,55,W+R,0,False,False,False,B,-0.88,26.098,39000
2023-05-28 21:36:14,125,W+11.5,21,True,True,False,B,-0.88,26.3011,39000
2023-05-28 21:36:28,43,W+R,0,False,False,False,B,-0.88,26.2038,39000
2023-05-28 21:36:43,45,W+R,3,False,False,False,B,-0.88,25.9977,39000
2023-05-28 21:37:13,80,W+0.5,3,False,False,False,,-0.88,25.9178,39000
2023-05-28 21:37:26,43,W+R,0,False,False,False,B,-0.88,25.5823,39000
2023-05-28 21:37:39,43,W+R,0,False,False,False,B,-0.88,25.4449,39000
2023-05-28 21:37:57,51,W+R,0,False,False,False,B,-0.88,25.229,39000
2023-05-28 21:38:12,49,W+R,0,False,False,False,B,-0.88,25.0094,39000
2023-05-28 21:38:36,68,B+R,2,False,False,False,W,-0.88,25.002,39000
2023-05-28 21:39:12,101,W+2.5,15,True,True,False,B,-0.88,24.8427,39000
2023-05-28 21:39:33,71,W+R,4,False,False,False,B,-0.88,24.8711,39000
2023-05-28 21:39:45,43,W+R,0,False,False,False,B,-0.88,24.8063,39000
2023-05-28 21:40:10,96,B+R,2,False,False,False,W,-0.88,24.7035,39000
2023-05-28 21:40:34,69,W+R,0,False,False,False,B,-0.88,24.8236,39000
2023-05-28 21:41:56,60,B+R,6,False,False,False,W,-0.88,24.7311,40000
2023-05-28 21:42:31,157,W+R,34,False,False,False,B,-0.88,24.7146,40000
2023-05-28 21:42:48,51,W+R,3,False,False,False,B,-0.88,24.4168,40000
2023-05-28 21:43:23,85,W+0.5,14,True,True,False,B,-0.88,24.5616,40000
2023-05-28 21:43:37,43,W+R,0,False,False,False,B,-0.88,24.514,40000
2023-05-28 21:44:12,92,W+0.5,17,True,True,False,B,-0.88,24.5502,40000
2023-05-28 21:44:22,43,W+R,0,False,False,False,B,-0.88,24.441,40000
2023-05-28 21:44:37,43,W+R,0,False,False,False,B,-0.88,24.3938,40000
2023-05-28 21:45:15,162,W+8.5,33,True,True,False,B,-0.88,24.4524,40000
2023-05-28 21:45:56,131,W+1.5,23,True,True,False,B,-0.88,24.7279,40000
2023-05-28 21:46:26,81,W+R,5,False,False,False,B,-0.88,24.6632,40000
2023-05-28 21:46:39,47,W+R,0,False,False,False,B,-0.88,24.4126,40000
2023-05-28 21:46:53,43,W+R,0,False,False,False,B,-0.88,24.2581,40000
2023-05-28 21:47:07,43,W+R,0,False,False,False,B,-0.88,24.1797,40000
2023-05-28 21:47:43,89,B+4.5,4,True,True,False,W,-0.88,24.0953,40000
2023-05-28 21:48:13,79,W+R,5,False,False,False,B,-0.88,24.0276,40000
2023-05-28 21:48:53,123,W+0.5,21,True,True,False,B,-0.88,24.2591,40000
2023-05-28 21:49:20,73,W+R,4,False,False,False,B,-0.88,24.3806,40000
2023-05-28 21:49:57,149,W+R,30,False,False,False,B,-0.88,24.5221,40000
2023-05-28 21:50:26,89,W+R,5,False,False,False,B,-0.88,24.6016,40000
2023-05-28 21:50:47,74,B+R,3,False,False,False,W,-0.88,24.5624,40000
2023-05-28 21:51:17,106,B+R,15,False,False,False,W,-0.88,24.6703,40000
2023-05-28 21:51:34,55,W+R,0,False,False,False,B,-0.88,24.6576,40000
2023-05-28 21:52:04,98,B+0.5,12,True,True,False,W,-0.88,24.8257,40000
2023-05-28 21:52:25,63,W+R,0,False,False,False,B,-0.88,24.8991,40000
2023-05-28 21:52:57,112,B+R,16,False,False,False,W,-0.88,24.8854,40000
2023-05-28 21:53:15,67,W+R,5,False,False,False,B,-0.88,24.9171,40000
2023-05-28 21:53:28,43,W+R,0,False,False,False,B,-0.88,24.7163,40000
2023-05-28 21:53:58,88,B+R,8,False,False,False,W,-0.88,24.8812,40000
2023-05-28 21:54:15,57,W+R,1,False,False,False,B,-0.88,24.7288,40000
2023-05-28 21:54:33,59,W+R,1,False,False,False,B,-0.88,24.4311,40000
2023-05-28 21:54:48,49,W+R,2,False,False,False,B,-0.88,24.3334,40000
2023-05-28 21:54:59,43,W+R,0,False,False,False,B,-0.88,24.0349,40000
2023-05-28 21:55:14,61,W+R,1,False,False,False,B,-0.88,23.9486,40000
2023-05-28 21:55:45,103,W+0.5,16,True,True,False,B,-0.88,24.1178,40000
2023-05-28 21:56:08,77,W+R,0,False,False,False,B,-0.88,24.0977,40000
2023-05-28 21:56:18,43,W+R,0,False,False,False,B,-0.88,23.9968,40000
2023-05-28 21:56:41,64,B+R,0,False,False,False,W,-0.88,23.8541,40000
2023-05-28 21:57:12,92,B+R,8,False,False,False,W,-0.88,23.6893,40000
2023-05-28 21:57:27,42,B+R,1,False,False,False,W,-0.88,23.5841,40000
2023-05-28 21:58:00,102,W+0.5,12,True,True,False,B,-0.88,23.7115,40000
2023-05-28 21:58:11,43,W+R,0,False,False,False,B,-0.88,23.6295,40000
2023-05-28 21:58:44,84,B+R,6,False,False,False,W,-0.88,23.5385,40000
2023-05-28 21:59:03,69,W+R,7,False,False,False,B,-0.88,23.4382,40000
2023-05-28 22:01:21,141,W+5.5,31,True,True,False,B,-0.88,23.8414,41000
2023-05-28 22:01:36,44,B+R,3,False,False,False,W,-0.88,23.5672,41000
2023-05-28 22:02:10,86,B+R,3,False,False,False,W,-0.88,23.521,41000
2023-05-28 22:02:27,53,W+R,0,False,False,False,B,-0.88,23.5146,41000
2023-05-28 22:02:40,47,W+R,0,False,False,False,B,-0.88,23.3192,41000
2023-05-28 22:03:20,127,W+R,11,False,False,False,B,-0.88,23.5772,41000
2023-05-28 22:03:34,42,B+R,0,False,False,False,W,-0.88,23.5999,41000
2023-05-28 22:03:47,43,W+R,0,False,False,False,B,-0.88,23.4818,41000
2023-05-28 22:03:56,43,W+R,0,False,False,False,B,-0.88,23.3185,41000
2023-05-28 22:04:19,75,W+0.5,6,False,False,False,,-0.88,23.2861,41000
2023-05-28 22:04:32,43,W+R,0,False,False,False,B,-0.88,23.2268,41000
2023-05-28 22:05:02,92,B+R,7,False,False,False,W,-0.88,23.2089,41000
2023-05-28 22:05:46,157,W+R,26,False,False,False,B,-0.88,23.2957,41000
2023-05-28 22:06:16,81,W+R,2,False,False,False,B,-0.88,23.2031,41000
2023-05-28 22:06:46,83,W+R,9,False,False,False,B,-0.88,23.2031,41000
2023-05-28 22:06:55,43,W+R,0,False,False,False,B,-0.88,23.0721,41000
2023-05-28 22:07:35,135,B+0.5,15,True,True,False,W,-0.88,23.3234,41000
2023-05-28 22:07:49,47,W+R,0,False,False,False,B,-0.88,23.3752,41000
2023-05-28 22:08:08,66,B+R,3,False,False,False,W,-0.88,23.3957,41000
2023-05-28 22:08:27,61,W+R,3,False,False,False,B,-0.88,23.4016,41000
2023-05-28 22:08:46,71,W+R,2,False,False,False,B,-0.88,23.3668,41000
2023-05-28 22:09:16,89,W+R,5,False,False,False,B,-0.88,23.4058,41000
2023-05-28 22:09:46,84,B+R,5,False,False,False,W,-0.88,23.2058,41000
2023-05-28 22:10:03,59,W+R,0,False,False,False,B,-0.88,23.1328,41000
2023-05-28 22:10:55,142,B+2.5,18,True,True,False,W,-0.88,23.3545,41000
2023-05-28 22:11:12,57,W+R,0,False,False,False,B,-0.88,23.2927,41000
2023-05-28 22:11:47,108,B+R,15,False,False,False,W,-0.88,23.4769,41000
2023-05-28 22:12:10,65,W+R,4,False,False,False,B,-0.88,23.5779,41000
2023-05-28 22:12:36,85,B+1.5,11,False,False,False,,-0.88,23.5427,41000
2023-05-28 22:12:45,43,W+R,0,False,False,False,B,-0.88,23.5018,41000
2023-05-28 22:13:30,162,W+3.5,22,False,False,False,,-0.88,23.7834,41000
2023-05-28 22:13:49,59,W+R,0,False,False,False,B,-0.88,23.8365,41000
2023-05-28 22:14:17,89,W+8.5,11,True,True,False,B,-0.88,23.9254,41000
2023-05-28 22:14:43,79,W+R,4,False,False,False,B,-0.88,23.7088,41000
2023-05-28 22:15:03,65,W+R,5,False,False,False,B,-0.88,23.6795,41000
2023-05-28 22:15:46,161,W+R,38,False,False,False,B,-0.88,23.9113,41000
2023-05-28 22:16:29,140,B+R,25,False,False,False,W,-0.88,24.2298,41000
2023-05-28 22:17:17,162,W+8.5,35,True,True,False,B,-0.88,24.5216,41000
2023-05-28 22:17:34,59,W+R,2,False,False,False,B,-0.88,24.4481,41000
2023-05-28 22:18:15,117,W+4.5,15,True,True,False,B,-0.88,24.6901,41000
2023-05-28 22:19:42,43,W+R,0,False,False,False,B,-0.88,24.6655,42000
2023-05-28 22:20:23,161,W+R,40,False,False,False,B,-0.88,24.9318,42000
2023-05-28 22:20:51,81,W+R,2,False,False,False,B,-0.88,24.9146,42000
2023-05-28 22:21:25,94,B+R,7,False,False,False,W,-0.88,25.124,42000
2023-05-28 22:21:39,43,W+R,0,False,False,False,B,-0.88,25.1203,42000
2023-05-28 22:22:12,87,B+3.5,6,False,False,False,,-0.88,25.2814,42000
2023-05-28 22:22:29,59,W+R,0,False,False,False,B,-0.88,25.2995,42000
2023-05-28 22:23:23,161,W+R,35,False,False,False,B,-0.88,25.5981,42000
2023-05-28 22:23:36,43,W+R,0,False,False,False,B,-0.88,25.3644,42000
2023-05-28 22:23:49,43,W+R,0,False,False,False,B,-0.88,25.2893,42000
2023-05-28 22:24:40,162,W+5.5,38,False,False,False,,-0.88,25.6843,42000
2023-05-28 22:24:55,51,W+R,0,False,False,False,B,-0.88,25.5814,42000
2023-05-28 22:25:09,43,W+R,0,False,False,False,B,-0.88,25.4773,42000
2023-05-28 22:25:20,43,W+R,0,False,False,False,B,-0.88,25.4854,42000
2023-05-28 22:25:58,103,W+R,7,False,False,False,B,-0.88,25.6498,42000
2023-05-28 22:26:12,47,W+R,0,False,False,False,B,-0.88,25.4469,42000
2023-05-28 22:26:40,80,W+1.5,7,False,False,False,,-0.88,25.5574,42000
2023-05-28 22:27:10,86,B+R,8,False,False,False,W,-0.88,25.5057,42000
2023-05-28 22:27:42,92,B+R,4,False,False,False,W,-0.88,25.6882,42000
2023-05-28 22:28:12,77,W+R,1,False,False,False,B,-0.88,25.6437,42000
2023-05-28 22:28:33,57,W+R,2,False,False,False,B,-0.88,25.7417,42000
2023-05-28 22:29:22,134,B+R,24,False,False,False,W,-0.88,26.0912,42000
2023-05-28 22:30:12,162,W+17.5,23,True,True,False,B,-0.88,26.2022,42000
2023-05-28 22:30:44,85,W+R,5,False,False,False,B,-0.88,26.1117,42000
2023-05-28 22:31:21,96,B+R,5,False,False,False,W,-0.88,26.1821,42000
2023-05-28 22:31:44,77,W+4.5,4,True,True,False,B,-0.88,26.2852,42000
2023-05-28 22:32:16,80,B+R,6,False,False,False,W,-0.88,26.4666,42000
2023-05-28 22:32:30,43,W+R,0,False,False,False,B,-0.88,26.4645,42000
2023-05-28 22:32:54,71,W+R,6,False,False,False,B,-0.88,26.3503,42000
2023-05-28 22:33:25,79,W+R,1,False,False,False,B,-0.88,26.3659,42000
2023-05-28 22:34:03,114,B+R,15,False,False,False,W,-0.88,26.3337,42000
2023-05-28 22:34:15,43,W+R,0,False,False,False,B,-0.88,26.1802,42000
2023-05-28 22:34:34,67,W+R,1,False,False,False,B,-0.88,26.0085,42000
2023-05-28 22:34:46,43,W+R,0,False,False,False,B,-0.88,25.8365,42000
2023-05-28 22:35:06,65,W+R,0,False,False,False,B,-0.88,25.828,42000
2023-05-28 22:35:32,88,B+R,5,False,False,False,W,-0.88,25.7909,42000
2023-05-28 22:35:50,57,W+R,1,False,False,False,B,-0.88,25.7918,42000
2023-05-28 22:36:20,82,B+R,2,False,False,False,W,-0.88,25.7985,42000
2023-05-28 22:36:39,66,B+R,3,False,False,False,W,-0.88,25.7776,42000
2023-05-28 22:37:16,157,W+R,31,False,False,False,B,-0.88,25.8314,42000
2023-05-28 22:37:46,85,B+4.5,2,True,True,False,W,-0.88,25.9472,42000
2023-05-28 22:37:56,43,W+R,0,False,False,False,B,-0.88,25.9116,42000
2023-05-28 22:38:45,162,W+6.5,37,True,True,False,B,-0.88,26.1034,42000
2023-05-28 22:39:22,105,W+0.5,11,False,False,False,,-0.88,26.3082,42000
2023-05-28 22:40:47,62,B+R,0,False,False,False,W,-0.88,26.3513,43000
2023-05-28 22:41:08,67,W+R,3,False,False,False,B,-0.88,26.4562,43000
2023-05-28 22:41:47,94,B+R,4,False,False,False,W,-0.88,26.6894,43000
2023-05-28 22:42:15,71,W+R,4,False,False,False,B,-0.88,26.6606,43000
2023-05-28 22:42:44,83,W+0.5,6,False,False,False,,-0.88,26.7225,43000
2023-05-28 22:43:21,105,W+R,12,False,False,False,B,-0.88,26.9832,43000
2023-05-28 22:43:35,53,W+R,0,False,False,False,B,-0.88,26.9004,43000
2023-05-28 22:43:59,66,B+R,3,False,False,False,W,-0.88,26.8394,43000
2023-05-28 22:44:19,63,W+R,0,False,False,False,B,-0.88,26.8816,43000
2023-05-28 22:44:32,43,W+R,0,False,False,False,B,-0.88,26.678,43000
2023-05-28 22:44:50,63,W+R,3,False,False,False,B,-0.88,26.7425,43000
2023-05-28 22:45:28,104,W+0.5,12,False,False,False,,-0.88,26.7938,43000
2023-05-28 22:45:44,56,B+R,0,False,False,False,W,-0.88,26.7745,43000
2023-05-28 22:45:57,43,W+R,0,False,False,False,B,-0.88,26.4288,43000
2023-05-28 22:46:36,101,B+1.5,25,False,False,False,,-0.88,26.3225,43000
2023-05-28 22:47:11,100,B+R,0,False,False,False,W,-0.88,26.529,43000
2023-05-28 22:47:33,85,W+R,7,False,False,False,B,-0.88,26.4077,43000
2023-05-28 22:47:48,43,W+R,0,False,False,False,B,-0.88,26.3903,43000
2023-05-28 22:48:04,55,W+R,0,False,False,False,B,-0.88,26.4172,43000
2023-05-28 22:48:19,45,W+R,0,False,False,False,B,-0.88,26.1733,43000
2023-05-28 22:48:32,43,W+R,0,False,False,False,B,-0.88,26.1577,43000
2023-05-28 22:48:54,67,W+R,0,False,False,False,B,-0.88,26.2497,43000
2023-05-28 22:49:04,43,W+R,2,False,False,False,B,-0.88,26.2578,43000
2023-05-28 22:49:17,47,W+R,0,False,False,False,B,-0.88,26.165,43000
2023-05-28 22:49:45,97,W+R,5,False,False,False,B,-0.88,26.3159,43000
2023-05-28 22:50:01,49,W+R,0,False,False,False,B,-0.88,26.1597,43000
2023-05-28 22:50:47,119,W+R,14,False,False,False,B,-0.88,26.1788,43000
2023-05-28 22:51:17,107,W+R,11,False,False,False,B,-0.88,26.1902,43000
2023-05-28 22:51:45,84,B+R,1,False,False,False,W,-0.88,26.166,43000
2023-05-28 22:51:56,45,W+R,0,False,False,False,B,-0.88,26.1896,43000
2023-05-28 22:52:18,71,W+R,7,False,False,False,B,-0.88,26.0171,43000
2023-05-28 22:52:42,70,B+1.5,4,False,False,False,,-0.88,26.1129,43000
2023-05-28 22:53:01,55,W+R,2,False,False,False,B,-0.88,26.1085,43000
2023-05-28 22:53:25,76,B+R,0,False,False,False,W,-0.88,26.154,43000
2023-05-28 22:53:42,52,B+R,0,False,False,False,W,-0.88,26.1378,43000
2023-05-28 22:54:06,69,W+R,0,False,False,False,B,-0.88,26.072,43000
2023-05-28 22:54:23,59,W+R,3,False,False,False,B,-0.88,25.9438,43000
2023-05-28 22:54:55,90,B+R,6,False,False,False,W,-0.88,26.0969,43000
2023-05-28 22:55:09,43,W+R,0,False,False,False,B,-0.88,25.7177,43000
2023-05-28 22:55:30,57,W+R,0,False,False,False,B,-0.88,25.7599,43000
2023-05-28 22:55:51,69,W+R,5,False,False,False,B,-0.88,25.6141,43000
2023-05-28 22:56:23,98,W+0.5,13,False,False,False,,-0.88,25.7072,43000
2023-05-28 22:56:47,62,B+R,0,False,False,False,W,-0.88,25.6921,43000
2023-05-28 22:57:07,63,W+R,1,False,False,False,B,-0.88,25.7939,43000
2023-05-28 22:57:32,83,W+R,3,False,False,False,B,-0.88,25.5993,43000
2023-05-28 22:57:48,43,W+R,1,False,False,False,B,-0.88,25.5746,43000
2023-05-28 22:58:11,77,W+R,8,False,False,False,B,-0.88,25.5219,43000
2023-05-28 22:58:32,58,B+R,0,False,False,False,W,-0.88,25.4671,43000
2023-05-28 23:00:13,89,W+R,5,False,False,False,B,-0.88,25.4381,44000
2023-05-28 23:00:51,105,W+3.5,15,True,True,False,B,-0.88,25.3774,44000
2023-05-28 23:01:07,49,W+R,0,False,False,False,B,-0.88,25.0559,44000
2023-05-28 23:01:20,43,W+R,1,False,False,False,B,-0.88,25.021,44000
2023-05-28 23:01:32,43,W+R,0,False,False,False,B,-0.88,24.7339,44000
2023-05-28 23:01:46,45,W+R,0,False,False,False,B,-0.88,24.4987,44000
2023-05-28 23:02:21,104,B+R,1,False,False,False,W,-0.88,24.6943,44000
2023-05-28 23:02:37,78,W+6.5,7,True,True,False,B,-0.88,24.4443,44000
2023-05-28 23:03:17,159,W+R,18,False,False,False,B,-0.88,24.558,44000
2023-05-28 23:03:33,49,W+R,0,False,False,False,B,-0.88,24.3807,44000
2023-05-28 23:03:47,51,W+R,0,False,False,False,B,-0.88,24.39,44000
2023-05-28 23:04:13,97,W+R,11,False,False,False,B,-0.88,24.3148,44000
2023-05-28 23:04:52,162,W+14.5,28,True,True,False,B,-0.88,24.5369,44000
2023-05-28 23:05:15,69,W+R,2,False,False,False,B,-0.88,24.2288,44000
2023-05-28 23:05:40,70,B+R,0,False,False,False,W,-0.88,24.3506,44000
2023-05-28 23:05:58,53,W+R,0,False,False,False,B,-0.88,24.3916,44000
2023-05-28 23:06:35,102,B+R,13,False,False,False,W,-0.88,24.2547,44000
2023-05-28 23:07:02,73,W+R,1,False,False,False,B,-0.88,24.3765,44000
2023-05-28 23:07:16,45,W+R,0,False,False,False,B,-0.88,24.3814,44000
2023-05-28 23:08:02,118,B+2.5,13,True,True,False,W,-0.88,24.7215,44000
2023-05-28 23:08:28,77,W+R,4,False,False,False,B,-0.88,24.6067,44000
2023-05-28 23:08:50,71,W+R,3,False,False,False,B,-0.88,24.6862,44000
2023-05-28 23:09:25,87,W+R,6,False,False,False,B,-0.88,24.7506,44000
2023-05-28 23:09:40,51,W+R,2,False,False,False,B,-0.88,24.6091,44000
2023-05-28 23:09:54,43,W+R,0,False,False,False,B,-0.88,24.4206,44000
2023-05-28 23:10:13,57,W+R,1,False,False,False,B,-0.88,24.3092,44000
2023-05-28 23:10:31,57,W+R,1,False,False,False,B,-0.88,24.291,44000
2023-05-28 23:10:48,55,W+R,0,False,False,False,B,-0.88,23.9666,44000
2023-05-28 23:11:12,62,B+R,0,False,False,False,W,-0.88,23.7051,44000
2023-05-28 23:11:26,48,B+R,0,False,False,False,W,-0.88,23.5214,44000
2023-05-28 23:11:38,49,W+R,0,False,False,False,B,-0.88,23.2757,44000
2023-05-28 23:12:01,79,W+R,7,False,False,False,B,-0.88,23.2811,44000
2023-05-28 23:12:26,88,B+R,0,False,False,False,W,-0.88,23.207,44000
2023-05-28 23:12:40,43,W+R,0,False,False,False,B,-0.88,23.2091,44000
2023-05-28 23:13:03,75,W+R,4,False,False,False,B,-0.88,23.1979,44000
2023-05-28 23:13:18,43,W+R,0,False,False,False,B,-0.88,23.0327,44000
2023-05-28 23:13:47,95,W+1.5,8,True,True,False,B,-0.88,22.943,44000
2023-05-28 23:14:12,72,B+R,0,False,False,False,W,-0.88,23.081,44000
2023-05-28 23:14:23,43,W+R,1,False,False,False,B,-0.88,22.9977,44000
2023-05-28 23:14:45,71,W+R,4,False,False,False,B,-0.88,23.0934,44000
2023-05-28 23:15:21,95,W+5.5,5,True,True,False,B,-0.88,23.2489,44000
2023-05-28 23:15:35,43,W+R,0,False,False,False,B,-0.88,23.1356,44000
2023-05-28 23:15:57,64,B+R,2,False,False,False,W,-0.88,23.1735,44000
2023-05-28 23:16:25,83,W+R,6,False,False,False,B,-0.88,23.1527,44000
2023-05-28 23:16:54,85,W+R,6,False,False,False,B,-0.88,23.2522,44000
2023-05-28 23:17:11,51,W+R,0,False,False,False,B,-0.88,23.0492,44000
2023-05-28 23:17:23,43,W+R,0,False,False,False,B,-0.88,22.8841,44000
2023-05-28 23:19:04,53,W+R,0,False,False,False,B,-0.88,22.8075,45000
2023-05-28 23:19:38,107,B+1.5,12,True,True,True,B,-0.88,22.7756,45000
2023-05-28 23:19:57,56,B+R,0,False,False,False,W,-0.88,22.8224,45000
2023-05-28 23:20:44,161,W+R,22,False,False,False,B,-0.88,23.0676,45000
2023-05-28 23:21:14,71,W+R,0,False,False,False,B,-0.88,23.1538,45000
2023-05-28 23:21:51,114,B+R,19,False,False,False,W,-0.88,23.1316,45000
2023-05-28 23:22:21,90,B+R,11,False,False,False,W,-0.88,23.157,45000
2023-05-28 23:22:46,68,B+R,0,False,False,False,W,-0.88,23.1159,45000
2023-05-28 23:23:05,57,W+R,0,False,False,False,B,-0.88,22.9364,45000
2023-05-28 23:23:20,43,W+R,0,False,False,False,B,-0.88,22.9419,45000
2023-05-28 23:23:34,43,W+R,0,False,False,False,B,-0.88,22.8446,45000
2023-05-28 23:23:58,74,B+R,2,False,False,False,W,-0.88,22.8865,45000
2023-05-28 23:24:25,95,B+1.5,19,True,True,False,W,-0.88,23.0338,45000
2023-05-28 23:25:01,106,B+R,14,False,False,False,W,-0.88,23.2127,45000
2023-05-28 23:25:29,90,B+R,5,False,False,False,W,-0.88,23.1059,45000
2023-05-28 23:26:04,103,W+2.5,17,True,True,False,B,-0.88,23.287,45000
2023-05-28 23:26:33,76,B+R,0,False,False,False,W,-0.88,23.4482,45000
2023-05-28 23:27:09,107,W+0.5,25,True,True,False,B,-0.88,23.4239,45000
2023-05-28 23:27:34,84,B+R,2,False,False,False,W,-0.88,23.3247,45000
2023-05-28 23:27:57,69,W+R,5,False,False,False,B,-0.88,23.3307,45000
2023-05-28 23:28:26,85,W+R,3,False,False,False,B,-0.88,23.4774,45000
2023-05-28 23:28:48,59,W+R,1,False,False,False,B,-0.88,23.5309,45000
2023-05-28 23:29:01,43,W+R,0,False,False,False,B,-0.88,23.516,45000
2023-05-28 23:29:28,79,W+R,4,False,False,False,B,-0.88,23.6539,45000
2023-05-28 23:29:42,43,W+R,0,False,False,False,B,-0.88,23.5719,45000
2023-05-28 23:29:56,43,W+R,0,False,False,False,B,-0.88,23.6117,45000
2023-05-28 23:30:28,92,W+0.5,13,False,False,False,,-0.88,23.806,45000
2023-05-28 23:30:41,51,W+R,0,False,False,False,B,-0.88,23.6535,45000
2023-05-28 23:31:27,124,B+R,14,False,False,False,W,-0.88,23.9569,45000
2023-05-28 23:31:41,43,W+R,0,False,False,False,B,-0.88,23.636,45000
2023-05-28 23:32:08,81,W+R,1,False,False,False,B,-0.88,23.6051,45000
2023-05-28 23:32:21,43,W+R,0,False,False,False,B,-0.88,23.4572,45000
2023-05-28 23:32:37,55,W+R,1,False,False,False,B,-0.88,23.5006,45000
2023-05-28 23:33:07,81,W+R,1,False,False,False,B,-0.88,23.5778,45000
2023-05-28 23:33:24,53,W+R,1,False,False,False,B,-0.88,23.5156,45000
2023-05-28 23:34:03,118,B+3.5,15,True,True,False,W,-0.88,23.7137,45000
2023-05-28 23:34:19,52,B+R,0,False,False,False,W,-0.88,23.6361,45000
2023-05-28 23:34:43,73,W+R,0,False,False,False,B,-0.88,23.7018,45000
2023-05-28 23:34:59,47,W+R,0,False,False,False,B,-0.88,23.6213,45000
2023-05-28 23:35:25,69,W+R,1,False,False,False,B,-0.88,23.7096,45000
2023-05-28 23:37:48,162,W+16.5,34,True,True,False,B,-0.88,24.1898,46000
2023-05-28 23:38:17,83,W+R,1,False,False,False,B,-0.88,24.261,46000
2023-05-28 23:38:45,81,W+R,5,False,False,False,B,-0.88,24.3296,46000
2023-05-28 23:39:03,62,B+R,0,False,False,False,W,-0.88,24.191,46000
2023-05-28 23:39:20,51,W+R,0,False,False,False,B,-0.88,24.1153,46000
2023-05-28 23:39:40,63,W+R,2,False,False,False,B,-0.88,24.1269,46000
2023-05-28 23:39:59,53,W+R,0,False,False,False,B,-0.88,24.0613,46000
2023-05-28 23:40:12,43,W+R,0,False,False,False,B,-0.88,24.0308,46000
2023-05-28 23:40:48,105,W+R,18,False,False,False,B,-0.88,24.1541,46000
2023-05-28 23:40:57,43,W+R,0,False,False,False,B,-0.88,24.0468,46000
2023-05-28 23:41:08,43,W+R,0,False,False,False,B,-0.88,23.8825,46000
2023-05-28 23:41:21,43,W+R,0,False,False,False,B,-0.88,23.6885,46000
2023-05-28 23:41:43,75,W+R,5,False,False,False,B,-0.88,23.5309,46000
2023-05-28 23:42:12,85,W+R,1,False,False,False,B,-0.88,23.656,46000
2023-05-28 23:42:36,73,W+R,0,False,False,False,B,-0.88,23.7688,46000
2023-05-28 23:42:51,43,W+R,0,False,False,False,B,-0.88,23.7955,46000
2023-05-28 23:43:31,96,B+R,13,False,False,False,W,-0.88,24.0535,46000
2023-05-28 23:44:10,103,W+R,12,False,False,False,B,-0.88,24.0974,46000
2023-05-28 23:44:22,43,W+R,0,False,False,False,B,-0.88,24.0643,46000
2023-05-28 23:45:12,159,W+R,22,False,False,False,B,-0.88,24.1575,46000
2023-05-28 23:45:47,95,W+R,3,False,False,False,B,-0.88,24.3508,46000
2023-05-28 23:46:01,43,W+R,0,False,False,False,B,-0.88,24.3472,46000
2023-05-28 23:46:33,100,B+R,17,False,False,False,W,-0.88,24.4028,46000
2023-05-28 23:46:46,43,W+R,0,False,False,False,B,-0.88,24.1408,46000
2023-05-28 23:47:11,82,B+R,7,False,False,False,W,-0.88,24.1622,46000
2023-05-28 23:47:35,77,W+R,5,False,False,False,B,-0.88,24.1576,46000
2023-05-28 23:47:59,77,W+R,4,False,False,False,B,-0.88,24.2188,46000
2023-05-28 23:48:39,161,W+R,30,False,False,False,B,-0.88,24.2472,46000
2023-05-28 23:48:54,59,W+R,3,False,False,False,B,-0.88,24.1309,46000
2023-05-28 23:49:17,65,W+R,0,False,False,False,B,-0.88,24.216,46000
2023-05-28 23:50:14,145,W+R,24,False,False,False,B,-0.88,24.3289,46000
2023-05-28 23:50:35,62,B+R,0,False,False,False,W,-0.88,24.283,46000
2023-05-28 23:50:55,58,B+R,0,False,False,False,W,-0.88,24.2592,46000
2023-05-28 23:51:20,77,W+R,4,False,False,False,B,-0.88,24.16,46000
2023-05-28 23:51:41,62,B+R,0,False,False,False,W,-0.88,24.2214,46000
2023-05-28 23:52:06,67,W+R,1,False,False,False,B,-0.88,24.3341,46000
2023-05-28 23:52:19,43,W+R,0,False,False,False,B,-0.88,24.2725,46000
2023-05-28 23:52:34,43,W+R,0,False,False,False,B,-0.88,24.2307,46000
2023-05-28 23:52:46,45,W+R,0,False,False,False,B,-0.88,24.1886,46000
2023-05-28 23:53:27,115,W+0.5,22,True,True,False,B,-0.88,24.3631,46000
2023-05-28 23:53:44,49,W+R,1,False,False,False,B,-0.88,24.3929,46000
2023-05-28 23:55:24,55,W+R,4,False,False,False,B,-0.88,24.5723,47000
2023-05-28 23:55:41,49,W+R,0,False,False,False,B,-0.88,24.4896,47000
2023-05-28 23:55:58,49,W+R,0,False,False,False,B,-0.88,24.5191,47000
2023-05-28 23:56:24,77,W+R,5,False,False,False,B,-0.88,24.5493,47000
2023-05-28 23:56:38,43,W+R,0,False,False,False,B,-0.88,24.5401,47000
2023-05-28 23:56:51,43,W+R,0,False,False,False,B,-0.88,24.3864,47000
2023-05-28 23:57:07,63,W+R,2,False,False,False,B,-0.88,24.288,47000
2023-05-28 23:57:30,69,W+R,1,False,False,False,B,-0.88,24.4057,47000
2023-05-28 23:57:44,43,W+R,0,False,False,False,B,-0.88,24.3301,47000
2023-05-28 23:58:06,62,B+R,1,False,False,False,W,-0.88,24.1995,47000
2023-05-28 23:58:30,76,B+1.5,14,False,False,False,,-0.88,24.2881,47000
2023-05-28 23:59:02,84,B+R,6,False,False,False,W,-0.88,24.3918,47000
2023-05-28 23:59:43,155,W+R,22,False,False,False,B,-0.88,24.5215,47000
2023-05-28 23:59:55,43,W+R,0,False,False,False,B,-0.88,24.355,47000
2023-05-29 00:00:18,73,W+0.5,3,True,True,False,B,-0.88,24.4167,47000
2023-05-29 00:00:33,43,W+R,0,False,False,False,B,-0.88,24.4348,47000
2023-05-29 00:01:03,105,W+2.5,13,True,True,False,B,-0.88,24.4231,47000
2023-05-29 00:01:44,124,B+R,16,False,False,False,W,-0.88,24.6286,47000
2023-05-29 00:02:16,101,W+3.5,16,True,True,False,B,-0.88,24.6061,47000
2023-05-29 00:02:29,43,W+R,0,False,False,False,B,-0.88,24.5502,47000
2023-05-29 00:02:57,90,B+R,9,False,False,False,W,-0.88,24.3625,47000
2023-05-29 00:03:31,112,B+R,18,False,False,False,W,-0.88,24.3953,47000
2023-05-29 00:04:08,100,B+R,14,False,False,False,W,-0.88,24.3995,47000
2023-05-29 00:04:38,95,W+R,5,False,False,False,B,-0.88,24.3995,47000
2023-05-29 00:05:06,76,B+R,5,False,False,False,W,-0.88,24.4294,47000
2023-05-29 00:05:19,43,W+R,0,False,False,False,B,-0.88,24.377,47000
2023-05-29 00:05:31,43,W+R,0,False,False,False,B,-0.88,24.3398,47000
2023-05-29 00:05:48,56,B+R,0,False,False,False,W,-0.88,24.3678,47000
2023-05-29 00:06:18,93,W+R,13,False,False,False,B,-0.88,24.4248,47000
2023-05-29 00:06:38,59,W+R,0,False,False,False,B,-0.88,24.3519,47000
2023-05-29 00:06:55,57,W+R,4,False,False,False,B,-0.88,24.162,47000
2023-05-29 00:07:04,43,W+R,0,False,False,False,B,-0.88,23.9813,47000
2023-05-29 00:07:28,88,W+0.5,7,True,False,False,,-0.88,23.8741,47000
2023-05-29 00:07:51,69,W+R,1,False,False,False,B,-0.88,23.8182,47000
2023-05-29 00:08:10,62,B+R,0,False,False,False,W,-0.88,23.6425,47000
2023-05-29 00:08:38,84,B+1.5,12,False,False,False,,-0.88,23.6676,47000
2023-05-29 00:08:51,43,W+R,0,False,False,False,B,-0.88,23.5666,47000
2023-05-29 00:09:05,51,W+R,0,False,False,False,B,-0.88,23.4198,47000
2023-05-29 00:09:26,65,W+R,2,False,False,False,B,-0.88,23.4173,47000
2023-05-29 00:09:53,79,B+3.5,5,False,False,False,,-0.88,23.5477,47000
2023-05-29 00:10:04,47,W+R,2,False,False,False,B,-0.88,23.3853,47000
2023-05-29 00:10:16,43,W+R,0,False,False,False,B,-0.88,23.3738,47000
2023-05-29 00:10:28,43,W+R,0,False,False,False,B,-0.88,23.3517,47000
2023-05-29 00:10:42,43,W+R,1,False,False,False,B,-0.88,23.1646,47000
2023-05-29 00:11:07,74,B+1.5,2,False,False,False,,-0.88,23.2863,47000
2023-05-29 00:11:44,107,W+4.5,16,True,True,False,B,-0.88,23.2026,47000
2023-05-29 00:12:15,82,B+R,2,False,False,False,W,-0.88,23.3766,47000
2023-05-29 00:12:43,88,B+2.5,9,True,True,False,W,-0.88,23.3773,47000
2023-05-29 00:13:06,68,B+R,1,False,False,False,W,-0.88,23.4779,47000
2023-05-29 00:14:28,72,B+R,4,False,False,False,W,-0.88,23.5554,48000
2023-05-29 00:14:44,49,W+R,0,False,False,False,B,-0.88,23.5314,48000
2023-05-29 00:15:08,75,W+R,2,False,False,False,B,-0.88,23.3862,48000
2023-05-29 00:15:47,162,W+13.5,37,True,True,False,B,-0.88,23.6233,48000
2023-05-29 00:16:01,49,W+R,1,False,False,False,B,-0.88,23.5197,48000
2023-05-29 00:16:35,84,B+R,3,False,False,False,W,-0.88,23.7035,48000
2023-05-29 00:17:02,77,W+R,3,False,False,False,B,-0.88,23.712,48000
2023-05-29 00:17:34,95,W+R,8,False,False,False,B,-0.88,23.6222,48000
2023-05-29 00:17:55,69,W+R,0,False,False,False,B,-0.88,23.3067,48000
2023-05-29 00:18:10,51,W+R,0,False,False,False,B,-0.88,23.1793,48000
2023-05-29 00:18:23,43,W+R,0,False,False,False,B,-0.88,23.0251,48000
2023-05-29 00:18:38,43,W+R,0,False,False,False,B,-0.88,22.9919,48000
2023-05-29 00:19:07,89,W+R,5,False,False,False,B,-0.88,23.1217,48000
2023-05-29 00:19:20,45,B+1.5,2,False,False,False,,-0.88,23.0475,48000
2023-05-29 00:19:37,47,W+R,0,False,False,False,B,-0.88,23.0191,48000
2023-05-29 00:19:48,43,W+R,0,False,False,False,B,-0.88,23.0035,48000
2023-05-29 00:20:14,83,W+R,3,False,False,False,B,-0.88,22.9133,48000
2023-05-29 00:20:54,117,W+6.5,24,True,True,False,B,-0.88,23.2079,48000
2023-05-29 00:21:29,155,W+R,29,False,False,False,B,-0.88,23.4597,48000
2023-05-29 00:21:43,43,W+R,0,False,False,False,B,-0.88,23.46,48000
2023-05-29 00:21:56,43,W+R,0,False,False,False,B,-0.88,23.3727,48000
2023-05-29 00:22:21,67,W+R,0,False,False,False,B,-0.88,23.3428,48000
2023-05-29 00:23:11,134,B+R,17,False,False,False,W,-0.88,23.5941,48000
2023-05-29 00:23:24,43,W+R,0,False,False,False,B,-0.88,23.5787,48000
2023-05-29 00:23:39,43,W+R,0,False,False,False,B,-0.88,23.323,48000
2023-05-29 00:24:09,87,W+R,6,False,False,False,B,-0.88,23.2377,48000
2023-05-29 00:24:43,99,W+1.5,9,True,True,False,B,-0.88,23.4471,48000
2023-05-29 00:25:26,161,W+R,42,False,False,False,B,-0.88,23.3863,48000
2023-05-29 00:25:40,43,W+R,0,False,False,False,B,-0.88,23.1757,48000
2023-05-29 00:26:02,59,W+R,0,False,False,False,B,-0.88,23.2576,48000
2023-05-29 00:26:17,43,W+R,0,False,False,False,B,-0.88,23.0831,48000
2023-05-29 00:26:32,57,W+R,3,False,False,False,B,-0.88,23.1043,48000
2023-05-29 00:26:59,72,B+R,0,False,False,False,W,-0.88,23.1329,48000
2023-05-29 00:27:15,58,B+R,0,False,False,False,W,-0.88,23.0421,48000
2023-05-29 00:28:06,162,W+7.5,35,True,True,False,B,-0.88,23.3207,48000
2023-05-29 00:28:31,70,B+R,0,False,False,False,W,-0.88,23.1664,48000
2023-05-29 00:28:47,50,B+R,0,False,False,False,W,-0.88,23.1766,48000
2023-05-29 00:29:17,89,W+R,11,False,False,False,B,-0.88,23.241,48000
2023-05-29 00:29:48,162,W+11.5,31,True,True,False,B,-0.88,22.9882,48000
2023-05-29 00:30:18,89,W+R,5,False,False,False,B,-0.88,23.072,48000
2023-05-29 00:31:00,123,W+R,16,False,False,False,B,-0.88,23.2935,48000
2023-05-29 00:31:14,43,W+R,0,False,False,False,B,-0.88,23.184,48000
2023-05-29 00:31:51,107,W+5.5,18,True,True,False,B,-0.88,23.3356,48000
2023-05-29 00:32:05,43,W+R,0,False,False,False,B,-0.88,23.2299,48000
2023-05-29 00:32:21,49,W+R,0,False,False,False,B,-0.88,23.2614,48000
2023-05-29 00:33:56,54,B+R,0,False,False,False,W,-0.88,23.405,49000
2023-05-29 00:34:10,45,W+R,0,False,False,False,B,-0.88,23.1343,49000
2023-05-29 00:34:45,93,W+R,5,False,False,False,B,-0.88,23.3113,49000
2023-05-29 00:34:59,57,W+R,4,False,False,False,B,-0.88,23.1207,49000
2023-05-29 00:35:12,42,B+R,0,False,False,False,W,-0.88,23.0479,49000
2023-05-29 00:35:25,43,W+R,0,False,False,False,B,-0.88,23.0097,49000
2023-05-29 00:36:01,116,B+R,21,False,False,False,W,-0.88,23.2031,49000
2023-05-29 00:36:36,97,W+R,7,False,False,False,B,-0.88,23.294,49000
2023-05-29 00:36:56,58,B+R,0,False,False,False,W,-0.88,23.3483,49000
2023-05-29 00:37:26,88,B+R,7,False,False,False,W,-0.88,23.515,49000
2023-05-29 00:37:55,83,W+R,8,False,False,False,B,-0.88,23.6567,49000
2023-05-29 00:38:22,68,B+R,1,False,False,False,W,-0.88,23.6984,49000
2023-05-29 00:38:35,43,W+R,0,False,False,False,B,-0.88,23.688,49000
2023-05-29 00:39:11,149,W+R,20,False,False,False,B,-0.88,23.8151,49000
2023-05-29 00:39:38,82,B+R,0,False,False,False,W,-0.88,23.8538,49000
2023-05-29 00:39:53,51,W+R,0,False,False,False,B,-0.88,23.6868,49000
2023-05-29 00:40:16,74,W+0.5,7,True,True,False,B,-0.88,23.5001,49000
2023-05-29 00:40:30,43,W+R,0,False,False,False,B,-0.88,23.5216,49000
2023-05-29 00:40:46,65,W+R,2,False,False,False,B,-0.88,23.4535,49000
2023-05-29 00:41:14,80,B+R,4,False,False,False,W,-0.88,23.5808,49000
2023-05-29 00:41:49,97,W+R,13,False,False,False,B,-0.88,23.6355,49000
2023-05-29 00:42:23,102,W+0.5,16,True,True,False,B,-0.88,23.5647,49000
2023-05-29 00:42:36,43,W+R,0,False,False,False,B,-0.88,23.3751,49000
2023-05-29 00:43:01,70,B+R,0,False,False,False,W,-0.88,23.4875,49000
2023-05-29 00:43:37,111,W+1.5,15,True,True,False,B,-0.88,23.5713,49000
2023-05-29 00:43:53,61,W+R,0,False,False,False,B,-0.88,23.3927,49000
2023-05-29 00:44:26,99,B+1.5,15,True,True,False,W,-0.88,23.3546,49000
2023-05-29 00:45:01,109,W+R,17,False,False,False,B,-0.88,23.4013,49000
2023-05-29 00:45:17,51,W+R,0,False,False,False,B,-0.88,23.2867,49000
2023-05-29 00:45:36,51,W+R,0,False,False,False,B,-0.88,23.3354,49000
2023-05-29 00:45:51,49,W+R,0,False,False,False,B,-0.88,23.3747,49000
2023-05-29 00:46:10,54,B+R,2,False,False,False,W,-0.88,23.3848,49000
2023-05-29 00:46:31,60,B+R,0,False,False,False,W,-0.88,23.3021,49000
2023-05-29 00:46:45,43,W+R,2,False,False,False,B,-0.88,23.2409,49000
2023-05-29 00:47:14,97,W+R,15,False,False,False,B,-0.88,23.3635,49000
2023-05-29 00:47:38,81,W+R,6,False,False,False,B,-0.88,23.507,49000
2023-05-29 00:48:06,80,B+R,3,False,False,False,W,-0.88,23.5496,49000
2023-05-29 00:48:43,157,W+R,25,False,False,False,B,-0.88,23.6918,49000
2023-05-29 00:48:59,51,W+R,0,False,False,False,B,-0.88,23.6632,49000
2023-05-29 00:49:09,43,W+R,0,False,False,False,B,-0.88,23.4833,49000
2023-05-29 00:49:24,58,B+R,0,False,False,False,W,-0.88,23.5091,49000
2023-05-29 00:49:38,43,W+R,3,False,False,False,B,-0.88,23.4986,49000
2023-05-29 00:50:09,93,W+8.5,7,True,True,False,B,-0.88,23.5998,49000
2023-05-29 00:50:30,61,W+R,0,False,False,False,B,-0.88,23.54,49000
2023-05-29 00:52:13,43,W+R,0,False,False,False,B,-0.88,23.8125,50000
2023-05-29 00:52:33,59,W+R,0,False,False,False,B,-0.88,23.8944,50000
2023-05-29 00:52:47,43,W+R,0,False,False,False,B,-0.88,23.8963,50000
2023-05-29 00:53:01,43,W+R,0,False,False,False,B,-0.88,23.785,50000
2023-05-29 00:53:27,64,B+R,2,False,False,False,W,-0.88,23.6692,50000
2023-05-29 00:53:48,69,W+R,1,False,False,False,B,-0.88,23.5715,50000
2023-05-29 00:54:05,52,B+R,0,False,False,False,W,-0.88,23.4636,50000
2023-05-29 00:54:17,43,W+R,0,False,False,False,B,-0.88,23.3528,50000
2023-05-29 00:54:29,43,W+R,0,False,False,False,B,-0.88,23.1924,50000
2023-05-29 00:55:06,109,B+3.5,12,True,True,False,W,-0.88,23.3162,50000
2023-05-29 00:55:32,74,B+1.5,11,False,False,False,,-0.88,23.4175,50000
2023-05-29 00:55:56,73,W+R,7,False,False,False,B,-0.88,23.4138,50000
2023-05-29 00:56:21,70,B+R,5,False,False,False,W,-0.88,23.2695,50000
2023-05-29 00:56:39,59,W+R,0,False,False,False,B,-0.88,23.3196,50000
2023-05-29 00:57:00,59,W+R,0,False,False,False,B,-0.88,23.1867,50000
2023-05-29 00:57:25,69,W+R,5,False,False,False,B,-0.88,23.1712,50000
2023-05-29 00:57:53,83,W+R,5,False,False,False,B,-0.88,23.1224,50000
2023-05-29 00:58:09,43,W+R,0,False,False,False,B,-0.88,23.0815,50000
2023-05-29 00:58:29,50,B+R,0,False,False,False,W,-0.88,23.1213,50000
2023-05-29 00:58:56,76,B+R,0,False,False,False,W,-0.88,23.2662,50000
2023-05-29 00:59:15,49,W+R,0,False,False,False,B,-0.88,23.3028,50000
2023-05-29 00:59:29,43,W+R,0,False,False,False,B,-0.88,23.1491,50000
2023-05-29 00:59:53,67,W+R,0,False,False,False,B,-0.88,23.2548,50000
2023-05-29 01:00:26,97,B+1.5,7,False,False,False,,-0.88,23.4286,50000
2023-05-29 01:00:40,49,W+R,0,False,False,False,B,-0.88,23.4483,50000
2023-05-29 01:00:59,52,B+R,0,False,False,False,W,-0.88,23.3774,50000
2023-05-29 01:01:22,69,W+R,3,False,False,False,B,-0.88,23.2145,50000
2023-05-29 01:01:58,103,W+R,5,False,False,False,B,-0.88,23.2207,50000
2023-05-29 01:02:28,89,B+1.5,17,True,True,False,W,-0.88,23.3883,50000
2023-05-29 01:02:51,71,W+R,2,False,False,False,B,-0.88,23.4791,50000
2023-05-29 01:03:22,85,W+R,3,False,False,False,B,-0.88,23.5342,50000
2023-05-29 01:03:53,94,B+R,10,False,False,False,W,-0.88,23.3497,50000
2023-05-29 01:04:07,59,W+R,4,False,False,False,B,-0.88,23.3611,50000
2023-05-29 01:04:36,79,W+R,5,False,False,False,B,-0.88,23.5014,50000
2023-05-29 01:04:59,77,W+R,5,False,False,False,B,-0.88,23.4302,50000
2023-05-29 01:05:19,65,W+R,0,False,False,False,B,-0.88,23.293,50000
2023-05-29 01:05:52,85,W+R,4,False,False,False,B,-0.88,23.1928,50000
2023-05-29 01:06:08,57,W+R,0,False,False,False,B,-0.88,23.2138,50000
2023-05-29 01:06:36,85,W+R,15,False,False,False,B,-0.88,23.2681,50000
2023-05-29 01:06:54,56,B+R,0,False,False,False,W,-0.88,23.3114,50000
2023-05-29 01:07:32,96,B+8.5,5,True,True,False,W,-0.88,23.5326,50000
2023-05-29 01:08:08,109,W+1.5,18,True,True,False,B,-0.88,23.6216,50000
2023-05-29 01:08:26,44,B+R,0,False,False,False,W,-0.88,23.6464,50000
2023-05-29 01:09:57,65,W+R,0,False,False,False,B,-0.88,23.3335,51000
2023-05-29 01:10:11,43,W+R,2,False,False,False,B,-0.88,23.3135,51000
2023-05-29 01:10:30,61,W+R,2,False,False,False,B,-0.88,23.2137,51000
2023-05-29 01:10:45,43,W+R,1,False,False,False,B,-0.88,23.0416,51000
2023-05-29 01:11:14,82,B+1.5,7,False,False,False,,-0.88,23.0347,51000
2023-05-29 01:11:26,43,W+R,4,False,False,False,B,-0.88,22.7368,51000
2023-05-29 01:11:39,43,W+R,0,False,False,False,B,-0.88,22.7277,51000
2023-05-29 01:11:51,43,W+R,0,False,False,False,B,-0.88,22.4782,51000
2023-05-29 01:12:05,43,W+R,1,False,False,False,B,-0.88,22.4796,51000
2023-05-29 01:12:19,45,W+R,0,False,False,False,B,-0.88,22.4609,51000
2023-05-29 01:12:51,91,W+R,3,False,False,False,B,-0.88,22.5528,51000
2023-05-29 01:13:16,72,B+R,6,False,False,False,W,-0.88,22.6087,51000
2023-05-29 01:13:32,48,B+R,0,False,False,False,W,-0.88,22.6366,51000
2023-05-29 01:13:46,43,W+R,1,False,False,False,B,-0.88,22.4335,51000
2023-05-29 01:14:02,43,W+R,0,False,False,False,B,-0.88,22.4448,51000
2023-05-29 01:14:29,79,W+R,0,False,False,False,B,-0.88,22.5877,51000
2023-05-29 01:14:48,54,B+R,0,False,False,False,W,-0.88,22.6442,51000
2023-05-29 01:15:08,65,W+R,2,False,False,False,B,-0.88,22.4879,51000
2023-05-29 01:15:38,100,B+R,6,False,False,False,W,-0.88,22.4379,51000
2023-05-29 01:15:48,43,W+R,0,False,False,False,B,-0.88,22.3435,51000
2023-05-29 01:16:03,43,W+R,0,False,False,False,B,-0.88,22.1874,51000
2023-05-29 01:16:31,77,W+R,0,False,False,False,B,-0.88,22.1765,51000
2023-05-29 01:17:06,138,B+1.5,27,True,True,False,W,-0.88,22.2523,51000
2023-05-29 01:17:23,63,W+R,0,False,False,False,B,-0.88,22.2901,51000
2023-05-29 01:18:05,159,W+R,21,False,False,False,B,-0.88,22.3578,51000
2023-05-29 01:18:15,47,W+R,0,False,False,False,B,-0.88,22.185,51000
2023-05-29 01:18:32,47,W+R,0,False,False,False,B,-0.88,22.2018,51000
2023-05-29 01:19:07,106,B+R,12,False,False,False,W,-0.88,22.3262,51000
2023-05-29 01:19:25,53,W+R,0,False,False,False,B,-0.88,22.3615,51000
2023-05-29 01:19:38,43,W+R,0,False,False,False,B,-0.88,22.3341,51000
2023-05-29 01:20:15,123,W+2.5,22,True,True,False,B,-0.88,22.4329,51000
2023-05-29 01:20:27,43,W+R,0,False,False,False,B,-0.88,22.1979,51000
2023-05-29 01:20:39,49,W+R,0,False,False,False,B,-0.88,21.9794,51000
2023-05-29 01:20:57,55,W+R,4,False,False,False,B,-0.88,22.0284,51000
2023-05-29 01:21:15,63,W+R,0,False,False,False,B,-0.88,21.9608,51000
2023-05-29 01:21:27,43,W+R,0,False,False,False,B,-0.88,21.7145,51000
2023-05-29 01:21:41,43,W+R,0,False,False,False,B,-0.88,21.6991,51000
2023-05-29 01:22:09,89,W+R,0,False,False,False,B,-0.88,21.6426,51000
2023-05-29 01:22:26,59,W+R,0,False,False,False,B,-0.88,21.465,51000
2023-05-29 01:22:40,48,B+R,1,False,False,False,W,-0.88,21.4399,51000
2023-05-29 01:22:49,43,W+R,1,False,False,False,B,-0.88,21.3514,51000
2023-05-29 01:23:02,43,W+R,0,False,False,False,B,-0.88,21.3235,51000
2023-05-29 01:23:14,43,W+R,0,False,False,False,B,-0.88,21.26,51000
2023-05-29 01:23:25,43,W+R,0,False,False,False,B,-0.88,21.1651,51000
2023-05-29 01:23:39,43,W+R,2,False,False,False,B,-0.88,21.163,51000
2023-05-29 01:23:58,57,W+R,0,False,False,False,B,-0.88,21.0555,51000
2023-05-29 01:24:13,47,W+R,5,False,False,False,B,-0.88,20.9729,51000
2023-05-29 01:24:42,79,W+R,0,False,False,False,B,-0.88,20.9783,51000
2023-05-29 01:24:59,53,W+R,2,False,False,False,B,-0.88,20.7727,51000
2023-05-29 01:25:23,62,B+R,1,False,False,False,W,-0.88,20.8483,51000
2023-05-29 01:26:55,44,B+R,0,False,False,False,W,-0.88,20.9666,52000
2023-05-29 01:27:14,59,W+R,1,False,False,False,B,-0.88,21.0249,52000
2023-05-29 01:27:34,61,W+R,1,False,False,False,B,-0.88,20.9127,52000
2023-05-29 01:27:50,47,W+R,0,False,False,False,B,-0.88,20.8658,52000
2023-05-29 01:28:08,61,W+R,0,False,False,False,B,-0.88,20.6714,52000
2023-05-29 01:28:37,85,W+23.5,10,True,True,False,B,-0.88,20.8201,52000
2023-05-29 01:28:51,43,W+R,0,False,False,False,B,-0.88,20.7618,52000
2023-05-29 01:29:05,44,B+R,0,False,False,False,W,-0.88,20.7694,52000
2023-05-29 01:29:24,56,B+R,0,False,False,False,W,-0.88,20.8141,52000
2023-05-29 01:29:35,43,W+R,0,False,False,False,B,-0.88,20.6693,52000
2023-05-29 01:30:09,93,W+R,4,False,False,False,B,-0.88,20.798,52000
2023-05-29 01:30:29,57,W+R,0,False,False,False,B,-0.88,20.8292,52000
2023-05-29 01:31:04,109,W+2.5,24,True,True,False,B,-0.88,21.0628,52000
2023-05-29 01:31:18,43,W+R,0,False,False,False,B,-0.88,21.0825,52000
2023-05-29 01:31:40,79,W+R,4,False,False,False,B,-0.88,20.9249,52000
2023-05-29 01:31:53,47,W+R,0,False,False,False,B,-0.88,20.8004,52000
2023-05-29 01:32:28,127,B+1.5,19,False,False,False,,-0.88,20.9161,52000
2023-05-29 01:32:55,72,B+R,0,False,False,False,W,-0.88,20.9314,52000
2023-05-29 01:33:14,55,W+R,2,False,False,False,B,-0.88,20.936,52000
2023-05-29 01:33:28,43,W+R,0,False,False,False,B,-0.88,20.8622,52000
2023-05-29 01:34:01,95,W+R,15,False,False,False,B,-0.88,20.9424,52000
2023-05-29 01:34:43,117,W+R,16,False,False,False,B,-0.88,21.0881,52000
2023-05-29 01:35:03,60,B+R,0,False,False,False,W,-0.88,21.1205,52000
2023-05-29 01:35:17,45,W+R,0,False,False,False,B,-0.88,21.0667,52000
2023-05-29 01:35:33,44,B+R,0,False,False,False,W,-0.88,20.9558,52000
2023-05-29 01:35:44,43,W+R,0,False,False,False,B,-0.88,20.883,52000
2023-05-29 01:36:08,63,W+R,1,False,False,False,B,-0.88,20.9797,52000
2023-05-29 01:36:45,115,W+0.5,22,True,True,False,B,-0.88,21.1118,52000
2023-05-29 01:37:10,71,W+R,0,False,False,False,B,-0.88,21.0262,52000
2023-05-29 01:37:25,43,W+R,0,False,False,False,B,-0.88,21.0372,52000
2023-05-29 01:37:53,80,B+R,0,False,False,False,W,-0.88,21.1234,52000
2023-05-29 01:38:10,53,W+R,0,False,False,False,B,-0.88,21.0682,52000
2023-05-29 01:38:24,43,W+R,0,False,False,False,B,-0.88,20.8441,52000
2023-05-29 01:38:48,72,B+R,2,False,False,False,W,-0.88,20.7864,52000
2023-05-29 01:39:10,58,B+R,0,False,False,False,W,-0.88,20.7766,52000
2023-05-29 01:39:24,43,W+R,0,False,False,False,B,-0.88,20.6084,52000
2023-05-29 01:39:38,43,W+R,1,False,False,False,B,-0.88,20.4397,52000
2023-05-29 01:39:59,69,W+R,0,False,False,False,B,-0.88,20.508,52000
2023-05-29 01:40:12,43,W+R,0,False,False,False,B,-0.88,20.3478,52000
2023-05-29 01:40:31,59,W+R,0,False,False,False,B,-0.88,20.3077,52000
2023-05-29 01:40:45,43,W+R,0,False,False,False,B,-0.88,20.2562,52000
2023-05-29 01:41:07,67,W+R,1,False,False,False,B,-0.88,20.1397,52000
2023-05-29 01:41:17,43,W+R,0,False,False,False,B,-0.88,20.0777,52000
2023-05-29 01:41:31,45,W+R,0,False,False,False,B,-0.88,19.9353,52000
2023-05-29 01:41:42,43,W+R,0,False,False,False,B,-0.88,19.8638,52000
2023-05-29 01:42:06,71,W+R,0,False,False,False,B,-0.88,19.7345,52000
2023-05-29 01:42:20,43,W+R,0,False,False,False,B,-0.88,19.5092,52000
2023-05-29 01:42:40,59,W+R,0,False,False,False,B,-0.88,19.5279,52000
2023-05-29 01:43:05,70,B+R,1,False,False,False,W,-0.88,19.5418,52000
2023-05-29 01:44:20,47,W+R,0,False,False,False,B,-0.88,19.4513,53000
2023-05-29 01:44:36,55,W+R,0,False,False,False,B,-0.88,19.4297,53000
2023-05-29 01:45:17,161,W+R,30,False,False,False,B,-0.88,19.6873,53000
2023-05-29 01:45:36,59,B+1.5,3,True,False,False,,-0.88,19.5893,53000
2023-05-29 01:45:51,43,W+R,0,False,False,False,B,-0.88,19.6202,53000
2023-05-29 01:46:19,97,W+R,5,False,False,False,B,-0.88,19.766,53000
2023-05-29 01:46:37,54,B+R,0,False,False,False,W,-0.88,19.8325,53000
2023-05-29 01:47:00,61,B+1.5,3,False,False,False,,-0.88,19.9122,53000
2023-05-29 01:47:12,43,W+R,0,False,False,False,B,-0.88,19.9,53000
2023-05-29 01:48:00,162,W+1.5,15,False,False,False,,-0.88,20.0491,53000
2023-05-29 01:48:28,77,W+R,4,False,False,False,B,-0.88,20.0865,53000
2023-05-29 01:49:08,130,B+R,21,False,False,False,W,-0.88,20.3222,53000
2023-05-29 01:49:28,61,W+R,1,False,False,False,B,-0.88,20.3785,53000
2023-05-29 01:49:41,43,W+R,0,False,False,False,B,-0.88,20.3582,53000
2023-05-29 01:49:59,62,B+R,0,False,False,False,W,-0.88,20.2714,53000
2023-05-29 01:50:21,72,B+R,4,False,False,False,W,-0.88,20.2943,53000
2023-05-29 01:50:44,69,W+R,0,False,False,False,B,-0.88,20.3219,53000
2023-05-29 01:51:13,86,B+6.5,7,True,True,False,W,-0.88,20.3104,53000
2023-05-29 01:51:41,75,W+R,3,False,False,False,B,-0.88,20.4945,53000
2023-05-29 01:52:06,77,W+R,1,False,False,False,B,-0.88,20.6003,53000
2023-05-29 01:52:32,81,W+R,5,False,False,False,B,-0.88,20.5716,53000
2023-05-29 01:52:58,71,W+R,0,False,False,False,B,-0.88,20.4844,53000
2023-05-29 01:53:28,85,W+R,4,False,False,False,B,-0.88,20.6132,53000
2023-05-29 01:53:45,55,W+R,2,False,False,False,B,-0.88,20.369,53000
2023-05-29 01:53:58,43,W+R,0,False,False,False,B,-0.88,20.3945,53000
2023-05-29 01:54:19,75,W+R,3,False,False,False,B,-0.88,20.4408,53000
2023-05-29 01:54:49,87,W+R,12,False,False,False,B,-0.88,20.3849,53000
2023-05-29 01:55:08,57,W+R,0,False,False,False,B,-0.88,20.3992,53000
2023-05-29 01:55:23,43,W+R,0,False,False,False,B,-0.88,20.4137,53000
2023-05-29 01:55:51,89,W+R,8,False,False,False,B,-0.88,20.3279,53000
2023-05-29 01:56:06,43,W+R,0,False,False,False,B,-0.88,20.3592,53000
2023-05-29 01:56:26,73,W+R,3,False,False,False,B,-0.88,20.4379,53000
2023-05-29 01:56:44,55,W+R,0,False,False,False,B,-0.88,20.4318,53000
2023-05-29 01:57:05,58,B+R,2,False,False,False,W,-0.88,20.459,53000
2023-05-29 01:57:28,80,B+R,5,False,False,False,W,-0.88,20.5754,53000
2023-05-29 01:57:48,64,B+R,1,False,False,False,W,-0.88,20.6342,53000
2023-05-29 01:58:31,113,W+R,24,False,False,False,B,-0.88,20.7922,53000
2023-05-29 01:58:45,43,W+R,0,False,False,False,B,-0.88,20.7581,53000
2023-05-29 01:59:10,65,W+R,0,False,False,False,B,-0.88,20.8682,53000
2023-05-29 01:59:24,43,W+R,0,False,False,False,B,-0.88,20.9127,53000
2023-05-29 01:59:47,66,B+R,1,False,False,False,W,-0.88,21.0102,53000
2023-05-29 02:00:08,57,W+R,3,False,False,False,B,-0.88,21.1079,53000
2023-05-29 02:00:24,43,W+R,0,False,False,False,B,-0.88,21.1473,53000
2023-05-29 02:00:43,65,W+R,0,False,False,False,B,-0.88,21.2021,53000
2023-05-29 02:02:27,88,W+2.5,13,True,True,False,B,-0.88,21.4165,54000
2023-05-29 02:02:59,89,W+R,5,False,False,False,B,-0.88,21.4513,54000
2023-05-29 02:03:16,49,W+R,4,False,False,False,B,-0.88,21.448,54000
2023-05-29 02:03:33,57,W+R,0,False,False,False,B,-0.88,21.3815,54000
2023-05-29 02:03:46,43,W+R,0,False,False,False,B,-0.88,21.3107,54000
2023-05-29 02:04:06,59,W+R,0,False,False,False,B,-0.88,21.3408,54000
2023-05-29 02:04:19,43,W+R,0,False,False,False,B,-0.88,21.2796,54000
2023-05-29 02:04:42,61,W+R,0,False,False,False,B,-0.88,21.3148,54000
2023-05-29 02:04:56,43,W+R,0,False,False,False,B,-0.88,21.2869,54000
2023-05-29 02:05:22,76,B+R,2,False,False,False,W,-0.88,21.3704,54000
2023-05-29 02:05:35,59,W+R,0,False,False,False,B,-0.88,21.2206,54000
2023-05-29 02:05:50,59,W+R,0,False,False,False,B,-0.88,21.2296,54000
2023-05-29 02:06:16,87,W+R,2,False,False,False,B,-0.88,21.3386,54000
2023-05-29 02:06:39,77,B+3.5,4,True,True,False,W,-0.88,21.3882,54000
2023-05-29 02:07:05,79,W+R,5,False,False,False,B,-0.88,21.5374,54000
2023-05-29 02:07:28,73,W+R,1,False,False,False,B,-0.88,21.4252,54000
2023-05-29 02:07:45,47,W+R,0,False,False,False,B,-0.88,21.3989,54000
2023-05-29 02:08:13,76,B+R,0,False,False,False,W,-0.88,21.3208,54000
2023-05-29 02:08:27,43,W+R,0,False,False,False,B,-0.88,21.3164,54000
2023-05-29 02:08:40,43,W+R,0,False,False,False,B,-0.88,21.2299,54000
2023-05-29 02:08:55,43,W+R,0,False,False,False,B,-0.88,21.2467,54000
2023-05-29 02:09:24,80,B+R,3,False,False,False,W,-0.88,21.1883,54000
2023-05-29 02:09:55,86,B+R,0,False,False,False,W,-0.88,21.2307,54000
2023-05-29 02:10:12,49,W+R,0,False,False,False,B,-0.88,21.2072,54000
2023-05-29 02:10:24,43,W+R,0,False,False,False,B,-0.88,21.1976,54000
2023-05-29 02:10:38,43,W+R,0,False,False,False,B,-0.88,21.0018,54000
2023-05-29 02:10:54,47,W+R,0,False,False,False,B,-0.88,20.7393,54000
2023-05-29 02:11:07,42,B+R,0,False,False,False,W,-0.88,20.6762,54000
2023-05-29 02:11:23,57,W+R,1,False,False,False,B,-0.88,20.6918,54000
2023-05-29 02:11:36,43,W+R,0,False,False,False,B,-0.88,20.6687,54000
2023-05-29 02:12:13,121,W+3.5,19,True,True,False,B,-0.88,20.9248,54000
2023-05-29 02:12:26,43,W+R,0,False,False,False,B,-0.88,20.8086,54000
2023-05-29 02:12:52,76,B+R,3,False,False,False,W,-0.88,20.7013,54000
2023-05-29 02:13:09,54,B+R,0,False,False,False,W,-0.88,20.6223,54000
2023-05-29 02:13:23,45,W+R,0,False,False,False,B,-0.88,20.6155,54000
2023-05-29 02:13:58,131,W+3.5,29,True,True,False,B,-0.88,20.6936,54000
2023-05-29 02:14:22,72,B+R,1,False,False,False,W,-0.88,20.7553,54000
2023-05-29 02:14:45,76,B+R,0,False,False,False,W,-0.88,20.8451,54000
2023-05-29 02:15:00,43,W+R,0,False,False,False,B,-0.88,20.7511,54000
2023-05-29 02:15:16,57,W+R,0,False,False,False,B,-0.88,20.7024,54000
2023-05-29 02:15:27,43,W+R,0,False,False,False,B,-0.88,20.6643,54000
2023-05-29 02:15:46,60,B+1.5,2,False,False,False,,-0.88,20.708,54000
2023-05-29 02:15:57,43,W+R,0,False,False,False,B,-0.88,20.6165,54000
2023-05-29 02:16:26,90,B+R,12,False,False,False,W,-0.88,20.7789,54000
2023-05-29 02:16:42,49,W+R,0,False,False,False,B,-0.88,20.7505,54000
2023-05-29 02:17:08,68,B+R,0,False,False,False,W,-0.88,20.8597,54000
2023-05-29 02:18:35,111,W+4.5,17,True,True,False,B,-0.88,20.994,55000
2023-05-29 02:19:07,95,B+1.5,9,True,True,True,B,-0.88,21.1731,55000
2023-05-29 02:19:24,61,W+R,0,False,False,False,B,-0.88,21.2334,55000
2023-05-29 02:19:45,68,B+R,2,False,False,False,W,-0.88,21.2041,55000
2023-05-29 02:20:18,79,W+R,0,False,False,False,B,-0.88,21.3868,55000
2023-05-29 02:20:53,80,B+R,2,False,False,False,W,-0.88,21.5419,55000
2023-05-29 02:21:35,162,W+10.5,36,True,True,False,B,-0.88,21.7154,55000
2023-05-29 02:21:56,65,W+R,3,False,False,False,B,-0.88,21.8108,55000
2023-05-29 02:22:22,73,W+R,3,False,False,False,B,-0.88,21.9133,55000
2023-05-29 02:22:55,92,B+R,4,False,False,False,W,-0.88,22.07,55000
2023-05-29 02:23:11,47,W+R,0,False,False,False,B,-0.88,21.8267,55000
2023-05-29 02:23:24,43,W+R,2,False,False,False,B,-0.88,21.7686,55000
2023-05-29 02:23:42,53,W+R,0,False,False,False,B,-0.88,21.7981,55000
2023-05-29 02:23:56,43,W+R,0,False,False,False,B,-0.88,21.6583,55000
2023-05-29 02:24:17,77,W+R,1,False,False,False,B,-0.88,21.684,55000
2023-05-29 02:24:44,74,B+R,1,False,False,False,W,-0.88,21.73,55000
2023-05-29 02:25:10,89,W+2.5,9,True,True,False,B,-0.88,21.8628,55000
2023-05-29 02:25:53,129,W+4.5,18,True,True,False,B,-0.88,21.8218,55000
2023-05-29 02:26:31,107,B+0.5,13,True,True,False,W,-0.88,21.9198,55000
2023-05-29 02:26:42,43,W+R,0,False,False,False,B,-0.88,21.6337,55000
2023-05-29 02:27:22,145,W+R,19,False,False,False,B,-0.88,21.8376,55000
2023-05-29 02:27:45,68,B+R,2,False,False,False,W,-0.88,21.9255,55000
2023-05-29 02:28:20,87,W+R,5,False,False,False,B,-0.88,22.0929,55000
2023-05-29 02:28:42,66,B+R,1,False,False,False,W,-0.88,22.1029,55000
2023-05-29 02:28:57,42,B+R,0,False,False,False,W,-0.88,22.0157,55000
2023-05-29 02:29:09,43,W+R,0,False,False,False,B,-0.88,21.8503,55000
2023-05-29 02:29:58,139,B+0.5,25,True,True,False,W,-0.88,22.0552,55000
2023-05-29 02:30:12,43,W+R,0,False,False,False,B,-0.88,21.945,55000
2023-05-29 02:30:33,67,W+R,1,False,False,False,B,-0.88,21.902,55000
2023-05-29 02:30:45,43,W+R,0,False,False,False,B,-0.88,21.7648,55000
2023-05-29 02:31:13,85,W+R,9,False,False,False,B,-0.88,21.7475,55000
2023-05-29 02:31:36,64,B+R,1,False,False,False,W,-0.88,21.7954,55000
2023-05-29 02:31:51,43,W+R,0,False,False,False,B,-0.88,21.8224,55000
2023-05-29 02:32:07,51,W+R,0,False,False,False,B,-0.88,21.7644,55000
2023-05-29 02:32:35,87,W+R,4,False,False,False,B,-0.88,21.7473,55000
2023-05-29 02:32:56,74,B+R,0,False,False,False,W,-0.88,21.7721,55000
2023-05-29 02:33:11,43,W+R,0,False,False,False,B,-0.88,21.7693,55000
2023-05-29 02:33:33,79,W+R,5,False,False,False,B,-0.88,21.708,55000
2023-05-29 02:33:53,60,B+R,1,False,False,False,W,-0.88,21.7529,55000
2023-05-29 02:34:08,43,W+R,0,False,False,False,B,-0.88,21.7065,55000
2023-05-29 02:34:37,80,B+R,3,False,False,False,W,-0.88,21.8218,55000
2023-05-29 02:34:58,59,W+R,0,False,False,False,B,-0.88,21.8228,55000
2023-05-29 02:36:28,59,W+R,0,False,False,False,B,-0.88,21.7855,56000
2023-05-29 02:36:43,43,W+R,1,False,False,False,B,-0.88,21.5002,56000
2023-05-29 02:37:05,69,W+R,2,False,False,False,B,-0.88,21.5808,56000
2023-05-29 02:37:28,63,W+R,4,False,False,False,B,-0.88,21.5569,56000
2023-05-29 02:38:02,116,B+1.5,17,True,True,False,W,-0.88,21.7563,56000
2023-05-29 02:38:29,85,W+R,3,False,False,False,B,-0.88,21.8091,56000
2023-05-29 02:38:42,43,W+R,0,False,False,False,B,-0.88,21.7213,56000
2023-05-29 02:38:56,43,W+R,0,False,False,False,B,-0.88,21.7089,56000
2023-05-29 02:39:08,43,W+R,1,False,False,False,B,-0.88,21.6324,56000
2023-05-29 02:39:25,52,B+R,1,False,False,False,W,-0.88,21.5323,56000
2023-05-29 02:39:45,68,B+R,0,False,False,False,W,-0.88,21.4476,56000
2023-05-29 02:40:01,61,W+R,1,False,False,False,B,-0.88,21.286,56000
2023-05-29 02:40:26,88,W+0.5,9,True,True,False,B,-0.88,21.3717,56000
2023-05-29 02:40:36,43,W+R,0,False,False,False,B,-0.88,21.2968,56000
2023-05-29 02:40:47,43,W+R,0,False,False,False,B,-0.88,21.2715,56000
2023-05-29 02:41:00,43,W+R,0,False,False,False,B,-0.88,21.2122,56000
2023-05-29 02:41:20,62,B+R,0,False,False,False,W,-0.88,21.2811,56000
2023-05-29 02:41:34,43,W+R,0,False,False,False,B,-0.88,21.1858,56000
2023-05-29 02:41:46,43,W+R,0,False,False,False,B,-0.88,21.1738,56000
2023-05-29 02:42:00,44,B+R,0,False,False,False,W,-0.88,21.0493,56000
2023-05-29 02:42:13,43,W+R,0,False,False,False,B,-0.88,21.049,56000
2023-05-29 02:42:39,69,B+1.5,7,False,False,False,,-0.88,21.1515,56000
2023-05-29 02:43:02,72,B+R,3,False,False,False,W,-0.88,21.1343,56000
2023-05-29 02:43:15,43,W+R,0,False,False,False,B,-0.88,21.0302,56000
2023-05-29 02:43:30,47,W+R,0,False,False,False,B,-0.88,20.9183,56000
2023-05-29 02:44:14,121,W+R,19,False,False,False,B,-0.88,21.1274,56000
2023-05-29 02:44:35,63,W+R,0,False,False,False,B,-0.88,21.1665,56000
2023-05-29 02:44:53,50,B+R,0,False,False,False,W,-0.88,21.0698,56000
2023-05-29 02:45:41,153,W+R,20,False,False,False,B,-0.88,21.4081,56000
2023-05-29 02:46:09,72,B+R,2,False,False,False,W,-0.88,21.5632,56000
2023-05-29 02:46:29,65,W+R,0,False,False,False,B,-0.88,21.6122,56000
2023-05-29 02:46:46,57,W+R,0,False,False,False,B,-0.88,21.4874,56000
2023-05-29 02:46:57,43,W+R,1,False,False,False,B,-0.88,21.2851,56000
2023-05-29 02:47:09,43,W+R,0,False,False,False,B,-0.88,21.2388,56000
2023-05-29 02:47:23,63,W+5.5,6,True,True,False,B,-0.88,21.2609,56000
2023-05-29 02:47:39,49,W+R,2,False,False,False,B,-0.88,21.2804,56000
2023-05-29 02:48:04,79,W+R,6,False,False,False,B,-0.88,21.371,56000
2023-05-29 02:48:22,59,W+R,0,False,False,False,B,-0.88,21.4138,56000
2023-05-29 02:48:52,91,W+R,3,False,False,False,B,-0.88,21.5638,56000
2023-05-29 02:49:07,51,W+R,2,False,False,False,B,-0.88,21.5732,56000
2023-05-29 02:49:27,59,W+R,1,False,False,False,B,-0.88,21.4091,56000
2023-05-29 02:49:41,43,W+R,0,False,False,False,B,-0.88,21.4217,56000
2023-05-29 02:50:11,80,B+R,3,False,False,False,W,-0.88,21.4618,56000
2023-05-29 02:50:45,105,W+2.5,20,True,True,False,B,-0.88,21.6273,56000
2023-05-29 02:51:03,53,W+R,0,False,False,False,B,-0.88,21.667,56000
2023-05-29 02:51:23,54,B+R,0,False,False,False,W,-0.88,21.5102,56000
2023-05-29 02:52:34,43,W+R,0,False,False,False,B,-0.88,21.3043,57000
2023-05-29 02:52:47,44,B+R,0,False,False,False,W,-0.88,21.2824,57000
2023-05-29 02:53:06,53,W+R,0,False,False,False,B,-0.88,21.3103,57000
2023-05-29 02:53:24,55,W+R,0,False,False,False,B,-0.88,21.387,57000
2023-05-29 02:53:38,43,W+R,0,False,False,False,B,-0.88,21.3362,57000
2023-05-29 02:53:51,43,W+R,0,False,False,False,B,-0.88,21.3497,57000
2023-05-29 02:54:12,77,W+R,5,False,False,False,B,-0.88,21.2792,57000
2023-05-29 02:54:32,62,B+R,3,False,False,False,W,-0.88,21.3091,57000
2023-05-29 02:54:52,62,B+R,1,False,False,False,W,-0.88,21.2562,57000
2023-05-29 02:55:07,43,W+R,0,False,False,False,B,-0.88,21.2694,57000
2023-05-29 02:55:21,47,W+R,0,False,False,False,B,-0.88,21.0981,57000
2023-05-29 02:55:58,105,W+R,9,False,False,False,B,-0.88,21.1518,57000
2023-05-29 02:56:07,43,W+R,0,False,False,False,B,-0.88,21.0696,57000
2023-05-29 02:56:38,162,B+10.5,31,True,True,True,B,-0.88,21.1606,57000
2023-05-29 02:56:49,43,W+R,1,False,False,False,B,-0.88,20.948,57000
2023-05-29 02:57:10,68,B+R,0,False,False,False,W,-0.88,20.8005,57000
2023-05-29 02:57:23,46,B+R,0,False,False,False,W,-0.88,20.5215,57000
2023-05-29 02:57:37,43,W+R,0,False,False,False,B,-0.88,20.4467,57000
2023-05-29 02:57:51,43,W+R,0,False,False,False,B,-0.88,20.3257,57000
2023-05-29 02:58:04,43,W+R,0,False,False,False,B,-0.88,20.1276,57000
2023-05-29 02:58:24,62,B+R,2,False,False,False,W,-0.88,20.1747,57000
2023-05-29 02:58:39,43,W+R,0,False,False,False,B,-0.88,20.1881,57000
2023-05-29 02:59:27,162,W+6.5,42,True,True,False,B,-0.88,20.4836,57000
2023-05-29 02:59:56,88,B+1.5,14,True,True,False,W,-0.88,20.6444,57000
2023-05-29 03:00:12,49,W+R,2,False,False,False,B,-0.88,20.5942,57000
2023-05-29 03:00:34,63,W+R,0,False,False,False,B,-0.88,20.5386,57000
2023-05-29 03:00:54,59,W+0.5,4,False,False,False,,-0.88,20.4827,57000
2023-05-29 03:01:17,69,W+R,4,False,False,False,B,-0.88,20.2748,57000
2023-05-29 03:01:36,52,B+R,0,False,False,False,W,-0.88,20.0889,57000
2023-05-29 03:01:48,43,W+R,0,False,False,False,B,-0.88,20.0956,57000
2023-05-29 03:02:02,48,W+12.5,5,True,True,False,B,-0.88,19.8341,57000
2023-05-29 03:02:16,43,W+R,0,False,False,False,B,-0.88,19.7509,57000
2023-05-29 03:02:46,97,B+1.5,9,True,True,False,W,-0.88,19.6999,57000
2023-05-29 03:03:01,43,W+R,0,False,False,False,B,-0.88,19.6266,57000
2023-05-29 03:03:12,43,W+R,0,False,False,False,B,-0.88,19.5938,57000
2023-05-29 03:03:24,43,W+R,3,False,False,False,B,-0.88,19.589,57000
2023-05-29 03:03:35,43,W+R,0,False,False,False,B,-0.88,19.209,57000
2023-05-29 03:03:58,66,B+R,0,False,False,False,W,-0.88,19.2986,57000
2023-05-29 03:04:20,76,B+R,0,False,False,False,W,-0.88,19.309,57000
2023-05-29 03:04:34,43,W+R,0,False,False,False,B,-0.88,19.327,57000
2023-05-29 03:04:57,71,W+R,3,False,False,False,B,-0.88,19.2696,57000
2023-05-29 03:05:12,59,W+R,0,False,False,False,B,-0.88,19.2046,57000
2023-05-29 03:05:37,70,B+R,1,False,False,False,W,-0.88,19.3008,57000
2023-05-29 03:06:01,71,W+R,5,False,False,False,B,-0.88,19.3807,57000
2023-05-29 03:06:23,69,W+R,1,False,False,False,B,-0.88,19.3264,57000
2023-05-29 03:07:12,139,W+R,28,False,False,False,B,-0.88,19.5963,57000
2023-05-29 03:08:40,43,W+R,0,False,False,False,B,-0.88,19.6439,58000
2023-05-29 03:08:54,45,W+R,0,False,False,False,B,-0.88,19.591,58000
2023-05-29 03:09:13,64,B+R,0,False,False,False,W,-0.88,19.6253,58000
2023-05-29 03:09:24,43,W+R,1,False,False,False,B,-0.88,19.4532,58000
2023-05-29 03:10:01,105,W+R,8,False,False,False,B,-0.88,19.6152,58000
2023-05-29 03:10:21,58,B+R,0,False,False,False,W,-0.88,19.6127,58000
2023-05-29 03:10:39,57,W+R,0,False,False,False,B,-0.88,19.5941,58000
2023-05-29 03:10:52,43,W+R,0,False,False,False,B,-0.88,19.5759,58000
2023-05-29 03:11:05,43,W+R,0,False,False,False,B,-0.88,19.4903,58000
2023-05-29 03:11:18,43,W+R,0,False,False,False,B,-0.88,19.3947,58000
2023-05-29 03:11:45,79,W+R,6,False,False,False,B,-0.88,19.3233,58000
2023-05-29 03:12:00,45,W+R,0,False,False,False,B,-0.88,19.1949,58000
2023-05-29 03:12:34,90,W+0.5,8,False,False,False,,-0.88,19.4121,58000
2023-05-29 03:13:07,110,B+R,8,False,False,False,W,-0.88,19.5933,58000
2023-05-29 03:13:41,97,B+1.5,7,False,False,False,,-0.88,19.8204,58000
2023-05-29 03:14:24,104,B+R,18,False,False,False,W,-0.88,20.0772,58000
2023-05-29 03:14:44,55,W+R,0,False,False,False,B,-0.88,20.081,58000
2023-05-29 03:15:20,109,W+1.5,18,True,True,False,B,-0.88,20.2752,58000
2023-05-29 03:15:32,43,W+R,0,False,False,False,B,-0.88,20.1519,58000
2023-05-29 03:15:53,59,W+R,0,False,False,False,B,-0.88,20.2603,58000
2023-05-29 03:16:04,43,W+R,0,False,False,False,B,-0.88,20.2686,58000
2023-05-29 03:16:18,43,W+R,0,False,False,False,B,-0.88,20.2752,58000
2023-05-29 03:16:57,119,W+R,15,False,False,False,B,-0.88,20.4547,58000
2023-05-29 03:17:25,75,W+R,4,False,False,False,B,-0.88,20.6013,58000
2023-05-29 03:17:37,43,W+R,0,False,False,False,B,-0.88,20.5937,58000
2023-05-29 03:18:04,92,B+R,4,False,False,False,W,-0.88,20.7312,58000
2023-05-29 03:18:24,63,W+R,2,False,False,False,B,-0.88,20.8016,58000
2023-05-29 03:18:39,43,W+R,0,False,False,False,B,-0.88,20.6899,58000
2023-05-29 03:19:18,160,B+R,26,False,False,False,W,-0.88,20.8427,58000
2023-05-29 03:19:30,43,W+R,0,False,False,False,B,-0.88,20.843,58000
2023-05-29 03:20:19,162,B+8.5,37,True,True,False,W,-0.88,21.1832,58000
2023-05-29 03:20:34,43,W+R,0,False,False,False,B,-0.88,20.8851,58000
2023-05-29 03:20:47,43,W+R,0,False,False,False,B,-0.88,20.8053,58000
2023-05-29 03:21:00,43,W+R,0,False,False,False,B,-0.88,20.7615,58000
2023-05-29 03:21:13,43,W+R,0,False,False,False,B,-0.88,20.4166,58000
2023-05-29 03:21:45,109,W+3.5,17,True,True,False,B,-0.88,20.4497,58000
2023-05-29 03:22:07,63,W+R,1,False,False,False,B,-0.88,20.4686,58000
2023-05-29 03:22:30,65,W+R,0,False,False,False,B,-0.88,20.5329,58000
2023-05-29 03:22:42,43,W+R,0,False,False,False,B,-0.88,20.5481,58000
2023-05-29 03:23:00,55,W+R,0,False,False,False,B,-0.88,20.6065,58000
2023-05-29 03:23:15,49,W+R,0,False,False,False,B,-0.88,20.6107,58000
2023-05-29 03:23:38,69,W+R,0,False,False,False,B,-0.88,20.6817,58000
2023-05-29 03:25:21,83,W+R,6,False,False,False,B,-0.88,20.8189,59000
2023-05-29 03:25:35,43,W+R,0,False,False,False,B,-0.88,20.6466,59000
2023-05-29 03:25:49,43,W+R,0,False,False,False,B,-0.88,20.6396,59000
2023-05-29 03:26:02,43,W+R,0,False,False,False,B,-0.88,20.5679,59000
2023-05-29 03:26:14,51,W+R,0,False,False,False,B,-0.88,20.5523,59000
2023-05-29 03:26:31,47,W+R,0,False,False,False,B,-0.88,20.4178,59000
2023-05-29 03:26:52,65,W+R,0,False,False,False,B,-0.88,20.2911,59000
2023-05-29 03:27:18,72,B+R,0,False,False,False,W,-0.88,20.3757,59000
2023-05-29 03:27:39,69,W+R,4,False,False,False,B,-0.88,20.3862,59000
2023-05-29 03:28:01,63,W+R,0,False,False,False,B,-0.88,20.4363,59000
2023-05-29 03:28:14,43,W+R,0,False,False,False,B,-0.88,20.4739,59000
2023-05-29 03:28:27,43,W+R,0,False,False,False,B,-0.88,20.4754,59000
2023-05-29 03:28:41,43,W+R,0,False,False,False,B,-0.88,20.4256,59000
2023-05-29 03:29:07,70,B+R,0,False,False,False,W,-0.88,20.4998,59000
2023-05-29 03:29:25,67,W+R,0,False,False,False,B,-0.88,20.5458,59000
2023-05-29 03:29:47,67,W+R,0,False,False,False,B,-0.88,20.6335,59000
2023-05-29 03:30:04,48,B+R,0,False,False,False,W,-0.88,20.5906,59000
2023-05-29 03:30:24,59,W+R,1,False,False,False,B,-0.88,20.5945,59000
2023-05-29 03:30:38,43,W+R,1,False,False,False,B,-0.88,20.5327,59000
2023-05-29 03:31:02,62,B+R,0,False,False,False,W,-0.88,20.6277,59000
2023-05-29 03:31:23,63,W+R,0,False,False,False,B,-0.88,20.6901,59000
2023-05-29 03:31:43,62,B+R,0,False,False,False,W,-0.88,20.5217,59000
2023-05-29 03:32:07,62,B+R,2,False,False,False,W,-0.88,20.6671,59000
2023-05-29 03:32:20,43,W+R,0,False,False,False,B,-0.88,20.4922,59000
2023-05-29 03:32:31,43,W+R,0,False,False,False,B,-0.88,20.4953,59000
2023-05-29 03:32:54,80,W+6.5,5,True,True,False,B,-0.88,20.5126,59000
2023-05-29 03:33:07,43,W+R,0,False,False,False,B,-0.88,20.51,59000
2023-05-29 03:33:31,84,W+3.5,7,True,True,False,B,-0.88,20.6133,59000
2023-05-29 03:33:51,75,W+6.5,5,True,True,False,B,-0.88,20.6701,59000
2023-05-29 03:34:06,49,W+R,0,False,False,False,B,-0.88,20.6977,59000
2023-05-29 03:34:20,43,W+R,0,False,False,False,B,-0.88,20.6268,59000
2023-05-29 03:34:35,43,W+R,0,False,False,False,B,-0.88,20.6308,59000
2023-05-29 03:34:48,43,W+R,0,False,False,False,B,-0.88,20.2882,59000
2023-05-29 03:35:14,89,W+R,6,False,False,False,B,-0.88,20.2454,59000
2023-05-29 03:35:28,43,W+R,0,False,False,False,B,-0.88,20.2301,59000
2023-05-29 03:35:43,45,W+R,0,False,False,False,B,-0.88,20.1569,59000
2023-05-29 03:35:56,43,W+R,2,False,False,False,B,-0.88,20.0872,59000
2023-05-29 03:36:09,43,W+R,0,False,False,False,B,-0.88,19.9901,59000
2023-05-29 03:36:27,53,W+R,1,False,False,False,B,-0.88,19.9855,59000
2023-05-29 03:36:41,43,W+R,0,False,False,False,B,-0.88,19.9989,59000
2023-05-29 03:37:02,61,W+R,0,False,False,False,B,-0.88,20.0685,59000
2023-05-29 03:37:29,77,W+R,12,False,False,False,B,-0.88,20.1994,59000
2023-05-29 03:37:54,66,B+R,0,False,False,False,W,-0.88,20.1514,59000
2023-05-29 03:38:09,43,W+R,0,False,False,False,B,-0.88,20.1542,59000
2023-05-29 03:38:22,43,W+R,0,False,False,False,B,-0.88,20.1695,59000
2023-05-29 03:38:41,62,B+R,0,False,False,False,W,-0.88,20.2408,59000
2023-05-29 03:40:29,86,B+R,2,False,False,False,W,-0.88,20.4369,60000
2023-05-29 03:40:55,81,W+R,6,False,False,False,B,-0.88,20.4752,60000
2023-05-29 03:41:51,134,B+R,10,False,False,False,W,-0.88,20.8948,60000
2023-05-29 03:42:05,43,W+R,0,False,False,False,B,-0.88,20.8077,60000
2023-05-29 03:42:23,52,B+R,0,False,False,False,W,-0.88,20.83,60000
2023-05-29 03:42:36,43,W+R,0,False,False,False,B,-0.88,20.7145,60000
2023-05-29 03:42:54,59,W+R,3,False,False,False,B,-0.88,20.6574,60000
2023-05-29 03:43:39,162,W+3.5,36,True,True,False,B,-0.88,20.8795,60000
2023-05-29 03:44:15,101,B+1.5,11,True,True,False,W,-0.88,20.7567,60000
2023-05-29 03:44:28,43,W+R,0,False,False,False,B,-0.88,20.5949,60000
2023-05-29 03:45:13,162,W+3.5,36,True,True,False,B,-0.88,20.9193,60000
2023-05-29 03:45:34,63,W+R,0,False,False,False,B,-0.88,20.982,60000
2023-05-29 03:45:55,68,B+R,3,False,False,False,W,-0.88,21.0098,60000
2023-05-29 03:46:14,51,W+R,0,False,False,False,B,-0.88,21.0845,60000
2023-05-29 03:46:34,63,W+R,7,False,False,False,B,-0.88,20.9053,60000
2023-05-29 03:47:02,73,W+R,3,False,False,False,B,-0.88,20.9886,60000
2023-05-29 03:47:14,43,W+R,0,False,False,False,B,-0.88,20.9396,60000
2023-05-29 03:47:27,43,W+R,0,False,False,False,B,-0.88,20.934,60000
2023-05-29 03:47:54,77,W+R,2,False,False,False,B,-0.88,21.0677,60000
2023-05-29 03:48:07,43,W+R,0,False,False,False,B,-0.88,21.0683,60000
2023-05-29 03:48:30,64,B+R,0,False,False,False,W,-0.88,21.0334,60000
2023-05-29 03:49:00,88,B+1.5,4,True,True,False,W,-0.88,21.1875,60000
2023-05-29 03:49:25,73,B+3.5,4,False,False,False,,-0.88,21.092,60000
2023-05-29 03:50:09,157,W+R,33,False,False,False,B,-0.88,21.2017,60000
2023-05-29 03:50:43,88,B+R,4,False,False,False,W,-0.88,21.1986,60000
2023-05-29 03:51:04,72,B+R,3,False,False,False,W,-0.88,20.9843,60000
2023-05-29 03:51:35,88,B+R,4,False,False,False,W,-0.88,21.0951,60000
2023-05-29 03:51:53,56,B+R,0,False,False,False,W,-0.88,20.9139,60000
2023-05-29 03:52:14,59,W+R,1,False,False,False,B,-0.88,21.0004,60000
2023-05-29 03:52:50,107,W+R,7,False,False,False,B,-0.88,21.1598,60000
2023-05-29 03:53:18,95,W+R,9,False,False,False,B,-0.88,21.3189,60000
2023-05-29 03:53:44,71,W+R,3,False,False,False,B,-0.88,21.4387,60000
2023-05-29 03:54:04,66,B+R,0,False,False,False,W,-0.88,21.2602,60000
2023-05-29 03:54:16,43,W+R,0,False,False,False,B,-0.88,21.0949,60000
2023-05-29 03:54:39,59,W+R,0,False,False,False,B,-0.88,21.2105,60000
2023-05-29 03:54:51,43,W+R,0,False,False,False,B,-0.88,21.0546,60000
2023-05-29 03:55:14,69,W+R,4,False,False,False,B,-0.88,21.0844,60000
2023-05-29 03:55:55,131,W+4.5,20,True,True,False,B,-0.88,21.3433,60000
2023-05-29 03:56:07,43,W+R,0,False,False,False,B,-0.88,21.0765,60000
2023-05-29 03:56:34,82,W+2.5,7,True,True,False,B,-0.88,21.2164,60000
2023-05-29 03:57:57,43,W+R,1,False,False,False,B,-0.88,20.9313,61000
2023-05-29 03:58:08,43,W+R,0,False,False,False,B,-0.88,20.9098,61000
2023-05-29 03:58:31,66,B+R,0,False,False,False,W,-0.88,21.004,61000
2023-05-29 03:58:47,53,W+R,0,False,False,False,B,-0.88,21.0275,61000
2023-05-29 03:59:22,111,W+0.5,15,True,True,False,B,-0.88,21.0612,61000
2023-05-29 03:59:35,43,W+R,0,False,False,False,B,-0.88,20.9787,61000
2023-05-29 04:00:03,75,W+R,2,False,False,False,B,-0.88,21.0192,61000
2023-05-29 04:00:18,44,B+R,0,False,False,False,W,-0.88,21.0449,61000
2023-05-29 04:00:45,77,W+R,2,False,False,False,B,-0.88,21.1375,61000
2023-05-29 04:01:00,44,B+R,1,False,False,False,W,-0.88,21.1386,61000
2023-05-29 04:01:20,54,B+R,0,False,False,False,W,-0.88,21.1085,61000
2023-05-29 04:01:35,44,B+R,0,False,False,False,W,-0.88,20.979,61000
2023-05-29 04:02:25,162,B+2.5,2,True,True,False,W,-0.88,21.1964,61000
2023-05-29 04:02:37,51,W+R,0,False,False,False,B,-0.88,21.182,61000
2023-05-29 04:03:03,74,B+R,3,False,False,False,W,-0.88,21.3102,61000
2023-05-29 04:03:17,43,W+R,0,False,False,False,B,-0.88,21.3097,61000
2023-05-29 04:03:37,57,W+R,3,False,False,False,B,-0.88,21.3913,61000
2023-05-29 04:03:49,46,B+R,0,False,False,False,W,-0.88,21.3484,61000
2023-05-29 04:04:02,43,W+R,0,False,False,False,B,-0.88,21.2687,61000
2023-05-29 04:04:44,111,W+R,11,False,False,False,B,-0.88,21.4177,61000
2023-05-29 04:05:00,53,W+R,2,False,False,False,B,-0.88,21.3706,61000
2023-05-29 04:05:20,65,W+R,4,False,False,False,B,-0.88,21.3535,61000
2023-05-29 04:05:39,55,W+R,1,False,False,False,B,-0.88,21.4108,61000
2023-05-29 04:06:21,162,W+10.5,38,True,True,False,B,-0.88,21.7057,61000
2023-05-29 04:06:54,113,W+R,14,False,False,False,B,-0.88,21.8949,61000
2023-05-29 04:07:19,78,B+R,2,False,False,False,W,-0.88,21.8856,61000
2023-05-29 04:07:32,43,W+R,0,False,False,False,B,-0.88,21.8306,61000
2023-05-29 04:07:43,43,W+R,0,False,False,False,B,-0.88,21.7225,61000
2023-05-29 04:08:00,53,W+R,0,False,False,False,B,-0.88,21.7216,61000
2023-05-29 04:08:19,71,W+R,0,False,False,False,B,-0.88,21.718,61000
2023-05-29 04:08:46,83,W+R,3,False,False,False,B,-0.88,21.842,61000
2023-05-29 04:09:13,79,W+R,6,False,False,False,B,-0.88,21.8707,61000
2023-05-29 04:09:31,67,W+R,5,False,False,False,B,-0.88,21.8395,61000
2023-05-29 04:09:48,61,W+R,3,False,False,False,B,-0.88,21.8163,61000
2023-05-29 04:09:59,44,B+R,0,False,False,False,W,-0.88,21.684,61000
2023-05-29 04:10:44,162,W+6.5,40,True,True,False,B,-0.88,22.0075,61000
2023-05-29 04:11:02,55,W+R,0,False,False,False,B,-0.88,22.069,61000
2023-05-29 04:11:27,76,B+R,2,False,False,False,W,-0.88,22.0989,61000
2023-05-29 04:11:55,77,W+R,2,False,False,False,B,-0.88,22.237,61000
2023-05-29 04:12:19,71,W+R,5,False,False,False,B,-0.88,22.2388,61000
2023-05-29 04:12:41,69,W+R,0,False,False,False,B,-0.88,22.2717,61000
2023-05-29 04:13:10,77,W+R,1,False,False,False,B,-0.88,22.4057,61000
2023-05-29 04:14:53,91,B+1.5,6,False,False,False,,-0.88,22.6289,62000
2023-05-29 04:15:10,49,W+R,0,False,False,False,B,-0.88,22.6695,62000
2023-05-29 04:15:30,69,W+6.5,4,True,True,False,B,-0.88,22.6062,62000
2023-05-29 04:15:43,43,W+R,0,False,False,False,B,-0.88,22.5958,62000
2023-05-29 04:16:09,70,B+R,1,False,False,False,W,-0.88,22.7113,62000
2023-05-29 04:16:34,70,B+R,2,False,False,False,W,-0.88,22.8263,62000
2023-05-29 04:16:50,55,W+R,0,False,False,False,B,-0.88,22.8598,62000
2023-05-29 04:17:05,43,W+R,0,False,False,False,B,-0.88,22.8278,62000
2023-05-29 04:17:27,67,W+R,2,False,False,False,B,-0.88,22.9108,62000
2023-05-29 04:17:40,43,W+R,0,False,False,False,B,-0.88,22.8319,62000
2023-05-29 04:18:10,86,B+R,9,False,False,False,W,-0.88,22.855,62000
2023-05-29 04:18:22,43,W+R,0,False,False,False,B,-0.88,22.7306,62000
2023-05-29 04:18:36,47,W+R,0,False,False,False,B,-0.88,22.7214,62000
2023-05-29 04:19:07,104,W+7.5,15,True,True,False,B,-0.88,22.9017,62000
2023-05-29 04:19:19,43,W+R,0,False,False,False,B,-0.88,22.8264,62000
2023-05-29 04:19:54,111,W+3.5,17,True,True,False,B,-0.88,22.9456,62000
2023-05-29 04:20:10,43,W+R,0,False,False,False,B,-0.88,22.8058,62000
2023-05-29 04:20:20,43,W+R,0,False,False,False,B,-0.88,22.6418,62000
2023-05-29 04:20:54,94,B+1.5,5,True,True,False,W,-0.88,22.4189,62000
2023-05-29 04:21:17,69,W+R,0,False,False,False,B,-0.88,22.5163,62000
2023-05-29 04:21:44,78,B+R,0,False,False,False,W,-0.88,22.6105,62000
2023-05-29 04:21:58,43,W+R,0,False,False,False,B,-0.88,22.6108,62000
2023-05-29 04:22:16,54,B+R,0,False,False,False,W,-0.88,22.614,62000
2023-05-29 04:22:48,97,W+6.5,14,True,True,False,B,-0.88,22.4825,62000
2023-05-29 04:23:01,43,W+R,0,False,False,False,B,-0.88,22.2568,62000
2023-05-29 04:23:23,61,W+R,0,False,False,False,B,-0.88,22.3487,62000
2023-05-29 04:24:04,105,W+3.5,13,True,True,False,B,-0.88,22.2978,62000
2023-05-29 04:24:18,45,W+R,0,False,False,False,B,-0.88,22.2337,62000
2023-05-29 04:24:30,54,B+R,0,False,False,False,W,-0.88,22.1403,62000
2023-05-29 04:25:07,159,W+R,29,False,False,False,B,-0.88,22.3194,62000
2023-05-29 04:25:24,51,W+R,0,False,False,False,B,-0.88,22.2949,62000
2023-05-29 04:25:34,43,W+R,0,False,False,False,B,-0.88,22.1109,62000
2023-05-29 04:25:47,61,W+R,5,False,False,False,B,-0.88,22.1177,62000
2023-05-29 04:25:59,47,W+R,0,False,False,False,B,-0.88,22.1147,62000
2023-05-29 04:26:19,58,B+R,1,False,False,False,W,-0.88,22.0491,62000
2023-05-29 04:26:35,50,B+R,0,False,False,False,W,-0.88,22.0759,62000
2023-05-29 04:26:53,56,B+R,0,False,False,False,W,-0.88,22.0191,62000
2023-05-29 04:27:16,70,B+R,0,False,False,False,W,-0.88,21.9538,62000
2023-05-29 04:27:43,81,W+R,4,False,False,False,B,-0.88,21.9672,62000
2023-05-29 04:28:02,63,W+R,0,False,False,False,B,-0.88,21.7267,62000
2023-05-29 04:28:27,79,W+R,2,False,False,False,B,-0.88,21.6313,62000
2023-05-29 04:28:39,43,W+R,0,False,False,False,B,-0.88,21.5459,62000
2023-05-29 04:29:09,96,B+R,6,False,False,False,W,-0.88,21.5265,62000
2023-05-29 04:30:38,43,W+R,0,False,False,False,B,-0.88,21.4731,63000
2023-05-29 04:30:48,43,W+R,0,False,False,False,B,-0.88,21.2192,63000
2023-05-29 04:31:05,46,B+R,0,False,False,False,W,-0.88,21.1096,63000
2023-05-29 04:31:19,43,W+R,0,False,False,False,B,-0.88,20.9873,63000
2023-05-29 04:31:41,65,W+R,1,False,False,False,B,-0.88,21.0078,63000
2023-05-29 04:32:04,73,B+1.5,9,True,False,False,,-0.88,21.1146,63000
2023-05-29 04:32:22,64,B+R,0,False,False,False,W,-0.88,21.0655,63000
2023-05-29 04:32:34,55,W+R,0,False,False,False,B,-0.88,21.0613,63000
2023-05-29 04:32:48,59,W+R,3,False,False,False,B,-0.88,20.9728,63000
2023-05-29 04:33:02,43,W+R,0,False,False,False,B,-0.88,20.7178,63000
2023-05-29 04:33:13,47,W+R,0,False,False,False,B,-0.88,20.704,63000
2023-05-29 04:33:27,43,W+R,0,False,False,False,B,-0.88,20.5725,63000
2023-05-29 04:33:50,62,B+R,0,False,False,False,W,-0.88,20.6131,63000
2023-05-29 04:34:04,43,W+R,0,False,False,False,B,-0.88,20.5997,63000
2023-05-29 04:34:37,91,W+R,6,False,False,False,B,-0.88,20.8181,63000
2023-05-29 04:34:50,43,W+R,1,False,False,False,B,-0.88,20.7235,63000
2023-05-29 04:35:05,43,W+R,0,False,False,False,B,-0.88,20.7083,63000
2023-05-29 04:35:16,43,W+R,0,False,False,False,B,-0.88,20.4705,63000
2023-05-29 04:35:29,46,B+R,0,False,False,False,W,-0.88,20.4638,63000
2023-05-29 04:35:39,43,W+R,0,False,False,False,B,-0.88,20.2931,63000
2023-05-29 04:35:54,50,B+R,0,False,False,False,W,-0.88,20.2937,63000
2023-05-29 04:36:07,43,W+R,0,False,False,False,B,-0.88,20.1564,63000
2023-05-29 04:36:26,54,B+R,0,False,False,False,W,-0.88,20.1926,63000
2023-05-29 04:36:46,60,B+R,0,False,False,False,W,-0.88,20.1915,63000
2023-05-29 04:37:07,62,B+R,0,False,False,False,W,-0.88,20.2505,63000
2023-05-29 04:37:20,43,W+R,0,False,False,False,B,-0.88,19.8858,63000
2023-05-29 04:37:37,52,B+R,0,False,False,False,W,-0.88,19.9368,63000
2023-05-29 04:37:50,43,W+R,0,False,False,False,B,-0.88,19.7959,63000
2023-05-29 04:38:09,58,B+R,0,False,False,False,W,-0.88,19.8516,63000
2023-05-29 04:38:23,43,W+R,0,False,False,False,B,-0.88,19.7879,63000
2023-05-29 04:38:49,73,W+R,0,False,False,False,B,-0.88,19.9226,63000
2023-05-29 04:39:02,43,W+R,0,False,False,False,B,-0.88,19.9267,63000
2023-05-29 04:39:16,43,W+R,0,False,False,False,B,-0.88,19.6486,63000
2023-05-29 04:39:27,43,W+R,1,False,False,False,B,-0.88,19.5965,63000
2023-05-29 04:39:54,87,W+R,3,False,False,False,B,-0.88,19.6686,63000
2023-05-29 04:40:21,78,B+R,0,False,False,False,W,-0.88,19.7556,63000
2023-05-29 04:40:35,59,W+R,0,False,False,False,B,-0.88,19.4722,63000
2023-05-29 04:40:50,43,W+R,0,False,False,False,B,-0.88,19.2814,63000
2023-05-29 04:41:25,109,W+5.5,22,True,True,False,B,-0.88,19.3967,63000
2023-05-29 04:41:39,43,W+R,0,False,False,False,B,-0.88,19.4029,63000
2023-05-29 04:41:59,66,B+R,5,False,False,False,W,-0.88,19.491,63000
2023-05-29 04:42:28,86,B+R,3,False,False,False,W,-0.88,19.6107,63000
2023-05-29 04:43:16,162,W+17.5,21,True,True,False,B,-0.88,19.8981,63000
2023-05-29 04:43:33,48,B+R,0,False,False,False,W,-0.88,19.8018,63000
2023-05-29 04:44:01,81,W+R,4,False,False,False,B,-0.88,19.8122,63000
2023-05-29 04:44:43,116,B+R,11,False,False,False,W,-0.88,20.0502,63000
2023-05-29 04:45:00,57,W+R,0,False,False,False,B,-0.88,20.0511,63000
2023-05-29 04:46:12,42,B+R,0,False,False,False,W,-0.88,19.8457,64000
2023-05-29 04:46:59,161,W+R,40,False,False,False,B,-0.88,20.1389,64000
2023-05-29 04:47:32,106,B+2.5,12,True,True,False,W,-0.88,20.2126,64000
2023-05-29 04:47:47,47,W+R,0,False,False,False,B,-0.88,20.089,64000
2023-05-29 04:48:10,64,B+R,0,False,False,False,W,-0.88,20.0735,64000
2023-05-29 04:48:24,43,W+R,0,False,False,False,B,-0.88,19.9869,64000
2023-05-29 04:48:46,61,W+R,1,False,False,False,B,-0.88,19.9196,64000
2023-05-29 04:49:06,61,W+0.5,2,False,False,False,,-0.88,19.9117,64000
2023-05-29 04:49:37,96,B+R,4,False,False,False,W,-0.88,19.9178,64000
2023-05-29 04:49:56,59,W+R,0,False,False,False,B,-0.88,19.9398,64000
2023-05-29 04:50:10,43,W+R,0,False,False,False,B,-0.88,19.8805,64000
2023-05-29 04:50:23,43,W+R,0,False,False,False,B,-0.88,19.8813,64000
2023-05-29 04:50:48,81,W+0.5,10,False,False,False,,-0.88,19.8723,64000
2023-05-29 04:51:00,43,W+R,0,False,False,False,B,-0.88,19.7404,64000
2023-05-29 04:51:17,55,W+R,0,False,False,False,B,-0.88,19.7561,64000
2023-05-29 04:51:34,51,W+R,0,False,False,False,B,-0.88,19.7697,64000
2023-05-29 04:51:55,63,B+1.5,2,False,False,False,,-0.88,19.7599,64000
2023-05-29 04:52:09,43,W+R,0,False,False,False,B,-0.88,19.7658,64000
2023-05-29 04:52:22,43,W+R,3,False,False,False,B,-0.88,19.6021,64000
2023-05-29 04:52:34,42,B+R,0,False,False,False,W,-0.88,19.5975,64000
2023-05-29 04:53:11,110,B+1.5,8,True,True,False,W,-0.88,19.8239,64000
2023-05-29 04:53:27,59,W+R,2,False,False,False,B,-0.88,19.6755,64000
2023-05-29 04:53:48,67,W+R,0,False,False,False,B,-0.88,19.7732,64000
2023-05-29 04:54:16,97,W+1.5,10,True,True,False,B,-0.88,19.7032,64000
2023-05-29 04:54:45,125,W+2.5,27,True,True,False,B,-0.88,19.8253,64000
2023-05-29 04:55:15,87,W+R,5,False,False,False,B,-0.88,20.0294,64000
2023-05-29 04:56:06,161,W+R,41,False,False,False,B,-0.88,20.2018,64000
2023-05-29 04:56:20,42,B+R,0,False,False,False,W,-0.88,20.1134,64000
2023-05-29 04:56:40,65,W+R,0,False,False,False,B,-0.88,20.0347,64000
2023-05-29 04:56:52,43,W+R,0,False,False,False,B,-0.88,20.0259,64000
2023-05-29 04:57:09,51,W+R,0,False,False,False,B,-0.88,20.0111,64000
2023-05-29 04:57:22,43,W+R,0,False,False,False,B,-0.88,19.8203,64000
2023-05-29 04:57:36,51,W+R,0,False,False,False,B,-0.88,19.8309,64000
2023-05-29 04:58:02,68,B+R,0,False,False,False,W,-0.88,19.8625,64000
2023-05-29 04:58:16,43,W+R,0,False,False,False,B,-0.88,19.598,64000
2023-05-29 04:58:31,48,B+R,0,False,False,False,W,-0.88,19.6158,64000
2023-05-29 04:58:55,85,W+R,12,False,False,False,B,-0.88,19.7265,64000
2023-05-29 04:59:08,43,W+R,0,False,False,False,B,-0.88,19.4916,64000
2023-05-29 04:59:21,43,W+R,0,False,False,False,B,-0.88,19.4545,64000
2023-05-29 04:59:35,43,W+R,1,False,False,False,B,-0.88,19.4919,64000
2023-05-29 04:59:55,57,W+R,0,False,False,False,B,-0.88,19.5591,64000
2023-05-29 05:00:14,62,W+3.5,4,True,True,False,B,-0.88,19.6316,64000
2023-05-29 05:01:35,43,W+R,1,False,False,False,B,-0.88,19.6289,65000
2023-05-29 05:01:48,43,W+R,2,False,False,False,B,-0.88,19.5879,65000
2023-05-29 05:02:07,58,B+R,0,False,False,False,W,-0.88,19.5327,65000
2023-05-29 05:02:41,118,B+0.5,25,True,True,False,W,-0.88,19.6144,65000
2023-05-29 05:03:07,67,W+R,3,False,False,False,B,-0.88,19.6839,65000
2023-05-29 05:03:29,59,W+R,0,False,False,False,B,-0.88,19.6508,65000
2023-05-29 05:03:40,43,W+R,0,False,False,False,B,-0.88,19.6376,65000
2023-05-29 05:03:53,43,W+R,0,False,False,False,B,-0.88,19.477,65000
2023-05-29 05:04:07,45,W+R,0,False,False,False,B,-0.88,19.3924,65000
2023-05-29 05:04:22,42,B+R,0,False,False,False,W,-0.88,19.4236,65000
2023-05-29 05:04:36,43,W+R,0,False,False,False,B,-0.88,19.4603,65000
2023-05-29 05:04:48,43,W+R,0,False,False,False,B,-0.88,19.4169,65000
2023-05-29 05:05:20,88,W+2.5,11,False,False,False,,-0.88,19.5908,65000
2023-05-29 05:05:56,101,W+R,5,False,False,False,B,-0.88,19.7336,65000
2023-05-29 05:06:12,48,B+R,0,False,False,False,W,-0.88,19.6677,65000
2023-05-29 05:06:43,101,W+5.5,13,True,True,False,B,-0.88,19.7961,65000
2023-05-29 05:06:57,43,W+R,0,False,False,False,B,-0.88,19.8211,65000
2023-05-29 05:07:13,43,W+R,0,False,False,False,B,-0.88,19.832,65000
2023-05-29 05:07:42,70,B+R,0,False,False,False,W,-0.88,19.9792,65000
2023-05-29 05:08:07,73,W+R,6,False,False,False,B,-0.88,20.1245,65000
2023-05-29 05:08:24,50,B+R,0,False,False,False,W,-0.88,20.1565,65000
2023-05-29 05:08:57,162,W+10.5,31,True,True,False,B,-0.88,20.2517,65000
2023-05-29 05:09:15,57,W+R,0,False,False,False,B,-0.88,20.2849,65000
2023-05-29 05:09:33,61,W+R,0,False,False,False,B,-0.88,20.1419,65000
2023-05-29 05:09:52,56,B+R,0,False,False,False,W,-0.88,20.2006,65000
2023-05-29 05:10:15,72,B+R,0,False,False,False,W,-0.88,20.2912,65000
2023-05-29 05:10:41,86,B+R,4,False,False,False,W,-0.88,20.4339,65000
2023-05-29 05:11:02,52,B+R,0,False,False,False,W,-0.88,20.5203,65000
2023-05-29 05:11:27,77,W+R,3,False,False,False,B,-0.88,20.6616,65000
2023-05-29 05:11:38,43,W+R,0,False,False,False,B,-0.88,20.6226,65000
2023-05-29 05:11:56,74,B+R,0,False,False,False,W,-0.88,20.6717,65000
2023-05-29 05:12:10,51,W+R,0,False,False,False,B,-0.88,20.6178,65000
2023-05-29 05:12:36,88,W+0.5,11,True,True,False,B,-0.88,20.6875,65000
2023-05-29 05:12:50,43,W+R,0,False,False,False,B,-0.88,20.6063,65000
2023-05-29 05:13:15,87,W+R,13,False,False,False,B,-0.88,20.7277,65000
2023-05-29 05:13:41,74,B+R,2,False,False,False,W,-0.88,20.817,65000
2023-05-29 05:14:00,58,B+R,0,False,False,False,W,-0.88,20.8877,65000
2023-05-29 05:14:15,43,W+R,0,False,False,False,B,-0.88,20.8451,65000
2023-05-29 05:14:33,62,B+1.5,5,False,False,False,,-0.88,20.8875,65000
2023-05-29 05:14:50,51,W+R,0,False,False,False,B,-0.88,20.7982,65000
2023-05-29 05:15:06,49,W+R,3,False,False,False,B,-0.88,20.826,65000
2023-05-29 05:15:29,69,B+1.5,4,False,False,False,,-0.88,20.9215,65000
2023-05-29 05:15:42,43,W+R,0,False,False,False,B,-0.88,20.9412,65000
2023-05-29 05:17:28,126,W+0.5,26,True,True,False,B,-0.88,20.8863,66000
2023-05-29 05:17:51,64,B+R,1,False,False,False,W,-0.88,20.9782,66000
2023-05-29 05:18:06,43,W+R,0,False,False,False,B,-0.88,20.9819,66000
2023-05-29 05:18:39,99,W+R,10,False,False,False,B,-0.88,20.9607,66000
2023-05-29 05:18:54,43,W+R,0,False,False,False,B,-0.88,20.9681,66000
2023-05-29 05:19:04,43,W+R,0,False,False,False,B,-0.88,20.8742,66000
2023-05-29 05:19:24,83,W+R,7,False,False,False,B,-0.88,20.78,66000
2023-05-29 05:19:41,74,B+R,1,False,False,False,W,-0.88,20.4723,66000
2023-05-29 05:19:59,67,W+R,3,False,False,False,B,-0.88,20.4771,66000
2023-05-29 05:20:13,42,B+R,0,False,False,False,W,-0.88,20.3405,66000
2023-05-29 05:20:39,83,B+1.5,6,False,False,False,,-0.88,20.1856,66000
2023-05-29 05:20:51,43,W+R,0,False,False,False,B,-0.88,20.1288,66000
2023-05-29 05:21:06,43,W+R,0,False,False,False,B,-0.88,20.076,66000
2023-05-29 05:21:17,43,W+R,0,False,False,False,B,-0.88,20.0337,66000
2023-05-29 05:21:43,81,W+R,4,False,False,False,B,-0.88,19.8199,66000
2023-05-29 05:21:53,43,W+R,1,False,False,False,B,-0.88,19.5985,66000
2023-05-29 05:22:14,71,W+R,2,False,False,False,B,-0.88,19.6514,66000
2023-05-29 05:22:41,78,B+R,2,False,False,False,W,-0.88,19.7052,66000
2023-05-29 05:22:54,43,W+R,1,False,False,False,B,-0.88,19.693,66000
2023-05-29 05:23:22,68,B+R,0,False,False,False,W,-0.88,19.7451,66000
2023-05-29 05:23:36,44,B+R,0,False,False,False,W,-0.88,19.6843,66000
2023-05-29 05:23:51,55,W+R,0,False,False,False,B,-0.88,19.5295,66000
2023-05-29 05:24:04,43,W+R,0,False,False,False,B,-0.88,19.4665,66000
2023-05-29 05:24:17,43,W+R,0,False,False,False,B,-0.88,19.4575,66000
2023-05-29 05:24:48,88,B+R,3,False,False,False,W,-0.88,19.6331,66000
2023-05-29 05:25:00,43,W+R,0,False,False,False,B,-0.88,19.5083,66000
2023-05-29 05:25:19,61,W+R,0,False,False,False,B,-0.88,19.5836,66000
2023-05-29 05:25:41,65,W+R,0,False,False,False,B,-0.88,19.6259,66000
2023-05-29 05:25:56,51,W+R,0,False,False,False,B,-0.88,19.6054,66000
2023-05-29 05:26:19,77,W+R,4,False,False,False,B,-0.88,19.6234,66000
2023-05-29 05:26:49,83,W+R,2,False,False,False,B,-0.88,19.7865,66000
2023-05-29 05:27:10,57,W+R,0,False,False,False,B,-0.88,19.8677,66000
2023-05-29 05:27:40,85,W+2.5,4,True,True,False,B,-0.88,20.0492,66000
2023-05-29 05:27:50,47,W+R,1,False,False,False,B,-0.88,19.7834,66000
2023-05-29 05:28:11,62,B+R,0,False,False,False,W,-0.88,19.8307,66000
2023-05-29 05:28:24,43,W+R,0,False,False,False,B,-0.88,19.7458,66000
2023-05-29 05:28:38,44,B+R,0,False,False,False,W,-0.88,19.5978,66000
2023-05-29 05:28:51,46,B+R,0,False,False,False,W,-0.88,19.4457,66000
2023-05-29 05:29:09,63,W+R,0,False,False,False,B,-0.88,19.3287,66000
2023-05-29 05:29:46,162,B+2.5,30,True,True,False,W,-0.88,19.1863,66000
2023-05-29 05:29:57,43,W+R,1,False,False,False,B,-0.88,19.156,66000
2023-05-29 05:30:28,79,W+R,5,False,False,False,B,-0.88,19.2635,66000
2023-05-29 05:30:42,42,B+R,0,False,False,False,W,-0.88,19.2812,66000
2023-05-29 05:30:56,49,W+R,0,False,False,False,B,-0.88,19.2529,66000
2023-05-29 05:31:10,43,W+R,0,False,False,False,B,-0.88,19.2729,66000
2023-05-29 05:32:25,43,W+R,0,False,False,False,B,-0.88,19.1342,67000
2023-05-29 05:32:39,43,W+R,0,False,False,False,B,-0.88,19.1344,67000
2023-05-29 05:32:52,43,W+R,0,False,False,False,B,-0.88,19.1128,67000
2023-05-29 05:33:06,42,B+R,0,False,False,False,W,-0.88,19.0126,67000
2023-05-29 05:33:18,43,W+R,0,False,False,False,B,-0.88,19.0071,67000
2023-05-29 05:33:38,61,W+R,2,False,False,False,B,-0.88,19.0735,67000
2023-05-29 05:33:52,43,W+R,0,False,False,False,B,-0.88,19.0727,67000
2023-05-29 05:34:05,43,W+R,0,False,False,False,B,-0.88,19.0021,67000
2023-05-29 05:34:17,43,W+R,0,False,False,False,B,-0.88,18.9318,67000
2023-05-29 05:34:33,59,W+R,0,False,False,False,B,-0.88,18.8676,67000
2023-05-29 05:34:55,67,W+R,8,False,False,False,B,-0.88,18.9509,67000
2023-05-29 05:35:10,50,B+R,0,False,False,False,W,-0.88,18.9692,67000
2023-05-29 05:35:24,43,W+R,0,False,False,False,B,-0.88,18.9292,67000
2023-05-29 05:35:49,72,B+R,2,False,False,False,W,-0.88,18.8354,67000
2023-05-29 05:36:01,43,W+R,0,False,False,False,B,-0.88,18.692,67000
2023-05-29 05:36:24,67,W+R,0,False,False,False,B,-0.88,18.7094,67000
2023-05-29 05:36:50,79,W+R,2,False,False,False,B,-0.88,18.8565,67000
2023-05-29 05:37:05,47,W+R,0,False,False,False,B,-0.88,18.8679,67000
2023-05-29 05:37:28,66,B+R,0,False,False,False,W,-0.88,18.9569,67000
2023-05-29 05:37:36,43,W+R,3,False,False,False,B,-0.88,18.8961,67000
2023-05-29 05:37:47,43,W+R,0,False,False,False,B,-0.88,18.8631,67000
2023-05-29 05:38:26,162,W+5.5,33,True,True,False,B,-0.88,19.1336,67000
2023-05-29 05:39:13,159,W+R,38,False,False,False,B,-0.88,19.2887,67000
2023-05-29 05:39:32,60,B+R,0,False,False,False,W,-0.88,19.1095,67000
2023-05-29 05:39:49,53,W+R,0,False,False,False,B,-0.88,19.1173,67000
2023-05-29 05:40:06,52,B+R,0,False,False,False,W,-0.88,18.9773,67000
2023-05-29 05:40:25,59,W+R,0,False,False,False,B,-0.88,19.034,67000
2023-05-29 05:40:37,43,W+R,0,False,False,False,B,-0.88,18.9991,67000
2023-05-29 05:40:56,59,W+R,0,False,False,False,B,-0.88,18.896,67000
2023-05-29 05:41:35,119,W+1.5,19,True,True,False,B,-0.88,19.0276,67000
2023-05-29 05:41:47,43,W+R,0,False,False,False,B,-0.88,18.9821,67000
2023-05-29 05:42:14,91,W+4.5,7,True,True,False,B,-0.88,18.9227,67000
2023-05-29 05:42:27,43,W+R,0,False,False,False,B,-0.88,18.878,67000
2023-05-29 05:43:01,107,B+1.5,12,True,True,False,W,-0.88,19.0353,67000
2023-05-29 05:43:15,43,W+R,0,False,False,False,B,-0.88,18.9863,67000
2023-05-29 05:43:28,43,W+R,0,False,False,False,B,-0.88,18.8856,67000
2023-05-29 05:43:44,47,W+R,2,False,False,False,B,-0.88,18.7784,67000
2023-05-29 05:43:59,49,W+R,1,False,False,False,B,-0.88,18.7214,67000
2023-05-29 05:44:18,61,W+R,0,False,False,False,B,-0.88,18.6701,67000
2023-05-29 05:44:40,67,W+R,0,False,False,False,B,-0.88,18.777,67000
2023-05-29 05:45:07,78,B+R,2,False,False,False,W,-0.88,18.8625,67000
2023-05-29 05:45:21,43,W+R,2,False,False,False,B,-0.88,18.8653,67000
2023-05-29 05:45:41,61,W+R,0,False,False,False,B,-0.88,18.8021,67000
2023-05-29 05:45:57,51,W+R,0,False,False,False,B,-0.88,18.8283,67000
2023-05-29 05:46:15,63,W+R,3,False,False,False,B,-0.88,18.7573,67000
2023-05-29 05:47:37,43,W+R,0,False,False,False,B,-0.88,18.7357,68000
2023-05-29 05:47:53,50,B+R,0,False,False,False,W,-0.88,18.7449,68000
2023-05-29 05:48:06,43,W+R,0,False,False,False,B,-0.88,18.7002,68000
2023-05-29 05:48:34,74,B+R,0,False,False,False,W,-0.88,18.8065,68000
2023-05-29 05:48:53,63,W+R,2,False,False,False,B,-0.88,18.8379,68000
2023-05-29 05:49:19,78,B+R,2,False,False,False,W,-0.88,18.8641,68000
2023-05-29 05:49:41,63,W+R,0,False,False,False,B,-0.88,18.9518,68000
2023-05-29 05:50:05,77,W+R,11,False,False,False,B,-0.88,19.0402,68000
2023-05-29 05:50:18,43,W+R,0,False,False,False,B,-0.88,18.8391,68000
2023-05-29 05:50:38,64,B+R,0,False,False,False,W,-0.88,18.8028,68000
2023-05-29 05:50:50,43,W+R,0,False,False,False,B,-0.88,18.772,68000
2023-05-29 05:51:03,42,B+R,0,False,False,False,W,-0.88,18.5648,68000
2023-05-29 05:51:16,42,B+R,0,False,False,False,W,-0.88,18.5524,68000
2023-05-29 05:51:33,52,B+R,0,False,False,False,W,-0.88,18.6227,68000
2023-05-29 05:51:57,71,W+R,4,False,False,False,B,-0.88,18.6573,68000
2023-05-29 05:52:08,45,W+R,0,False,False,False,B,-0.88,18.6036,68000
2023-05-29 05:52:22,46,B+R,0,False,False,False,W,-0.88,18.5656,68000
2023-05-29 05:52:52,85,W+R,8,False,False,False,B,-0.88,18.7212,68000
2023-05-29 05:53:07,49,W+R,0,False,False,False,B,-0.88,18.6057,68000
2023-05-29 05:53:33,77,W+R,1,False,False,False,B,-0.88,18.7479,68000
2023-05-29 05:53:53,59,W+R,0,False,False,False,B,-0.88,18.8052,68000
2023-05-29 05:54:06,43,W+R,1,False,False,False,B,-0.88,18.8202,68000
2023-05-29 05:54:20,43,W+R,0,False,False,False,B,-0.88,18.7067,68000
2023-05-29 05:54:55,153,W+R,32,False,False,False,B,-0.88,18.9493,68000
2023-05-29 05:55:09,42,B+R,0,False,False,False,W,-0.88,18.8891,68000
2023-05-29 05:55:35,71,W+R,3,False,False,False,B,-0.88,18.8722,68000
2023-05-29 05:56:02,80,B+R,1,False,False,False,W,-0.88,19.008,68000
2023-05-29 05:56:13,43,W+R,0,False,False,False,B,-0.88,18.8472,68000
2023-05-29 05:56:25,43,W+R,0,False,False,False,B,-0.88,18.8275,68000
2023-05-29 05:56:38,43,W+R,0,False,False,False,B,-0.88,18.8004,68000
2023-05-29 05:56:57,62,B+R,1,False,False,False,W,-0.88,18.8616,68000
2023-05-29 05:57:32,94,B+R,2,False,False,False,W,-0.88,19.0886,68000
2023-05-29 05:57:56,75,W+R,4,False,False,False,B,-0.88,19.0142,68000
2023-05-29 05:58:22,73,W+R,0,False,False,False,B,-0.88,19.154,68000
2023-05-29 05:58:41,58,B+R,0,False,False,False,W,-0.88,19.1441,68000
2023-05-29 05:59:00,55,W+R,0,False,False,False,B,-0.88,19.1224,68000
2023-05-29 05:59:12,43,W+R,0,False,False,False,B,-0.88,19.0905,68000
2023-05-29 05:59:30,55,W+R,0,False,False,False,B,-0.88,19.0453,68000
2023-05-29 06:00:00,77,W+R,3,False,False,False,B,-0.88,19.0432,68000
2023-05-29 06:00:16,57,W+R,0,False,False,False,B,-0.88,18.9934,68000
2023-05-29 06:00:35,57,W+R,0,False,False,False,B,-0.88,18.8763,68000
2023-05-29 06:01:10,115,W+5.5,16,True,True,False,B,-0.88,19.1263,68000
2023-05-29 06:02:54,44,B+R,0,False,False,False,W,-0.88,19.3185,69000
2023-05-29 06:03:14,56,B+R,0,False,False,False,W,-0.88,19.3821,69000
2023-05-29 06:03:37,70,W+2.5,12,True,True,False,B,-0.88,19.4783,69000
2023-05-29 06:03:50,43,W+R,0,False,False,False,B,-0.88,19.4241,69000
2023-05-29 06:04:02,43,W+R,0,False,False,False,B,-0.88,19.1829,69000
2023-05-29 06:04:17,43,W+R,0,False,False,False,B,-0.88,19.2173,69000
2023-05-29 06:04:40,63,W+R,1,False,False,False,B,-0.88,19.1369,69000
2023-05-29 06:04:58,61,W+R,0,False,False,False,B,-0.88,19.1772,69000
2023-05-29 06:05:21,75,W+R,2,False,False,False,B,-0.88,19.2656,69000
2023-05-29 06:05:40,58,B+R,0,False,False,False,W,-0.88,19.3185,69000
2023-05-29 06:05:53,43,W+R,0,False,False,False,B,-0.88,19.3085,69000
2023-05-29 06:06:06,43,W+R,0,False,False,False,B,-0.88,19.3097,69000
2023-05-29 06:06:30,76,W+0.5,5,False,False,False,,-0.88,19.4169,69000
2023-05-29 06:07:03,95,W+0.5,14,True,True,False,B,-0.88,19.6045,69000
2023-05-29 06:07:18,45,W+R,0,False,False,False,B,-0.88,19.6206,69000
2023-05-29 06:07:33,47,W+R,0,False,False,False,B,-0.88,19.6481,69000
2023-05-29 06:07:47,43,W+R,0,False,False,False,B,-0.88,19.5915,69000
2023-05-29 06:08:12,78,B+R,0,False,False,False,W,-0.88,19.7034,69000
2023-05-29 06:08:30,53,W+R,1,False,False,False,B,-0.88,19.7548,69000
2023-05-29 06:08:44,43,W+R,0,False,False,False,B,-0.88,19.772,69000
2023-05-29 06:09:06,73,W+R,5,False,False,False,B,-0.88,19.8332,69000
2023-05-29 06:09:19,43,W+R,0,False,False,False,B,-0.88,19.7494,69000
2023-05-29 06:09:36,52,B+R,0,False,False,False,W,-0.88,19.7646,69000
2023-05-29 06:09:50,43,W+R,0,False,False,False,B,-0.88,19.7598,69000
2023-05-29 06:10:05,44,B+R,0,False,False,False,W,-0.88,19.6546,69000
2023-05-29 06:10:23,60,B+1.5,7,False,False,False,,-0.88,19.7197,69000
2023-05-29 06:10:42,57,W+R,0,False,False,False,B,-0.88,19.6799,69000
2023-05-29 06:11:11,86,B+R,4,False,False,False,W,-0.88,19.713,69000
2023-05-29 06:11:34,62,B+R,0,False,False,False,W,-0.88,19.7949,69000
2023-05-29 06:11:51,51,W+R,0,False,False,False,B,-0.88,19.7302,69000
2023-05-29 06:12:18,77,W+R,0,False,False,False,B,-0.88,19.922,69000
2023-05-29 06:12:45,72,B+R,0,False,False,False,W,-0.88,20.0829,69000
2023-05-29 06:12:59,48,B+R,0,False,False,False,W,-0.88,19.8314,69000
2023-05-29 06:13:11,43,W+R,0,False,False,False,B,-0.88,19.4835,69000
2023-05-29 06:13:26,48,B+R,0,False,False,False,W,-0.88,19.4465,69000
2023-05-29 06:13:46,75,B+1.5,6,False,False,False,,-0.88,19.4721,69000
2023-05-29 06:14:00,61,W+R,0,False,False,False,B,-0.88,19.4459,69000
2023-05-29 06:14:13,43,W+R,0,False,False,False,B,-0.88,19.3763,69000
2023-05-29 06:14:28,47,W+R,0,False,False,False,B,-0.88,19.4049,69000
2023-05-29 06:14:45,59,W+R,0,False,False,False,B,-0.88,19.3855,69000
2023-05-29 06:15:00,49,W+R,0,False,False,False,B,-0.88,19.152,69000
2023-05-29 06:15:33,109,B+2.5,7,True,True,False,W,-0.88,19.3616,69000
2023-05-29 06:15:45,43,W+R,0,False,False,False,B,-0.88,19.212,69000
2023-05-29 06:15:58,51,W+R,0,False,False,False,B,-0.88,19.2043,69000
2023-05-29 06:16:14,52,B+R,0,False,False,False,W,-0.88,19.0256,69000
2023-05-29 06:17:36,43,W+R,0,False,False,False,B,-0.88,19.1377,70000
2023-05-29 06:17:50,51,W+R,0,False,False,False,B,-0.88,19.1218,70000
2023-05-29 06:18:03,43,W+R,0,False,False,False,B,-0.88,19.1034,70000
2023-05-29 06:18:19,48,B+R,2,False,False,False,W,-0.88,19.0609,70000
2023-05-29 06:18:32,43,W+R,0,False,False,False,B,-0.88,18.9798,70000
2023-05-29 06:18:46,43,W+R,0,False,False,False,B,-0.88,18.8496,70000
2023-05-29 06:19:05,67,W+R,6,False,False,False,B,-0.88,18.9004,70000
2023-05-29 06:19:23,61,W+R,1,False,False,False,B,-0.88,18.8799,70000
2023-05-29 06:19:41,57,W+R,1,False,False,False,B,-0.88,18.8999,70000
2023-05-29 06:19:56,43,W+R,0,False,False,False,B,-0.88,18.8727,70000
2023-05-29 06:20:49,162,W+0.5,20,False,False,False,,-0.88,19.1081,70000
2023-05-29 06:21:28,126,B+9.5,29,True,True,False,W,-0.88,19.3495,70000
2023-05-29 06:21:49,61,W+R,0,False,False,False,B,-0.88,19.4037,70000
2023-05-29 06:22:01,43,W+R,0,False,False,False,B,-0.88,19.3883,70000
2023-05-29 06:22:34,162,W+11.5,42,True,True,False,B,-0.88,19.4497,70000
2023-05-29 06:23:14,125,W+R,16,False,False,False,B,-0.88,19.6537,70000
2023-05-29 06:23:31,49,W+R,0,False,False,False,B,-0.88,19.5692,70000
2023-05-29 06:23:49,59,W+R,2,False,False,False,B,-0.88,19.5254,70000
2023-05-29 06:24:31,162,W+1.5,32,True,True,False,B,-0.88,19.7097,70000
2023-05-29 06:25:02,86,B+R,7,False,False,False,W,-0.88,19.8828,70000
2023-05-29 06:25:15,43,W+R,0,False,False,False,B,-0.88,19.8164,70000
2023-05-29 06:25:28,43,W+R,1,False,False,False,B,-0.88,19.8264,70000
2023-05-29 06:25:46,57,W+R,2,False,False,False,B,-0.88,19.8807,70000
2023-05-29 06:25:59,43,W+R,0,False,False,False,B,-0.88,19.8812,70000
2023-05-29 06:26:13,42,B+R,0,False,False,False,W,-0.88,19.8369,70000
2023-05-29 06:27:12,162,W+6.5,21,False,False,False,,-0.88,20.1944,70000
2023-05-29 06:27:40,75,W+R,2,False,False,False,B,-0.88,20.3582,70000
2023-05-29 06:28:07,88,B+R,4,False,False,False,W,-0.88,20.4938,70000
2023-05-29 06:28:19,49,W+R,0,False,False,False,B,-0.88,20.3121,70000
2023-05-29 06:28:33,47,W+R,1,False,False,False,B,-0.88,20.3068,70000
2023-05-29 06:28:44,43,W+R,1,False,False,False,B,-0.88,20.1605,70000
2023-05-29 06:28:58,43,W+R,0,False,False,False,B,-0.88,20.09,70000
2023-05-29 06:29:36,96,B+R,6,False,False,False,W,-0.88,20.3415,70000
2023-05-29 06:29:58,60,B+R,0,False,False,False,W,-0.88,20.4247,70000
2023-05-29 06:30:12,43,W+R,2,False,False,False,B,-0.88,20.2129,70000
2023-05-29 06:30:40,87,W+R,9,False,False,False,B,-0.88,20.354,70000
2023-05-29 06:31:04,71,W+R,6,False,False,False,B,-0.88,20.3324,70000
2023-05-29 06:31:46,114,B+1.5,18,True,True,False,W,-0.88,20.4851,70000
2023-05-29 06:33:12,56,B+R,2,False,False,False,W,-0.88,20.6348,71000
2023-05-29 06:33:28,54,B+R,0,False,False,False,W,-0.88,20.664,71000
2023-05-29 06:33:53,76,B+1.5,6,True,True,False,W,-0.88,20.7252,71000
2023-05-29 06:34:06,43,W+R,0,False,False,False,B,-0.88,20.5031,71000
2023-05-29 06:34:16,43,W+R,0,False,False,False,B,-0.88,20.364,71000
2023-05-29 06:34:28,43,W+R,0,False,False,False,B,-0.88,20.2276,71000
2023-05-29 06:34:57,95,W+0.5,5,False,False,False,,-0.88,20.3328,71000
2023-05-29 06:35:19,75,W+R,2,False,False,False,B,-0.88,20.3522,71000
2023-05-29 06:35:32,43,W+R,0,False,False,False,B,-0.88,20.3674,71000
2023-05-29 06:35:53,71,W+R,2,False,False,False,B,-0.88,20.4005,71000
2023-05-29 06:36:15,62,B+R,2,False,False,False,W,-0.88,20.3207,71000
2023-05-29 06:36:29,43,W+R,2,False,False,False,B,-0.88,20.2948,71000
2023-05-29 06:36:42,43,W+R,0,False,False,False,B,-0.88,20.2389,71000
2023-05-29 06:36:55,47,W+R,0,False,False,False,B,-0.88,20.0182,71000
2023-05-29 06:37:18,84,B+R,3,False,False,False,W,-0.88,19.8896,71000
2023-05-29 06:37:31,44,B+R,0,False,False,False,W,-0.88,19.8543,71000
2023-05-29 06:37:52,67,W+R,3,False,False,False,B,-0.88,19.8588,71000
2023-05-29 06:38:04,46,B+R,0,False,False,False,W,-0.88,19.7531,71000
2023-05-29 06:38:29,77,W+R,1,False,False,False,B,-0.88,19.8746,71000
2023-05-29 06:38:42,43,W+R,0,False,False,False,B,-0.88,19.8831,71000
2023-05-29 06:39:00,52,B+R,0,False,False,False,W,-0.88,19.9097,71000
2023-05-29 06:39:13,43,W+R,0,False,False,False,B,-0.88,19.8145,71000
2023-05-29 06:39:27,50,B+R,0,False,False,False,W,-0.88,19.7765,71000
2023-05-29 06:39:47,63,W+R,0,False,False,False,B,-0.88,19.7416,71000
2023-05-29 06:40:12,68,B+R,3,False,False,False,W,-0.88,19.7947,71000
2023-05-29 06:40:31,58,B+R,0,False,False,False,W,-0.88,19.8654,71000
2023-05-29 06:40:56,69,W+R,0,False,False,False,B,-0.88,19.9865,71000
2023-05-29 06:41:17,67,W+R,0,False,False,False,B,-0.88,19.9455,71000
2023-05-29 06:41:30,42,B+R,2,False,False,False,W,-0.88,19.7513,71000
2023-05-29 06:41:47,70,B+R,0,False,False,False,W,-0.88,19.7802,71000
2023-05-29 06:42:02,60,B+R,0,False,False,False,W,-0.88,19.7676,71000
2023-05-29 06:42:19,53,W+R,0,False,False,False,B,-0.88,19.7997,71000
2023-05-29 06:42:57,162,W+3.5,27,False,False,False,,-0.88,19.9315,71000
2023-05-29 06:43:10,49,W+R,1,False,False,False,B,-0.88,19.8819,71000
2023-05-29 06:43:29,61,W+R,0,False,False,False,B,-0.88,19.9272,71000
2023-05-29 06:43:46,69,B+3.5,5,False,False,False,,-0.88,19.8775,71000
2023-05-29 06:43:59,43,W+R,2,False,False,False,B,-0.88,19.8761,71000
2023-05-29 06:44:12,43,W+R,0,False,False,False,B,-0.88,19.8417,71000
2023-05-29 06:44:29,55,W+R,0,False,False,False,B,-0.88,19.8708,71000
2023-05-29 06:44:43,42,B+R,0,False,False,False,W,-0.88,19.8635,71000
2023-05-29 06:44:57,45,W+R,0,False,False,False,B,-0.88,19.8168,71000
2023-05-29 06:45:09,43,W+R,0,False,False,False,B,-0.88,19.7546,71000
2023-05-29 06:45:23,43,W+R,2,False,False,False,B,-0.88,19.5964,71000
2023-05-29 06:45:39,49,W+R,0,False,False,False,B,-0.88,19.5308,71000
2023-05-29 06:45:53,43,W+R,2,False,False,False,B,-0.88,19.5029,71000
2023-05-29 06:46:06,47,W+R,0,False,False,False,B,-0.88,19.3577,71000
2023-05-29 06:46:23,49,W+R,0,False,False,False,B,-0.88,19.2629,71000
2023-05-29 06:46:46,66,B+R,1,False,False,False,W,-0.88,19.3438,71000
2023-05-29 06:48:13,67,W+R,0,False,False,False,B,-0.88,19.4213,72000
2023-05-29 06:48:42,89,W+R,7,False,False,False,B,-0.88,19.5161,72000
2023-05-29 06:49:00,50,B+R,0,False,False,False,W,-0.88,19.5514,72000
2023-05-29 06:49:13,45,W+R,0,False,False,False,B,-0.88,19.553,72000
2023-05-29 06:49:27,47,W+R,0,False,False,False,B,-0.88,19.5438,72000
2023-05-29 06:49:41,43,W+R,0,False,False,False,B,-0.88,19.5181,72000
2023-05-29 06:50:01,63,W+R,0,False,False,False,B,-0.88,19.5684,72000
2023-05-29 06:50:17,52,B+R,0,False,False,False,W,-0.88,19.3921,72000
2023-05-29 06:50:42,83,B+5.5,3,True,True,False,W,-0.88,19.5256,72000
2023-05-29 06:51:25,162,W+15.5,39,True,True,False,B,-0.88,19.8261,72000
2023-05-29 06:51:47,62,B+R,0,False,False,False,W,-0.88,19.8834,72000
2023-05-29 06:52:11,79,W+R,5,False,False,False,B,-0.88,19.8363,72000
2023-05-29 06:52:24,43,W+R,0,False,False,False,B,-0.88,19.8706,72000
2023-05-29 06:52:47,77,W+R,2,False,False,False,B,-0.88,19.9612,72000
2023-05-29 06:53:08,70,B+R,3,False,False,False,W,-0.88,20.0427,72000
2023-05-29 06:53:36,70,B+R,0,False,False,False,W,-0.88,20.1651,72000
2023-05-29 06:53:50,43,W+R,0,False,False,False,B,-0.88,20.1682,72000
2023-05-29 06:54:03,45,W+R,0,False,False,False,B,-0.88,20.1635,72000
2023-05-29 06:54:27,80,W+7.5,6,True,True,False,B,-0.88,20.2199,72000
2023-05-29 06:55:00,105,W+0.5,23,True,True,False,B,-0.88,20.3632,72000
2023-05-29 06:55:22,67,W+R,0,False,False,False,B,-0.88,20.4025,72000
2023-05-29 06:55:35,43,W+R,0,False,False,False,B,-0.88,20.3858,72000
2023-05-29 06:56:03,82,B+R,2,False,False,False,W,-0.88,20.138,72000
2023-05-29 06:56:22,63,W+9.5,4,True,True,False,B,-0.88,19.939,72000
2023-05-29 06:56:37,46,B+R,0,False,False,False,W,-0.88,19.8736,72000
2023-05-29 06:56:57,61,W+R,1,False,False,False,B,-0.88,19.9617,72000
2023-05-29 06:57:17,65,W+R,1,False,False,False,B,-0.88,19.8184,72000
2023-05-29 06:57:39,73,W+R,4,False,False,False,B,-0.88,19.6403,72000
2023-05-29 06:58:15,113,W+4.5,16,True,True,False,B,-0.88,19.8277,72000
2023-05-29 06:58:29,43,W+R,0,False,False,False,B,-0.88,19.7971,72000
2023-05-29 06:58:42,43,W+R,0,False,False,False,B,-0.88,19.4979,72000
2023-05-29 06:59:18,153,W+R,32,False,False,False,B,-0.88,19.5498,72000
2023-05-29 06:59:30,57,W+R,2,False,False,False,B,-0.88,19.5421,72000
2023-05-29 06:59:42,43,W+R,0,False,False,False,B,-0.88,19.536,72000
2023-05-29 07:00:21,123,W+4.5,24,True,True,False,B,-0.88,19.7431,72000
2023-05-29 07:00:52,74,B+R,0,False,False,False,W,-0.88,19.918,72000
2023-05-29 07:01:16,75,W+R,3,False,False,False,B,-0.88,20.0258,72000
2023-05-29 07:01:44,79,W+R,7,False,False,False,B,-0.88,19.7137,72000
2023-05-29 07:02:05,63,W+R,3,False,False,False,B,-0.88,19.6492,72000
2023-05-29 07:03:15,43,W+R,0,False,False,False,B,-0.88,19.482,73000
2023-05-29 07:03:27,43,W+R,0,False,False,False,B,-0.88,19.455,73000
2023-05-29 07:03:54,72,B+R,2,False,False,False,W,-0.88,19.6116,73000
2023-05-29 07:04:21,83,W+R,10,False,False,False,B,-0.88,19.749,73000
2023-05-29 07:04:32,43,W+R,0,False,False,False,B,-0.88,19.4825,73000
2023-05-29 07:04:59,86,B+R,3,False,False,False,W,-0.88,19.5281,73000
2023-05-29 07:05:12,43,W+R,0,False,False,False,B,-0.88,19.5205,73000
2023-05-29 07:05:41,88,B+R,8,False,False,False,W,-0.88,19.5219,73000
2023-05-29 07:05:55,48,B+R,0,False,False,False,W,-0.88,19.428,73000
2023-05-29 07:06:16,59,W+R,0,False,False,False,B,-0.88,19.2219,73000
2023-05-29 07:07:02,162,W+3.5,25,True,True,False,B,-0.88,19.447,73000
2023-05-29 07:07:37,157,W+R,25,False,False,False,B,-0.88,19.645,73000
2023-05-29 07:07:57,63,W+R,0,False,False,False,B,-0.88,19.6871,73000
2023-05-29 07:08:10,43,W+R,0,False,False,False,B,-0.88,19.5582,73000
2023-05-29 07:08:27,59,W+R,0,False,False,False,B,-0.88,19.6089,73000
2023-05-29 07:08:49,65,W+R,0,False,False,False,B,-0.88,19.7224,73000
2023-05-29 07:09:15,75,B+1.5,6,False,False,False,,-0.88,19.8571,73000
2023-05-29 07:09:36,63,W+R,1,False,False,False,B,-0.88,19.7842,73000
2023-05-29 07:10:02,79,W+R,5,False,False,False,B,-0.88,19.8294,73000
2023-05-29 07:10:30,82,B+R,6,False,False,False,W,-0.88,19.9726,73000
2023-05-29 07:10:51,74,B+R,1,False,False,False,W,-0.88,19.9699,73000
2023-05-29 07:11:07,57,W+R,0,False,False,False,B,-0.88,19.9079,73000
2023-05-29 07:11:20,43,W+R,1,False,False,False,B,-0.88,19.9092,73000
2023-05-29 07:11:53,92,B+R,10,False,False,False,W,-0.88,20.1094,73000
2023-05-29 07:12:19,74,B+R,0,False,False,False,W,-0.88,20.2293,73000
2023-05-29 07:12:45,88,W+2.5,8,True,True,False,B,-0.88,20.2712,73000
2023-05-29 07:13:21,162,W+11.5,40,True,True,False,B,-0.88,20.4925,73000
2023-05-29 07:13:41,58,B+R,0,False,False,False,W,-0.88,20.4885,73000
2023-05-29 07:14:01,67,B+0.5,2,True,True,True,B,-0.88,20.5692,73000
2023-05-29 07:14:31,88,B+R,4,False,False,False,W,-0.88,20.6086,73000
2023-05-29 07:14:46,49,W+R,0,False,False,False,B,-0.88,20.6327,73000
2023-05-29 07:15:04,57,W+R,0,False,False,False,B,-0.88,20.6382,73000
2023-05-29 07:15:16,43,W+R,0,False,False,False,B,-0.88,20.6248,73000
2023-05-29 07:15:37,57,W+R,0,False,False,False,B,-0.88,20.6856,73000
2023-05-29 07:15:50,43,W+R,0,False,False,False,B,-0.88,20.6315,73000
2023-05-29 07:16:17,93,W+R,12,False,False,False,B,-0.88,20.6482,73000
2023-05-29 07:16:39,68,B+R,0,False,False,False,W,-0.88,20.6701,73000
2023-05-29 07:16:51,43,W+R,2,False,False,False,B,-0.88,20.5394,73000
2023-05-29 07:17:02,42,B+R,0,False,False,False,W,-0.88,20.4443,73000
2023-05-29 07:18:31,73,W+R,0,False,False,False,B,-0.88,20.51,74000
2023-05-29 07:18:49,54,B+R,0,False,False,False,W,-0.88,20.54,74000
2023-05-29 07:19:26,121,W+0.5,22,True,True,False,B,-0.88,20.7455,74000
2023-05-29 07:19:39,42,B+R,0,False,False,False,W,-0.88,20.4928,74000
2023-05-29 07:19:49,43,W+R,2,False,False,False,B,-0.88,20.4666,74000
2023-05-29 07:20:09,67,W+R,5,False,False,False,B,-0.88,20.4731,74000
2023-05-29 07:20:22,43,W+R,0,False,False,False,B,-0.88,20.4323,74000
2023-05-29 07:20:35,43,W+R,0,False,False,False,B,-0.88,20.4318,74000
2023-05-29 07:20:54,72,W+13.5,5,False,False,False,,-0.88,20.4951,74000
2023-05-29 07:21:26,93,W+R,14,False,False,False,B,-0.88,20.6395,74000
2023-05-29 07:21:53,80,B+R,1,False,False,False,W,-0.88,20.7713,74000
2023-05-29 07:22:05,45,W+R,0,False,False,False,B,-0.88,20.7556,74000
2023-05-29 07:22:42,106,B+R,15,False,False,False,W,-0.88,20.9955,74000
2023-05-29 07:23:19,162,W+11.5,37,True,True,False,B,-0.88,21.2318,74000
2023-05-29 07:23:33,43,W+R,0,False,False,False,B,-0.88,21.2099,74000
2023-05-29 07:24:09,113,W+R,16,False,False,False,B,-0.88,21.44,74000
2023-05-29 07:24:23,42,B+R,0,False,False,False,W,-0.88,21.4452,74000
2023-05-29 07:24:35,43,W+R,0,False,False,False,B,-0.88,21.3886,74000
2023-05-29 07:25:05,97,W+R,10,False,False,False,B,-0.88,21.4629,74000
2023-05-29 07:25:38,91,W+R,9,False,False,False,B,-0.88,21.6633,74000
2023-05-29 07:25:55,51,W+R,0,False,False,False,B,-0.88,21.6166,74000
2023-05-29 07:26:33,155,W+3.5,33,True,True,False,B,-0.88,21.7148,74000
2023-05-29 07:26:48,47,W+R,0,False,False,False,B,-0.88,21.6783,74000
2023-05-29 07:27:21,93,W+6.5,11,True,True,False,B,-0.88,21.8777,74000
2023-05-29 07:27:38,51,W+R,0,False,False,False,B,-0.88,21.9175,74000
2023-05-29 07:27:51,43,W+R,0,False,False,False,B,-0.88,21.9023,74000
2023-05-29 07:28:12,78,B+R,0,False,False,False,W,-0.88,21.9101,74000
2023-05-29 07:28:35,87,W+R,9,False,False,False,B,-0.88,21.9798,74000
2023-05-29 07:29:09,101,W+4.5,9,True,True,False,B,-0.88,22.0758,74000
2023-05-29 07:29:42,94,B+R,1,False,False,False,W,-0.88,21.9711,74000
2023-05-29 07:30:14,118,B+10.5,18,True,True,False,W,-0.88,22.073,74000
2023-05-29 07:30:29,47,W+R,0,False,False,False,B,-0.88,21.9815,74000
2023-05-29 07:30:54,85,W+R,6,False,False,False,B,-0.88,22.1039,74000
2023-05-29 07:31:07,43,W+R,0,False,False,False,B,-0.88,22.0063,74000
2023-05-29 07:31:26,58,B+R,0,False,False,False,W,-0.88,21.9727,74000
2023-05-29 07:31:38,43,W+R,0,False,False,False,B,-0.88,21.8257,74000
2023-05-29 07:32:12,108,B+2.5,8,True,True,False,W,-0.88,22.0264,74000
2023-05-29 07:32:34,65,W+R,2,False,False,False,B,-0.88,22.1085,74000
2023-05-29 07:32:45,43,W+R,0,False,False,False,B,-0.88,21.9786,74000
2023-05-29 07:33:01,57,W+R,1,False,False,False,B,-0.88,21.8145,74000
2023-05-29 07:33:13,43,W+R,0,False,False,False,B,-0.88,21.714,74000
2023-05-29 07:33:48,101,W+R,15,False,False,False,B,-0.88,21.9227,74000
2023-05-29 07:35:06,76,B+0.5,5,True,True,False,W,-0.88,21.7997,75000
2023-05-29 07:35:27,63,W+R,0,False,False,False,B,-0.88,21.8595,75000
2023-05-29 07:35:39,43,W+R,0,False,False,False,B,-0.88,21.7742,75000
2023-05-29 07:36:05,63,W+R,0,False,False,False,B,-0.88,21.8382,75000
2023-05-29 07:36:23,68,B+R,0,False,False,False,W,-0.88,21.8032,75000
2023-05-29 07:36:44,68,W+2.5,6,True,True,False,B,-0.88,21.6542,75000
2023-05-29 07:37:00,51,W+R,0,False,False,False,B,-0.88,21.6712,75000
2023-05-29 07:37:27,82,B+R,11,False,False,False,W,-0.88,21.8136,75000
2023-05-29 07:38:00,95,W+R,11,False,False,False,B,-0.88,21.776,75000
2023-05-29 07:38:14,43,W+R,0,False,False,False,B,-0.88,21.7913,75000
2023-05-29 07:38:27,43,W+R,0,False,False,False,B,-0.88,21.8054,75000
2023-05-29 07:38:44,53,W+R,0,False,False,False,B,-0.88,21.5889,75000
2023-05-29 07:39:04,61,W+R,0,False,False,False,B,-0.88,21.483,75000
2023-05-29 07:39:24,61,W+R,0,False,False,False,B,-0.88,21.4368,75000
2023-05-29 07:39:47,76,B+R,1,False,False,False,W,-0.88,21.3925,75000
2023-05-29 07:40:05,65,W+R,0,False,False,False,B,-0.88,21.3514,75000
2023-05-29 07:40:15,43,W+R,0,False,False,False,B,-0.88,21.3382,75000
2023-05-29 07:40:26,43,W+R,2,False,False,False,B,-0.88,21.342,75000
2023-05-29 07:40:39,42,B+R,2,False,False,False,W,-0.88,21.356,75000
2023-05-29 07:40:59,60,B+R,0,False,False,False,W,-0.88,21.2839,75000
2023-05-29 07:41:12,43,W+R,0,False,False,False,B,-0.88,21.1521,75000
2023-05-29 07:41:30,59,W+R,0,False,False,False,B,-0.88,21.218,75000
2023-05-29 07:41:43,43,W+R,0,False,False,False,B,-0.88,21.0775,75000
2023-05-29 07:42:06,67,W+R,3,False,False,False,B,-0.88,21.1699,75000
2023-05-29 07:42:21,48,B+R,0,False,False,False,W,-0.88,21.0404,75000
2023-05-29 07:42:35,45,W+R,0,False,False,False,B,-0.88,21.0322,75000
2023-05-29 07:42:51,46,B+R,0,False,False,False,W,-0.88,20.9801,75000
2023-05-29 07:43:05,43,W+R,0,False,False,False,B,-0.88,20.6671,75000
2023-05-29 07:43:48,133,B+0.5,20,True,True,True,B,-0.88,20.7473,75000
2023-05-29 07:44:01,43,W+R,0,False,False,False,B,-0.88,20.6779,75000
2023-05-29 07:44:25,76,B+R,2,False,False,False,W,-0.88,20.7903,75000
2023-05-29 07:44:38,43,W+R,4,False,False,False,B,-0.88,20.7433,75000
2023-05-29 07:44:52,43,W+R,0,False,False,False,B,-0.88,20.6702,75000
2023-05-29 07:45:17,79,W+R,0,False,False,False,B,-0.88,20.662,75000
2023-05-29 07:45:31,43,W+R,0,False,False,False,B,-0.88,20.5775,75000
2023-05-29 07:45:44,43,W+R,0,False,False,False,B,-0.88,20.4542,75000
2023-05-29 07:45:56,43,W+R,2,False,False,False,B,-0.88,20.3019,75000
2023-05-29 07:46:48,162,W+11.5,41,True,True,False,B,-0.88,20.6029,75000
2023-05-29 07:47:07,54,B+R,0,False,False,False,W,-0.88,20.6413,75000
2023-05-29 07:47:22,43,W+R,0,False,False,False,B,-0.88,20.6481,75000
2023-05-29 07:47:34,43,W+R,0,False,False,False,B,-0.88,20.4392,75000
2023-05-29 07:47:46,43,W+R,0,False,False,False,B,-0.88,20.3135,75000
2023-05-29 07:48:11,67,W+R,1,False,False,False,B,-0.88,20.2875,75000
2023-05-29 07:49:38,67,W+R,3,False,False,False,B,-0.88,20.1609,76000
2023-05-29 07:49:53,47,W+R,0,False,False,False,B,-0.88,20.1062,76000
2023-05-29 07:50:27,162,W+9.5,41,True,True,False,B,-0.88,20.1544,76000
2023-05-29 07:50:43,55,W+R,0,False,False,False,B,-0.88,20.1602,76000
2023-05-29 07:50:52,42,B+R,0,False,False,False,W,-0.88,20.0699,76000
2023-05-29 07:51:03,43,W+R,0,False,False,False,B,-0.88,20.0577,76000
2023-05-29 07:51:33,101,W+R,10,False,False,False,B,-0.88,20.1585,76000
2023-05-29 07:51:49,51,W+R,0,False,False,False,B,-0.88,20.1778,76000
2023-05-29 07:52:16,82,B+R,10,False,False,False,W,-0.88,20.1845,76000
2023-05-29 07:52:36,60,B+R,0,False,False,False,W,-0.88,20.1639,76000
2023-05-29 07:53:05,78,B+R,1,False,False,False,W,-0.88,20.3355,76000
2023-05-29 07:53:18,45,W+R,0,False,False,False,B,-0.88,20.3543,76000
2023-05-29 07:53:47,103,W+1.5,14,True,True,False,B,-0.88,20.5109,76000
2023-05-29 07:54:14,79,W+R,4,False,False,False,B,-0.88,20.5427,76000
2023-05-29 07:54:40,73,W+R,0,False,False,False,B,-0.88,20.6215,76000
2023-05-29 07:55:17,162,W+1.5,36,True,True,False,B,-0.88,20.6181,76000
2023-05-29 07:55:33,47,W+R,0,False,False,False,B,-0.88,20.6567,76000
2023-05-29 07:55:49,48,B+R,3,False,False,False,W,-0.88,20.7023,76000
2023-05-29 07:56:09,61,W+R,4,False,False,False,B,-0.88,20.7095,76000
2023-05-29 07:56:23,43,W+R,0,False,False,False,B,-0.88,20.7234,76000
2023-05-29 07:56:38,49,W+R,0,False,False,False,B,-0.88,20.7443,76000
2023-05-29 07:56:52,43,W+R,0,False,False,False,B,-0.88,20.6826,76000
2023-05-29 07:57:11,62,B+R,0,False,False,False,W,-0.88,20.5609,76000
2023-05-29 07:57:29,54,B+R,0,False,False,False,W,-0.88,20.479,76000
2023-05-29 07:58:07,159,W+R,37,False,False,False,B,-0.88,20.7368,76000
2023-05-29 07:58:23,45,W+R,0,False,False,False,B,-0.88,20.5251,76000
2023-05-29 07:58:52,82,B+R,3,False,False,False,W,-0.88,20.4481,76000
2023-05-29 07:59:06,43,W+R,3,False,False,False,B,-0.88,20.4401,76000
2023-05-29 07:59:23,71,W+R,5,False,False,False,B,-0.88,20.2524,76000
2023-05-29 07:59:36,43,W+R,0,False,False,False,B,-0.88,20.2434,76000
2023-05-29 07:59:47,43,W+R,0,False,False,False,B,-0.88,20.2367,76000
2023-05-29 08:00:00,43,W+R,0,False,False,False,B,-0.88,20.0635,76000
2023-05-29 08:00:13,46,B+R,0,False,False,False,W,-0.88,19.8595,76000
2023-05-29 08:01:00,159,W+R,32,False,False,False,B,-0.88,20.167,76000
2023-05-29 08:01:13,43,W+R,0,False,False,False,B,-0.88,19.9025,76000
2023-05-29 08:01:26,43,W+R,0,False,False,False,B,-0.88,19.892,76000
2023-05-29 08:01:40,43,W+R,0,False,False,False,B,-0.88,19.7035,76000
2023-05-29 08:01:50,43,W+R,0,False,False,False,B,-0.88,19.6276,76000
2023-05-29 08:02:00,43,W+R,0,False,False,False,B,-0.88,19.6015,76000
2023-05-29 08:02:13,44,B+R,0,False,False,False,W,-0.88,19.5166,76000
2023-05-29 08:02:35,74,W+3.5,4,True,True,False,B,-0.88,19.5062,76000
2023-05-29 08:02:50,49,W+R,0,False,False,False,B,-0.88,19.3214,76000
2023-05-29 08:03:04,43,W+R,0,False,False,False,B,-0.88,19.1299,76000
2023-05-29 08:03:13,43,W+R,0,False,False,False,B,-0.88,18.9074,76000
2023-05-29 08:03:38,72,B+R,0,False,False,False,W,-0.88,19.003,76000
2023-05-29 08:05:18,107,W+0.5,10,True,True,False,B,-0.88,19.1709,77000
2023-05-29 08:05:32,51,W+R,0,False,False,False,B,-0.88,19.133,77000
2023-05-29 08:06:11,162,W+26.5,40,True,True,False,B,-0.88,19.3931,77000
2023-05-29 08:06:24,43,W+R,0,False,False,False,B,-0.88,19.1857,77000
2023-05-29 08:06:37,43,W+R,0,False,False,False,B,-0.88,19.0993,77000
2023-05-29 08:06:50,43,W+R,2,False,False,False,B,-0.88,19.118,77000
2023-05-29 08:07:12,63,W+R,0,False,False,False,B,-0.88,19.1694,77000
2023-05-29 08:07:23,43,W+R,2,False,False,False,B,-0.88,19.1657,77000
2023-05-29 08:07:44,63,W+R,0,False,False,False,B,-0.88,19.032,77000
2023-05-29 08:07:58,43,W+R,0,False,False,False,B,-0.88,19.0194,77000
2023-05-29 08:08:13,49,W+R,0,False,False,False,B,-0.88,18.9768,77000
2023-05-29 08:08:24,42,B+R,0,False,False,False,W,-0.88,18.8834,77000
2023-05-29 08:08:37,43,W+R,1,False,False,False,B,-0.88,18.8932,77000
2023-05-29 08:08:57,65,W+R,4,False,False,False,B,-0.88,18.8346,77000
2023-05-29 08:09:17,55,W+R,0,False,False,False,B,-0.88,18.8439,77000
2023-05-29 08:09:30,45,W+R,0,False,False,False,B,-0.88,18.7654,77000
2023-05-29 08:09:47,53,W+R,0,False,False,False,B,-0.88,18.7764,77000
2023-05-29 08:10:00,43,W+R,0,False,False,False,B,-0.88,18.6413,77000
2023-05-29 08:10:13,43,W+R,2,False,False,False,B,-0.88,18.4461,77000
2023-05-29 08:10:26,43,W+R,0,False,False,False,B,-0.88,18.4377,77000
2023-05-29 08:10:41,47,W+R,0,False,False,False,B,-0.88,18.4539,77000
2023-05-29 08:11:05,67,W+R,1,False,False,False,B,-0.88,18.519,77000
2023-05-29 08:11:19,43,W+R,1,False,False,False,B,-0.88,18.4514,77000
2023-05-29 08:11:37,57,W+R,2,False,False,False,B,-0.88,18.4475,77000
2023-05-29 08:11:51,43,W+R,1,False,False,False,B,-0.88,18.3491,77000
2023-05-29 08:12:10,54,B+R,0,False,False,False,W,-0.88,18.3609,77000
2023-05-29 08:12:58,161,W+R,31,False,False,False,B,-0.88,18.7333,77000
2023-05-29 08:13:13,46,B+R,0,False,False,False,W,-0.88,18.7797,77000
2023-05-29 08:13:26,43,W+R,0,False,False,False,B,-0.88,18.7809,77000
2023-05-29 08:13:38,43,W+R,0,False,False,False,B,-0.88,18.6979,77000
2023-05-29 08:13:59,69,W+R,0,False,False,False,B,-0.88,18.7788,77000
2023-05-29 08:14:26,97,W+R,11,False,False,False,B,-0.88,18.8695,77000
2023-05-29 08:14:43,55,W+R,2,False,False,False,B,-0.88,18.9022,77000
2023-05-29 08:14:58,54,B+R,2,False,False,False,W,-0.88,18.8357,77000
2023-05-29 08:15:12,45,W+R,0,False,False,False,B,-0.88,18.8129,77000
2023-05-29 08:15:23,43,W+R,0,False,False,False,B,-0.88,18.7897,77000
2023-05-29 08:15:40,51,W+R,3,False,False,False,B,-0.88,18.8026,77000
2023-05-29 08:15:51,43,W+R,0,False,False,False,B,-0.88,18.7713,77000
2023-05-29 08:16:13,79,W+R,0,False,False,False,B,-0.88,18.559,77000
2023-05-29 08:16:57,127,W+R,19,False,False,False,B,-0.88,18.866,77000
2023-05-29 08:17:10,43,W+R,0,False,False,False,B,-0.88,18.7549,77000
2023-05-29 08:17:19,43,W+R,0,False,False,False,B,-0.88,18.7128,77000
2023-05-29 08:17:48,85,W+R,6,False,False,False,B,-0.88,18.8694,77000
2023-05-29 08:18:04,53,W+R,0,False,False,False,B,-0.88,18.7733,77000
2023-05-29 08:18:16,49,W+R,0,False,False,False,B,-0.88,18.7655,77000
2023-05-29 08:18:29,43,W+R,0,False,False,False,B,-0.88,18.7579,77000
2023-05-29 08:20:04,55,W+R,0,False,False,False,B,-0.88,18.5162,78000
2023-05-29 08:20:20,48,B+R,0,False,False,False,W,-0.88,18.477,78000
2023-05-29 08:20:46,68,B+R,2,False,False,False,W,-0.88,18.5952,78000
2023-05-29 08:20:59,43,W+R,0,False,False,False,B,-0.88,18.6043,78000
2023-05-29 08:21:12,55,W+R,0,False,False,False,B,-0.88,18.6131,78000
2023-05-29 08:21:31,64,B+R,1,False,False,False,W,-0.88,18.5585,78000
2023-05-29 08:21:55,73,W+R,2,False,False,False,B,-0.88,18.5641,78000
2023-05-29 08:22:17,71,W+R,2,False,False,False,B,-0.88,18.5868,78000
2023-05-29 08:22:30,43,W+R,0,False,False,False,B,-0.88,18.5654,78000
2023-05-29 08:22:45,49,W+R,0,False,False,False,B,-0.88,18.3803,78000
2023-05-29 08:22:59,42,B+R,0,False,False,False,W,-0.88,18.3584,78000
2023-05-29 08:23:22,62,B+R,0,False,False,False,W,-0.88,18.4906,78000
2023-05-29 08:23:40,54,B+R,0,False,False,False,W,-0.88,18.5749,78000
2023-05-29 08:23:53,42,B+R,0,False,False,False,W,-0.88,18.3984,78000
2023-05-29 08:24:13,59,W+R,1,False,False,False,B,-0.88,18.438,78000
2023-05-29 08:24:24,43,W+R,0,False,False,False,B,-0.88,18.2734,78000
2023-05-29 08:24:48,72,B+R,3,False,False,False,W,-0.88,18.3129,78000
2023-05-29 08:25:06,67,W+R,0,False,False,False,B,-0.88,18.2077,78000
2023-05-29 08:25:34,101,W+R,13,False,False,False,B,-0.88,18.3572,78000
2023-05-29 08:25:58,71,W+R,1,False,False,False,B,-0.88,18.3028,78000
2023-05-29 08:26:14,51,W+R,2,False,False,False,B,-0.88,18.1956,78000
2023-05-29 08:26:26,43,W+R,0,False,False,False,B,-0.88,18.0664,78000
2023-05-29 08:26:40,43,W+R,0,False,False,False,B,-0.88,17.8247,78000
2023-05-29 08:26:54,42,B+R,0,False,False,False,W,-0.88,17.7994,78000
2023-05-29 08:27:07,43,W+R,0,False,False,False,B,-0.88,17.7847,78000
2023-05-29 08:27:21,43,W+R,0,False,False,False,B,-0.88,17.7249,78000
2023-05-29 08:27:36,49,W+R,0,False,False,False,B,-0.88,17.7314,78000
2023-05-29 08:27:50,43,W+R,1,False,False,False,B,-0.88,17.713,78000
2023-05-29 08:28:15,79,W+1.5,7,True,True,False,B,-0.88,17.8348,78000
2023-05-29 08:28:33,53,W+R,0,False,False,False,B,-0.88,17.8196,78000
2023-05-29 08:28:50,53,W+R,0,False,False,False,B,-0.88,17.8007,78000
2023-05-29 08:29:06,53,W+R,0,False,False,False,B,-0.88,17.5839,78000
2023-05-29 08:29:19,43,W+R,0,False,False,False,B,-0.88,17.5539,78000
2023-05-29 08:29:33,60,B+R,2,False,False,False,W,-0.88,17.4041,78000
2023-05-29 08:29:44,43,W+R,0,False,False,False,B,-0.88,17.3861,78000
2023-05-29 08:29:55,43,W+R,0,False,False,False,B,-0.88,17.3161,78000
2023-05-29 08:30:08,43,W+R,0,False,False,False,B,-0.88,17.3138,78000
2023-05-29 08:30:25,57,W+R,1,False,False,False,B,-0.88,17.3756,78000
2023-05-29 08:30:37,43,W+R,0,False,False,False,B,-0.88,17.3705,78000
2023-05-29 08:30:47,43,W+R,1,False,False,False,B,-0.88,17.3327,78000
2023-05-29 08:31:03,57,W+R,0,False,False,False,B,-0.88,17.021,78000
2023-05-29 08:31:16,43,W+R,1,False,False,False,B,-0.88,17.0333,78000
2023-05-29 08:31:27,43,W+R,0,False,False,False,B,-0.88,17.0156,78000
2023-05-29 08:31:46,93,W+R,18,False,False,False,B,-0.88,17.0609,78000
2023-05-29 08:32:01,53,W+R,0,False,False,False,B,-0.88,17.1082,78000
2023-05-29 08:32:14,43,W+R,0,False,False,False,B,-0.88,17.136,78000
2023-05-29 08:32:27,42,B+R,0,False,False,False,W,-0.88,17.1391,78000
2023-05-29 08:32:40,43,W+R,0,False,False,False,B,-0.88,17.0539,78000
2023-05-29 08:33:02,74,W+2.5,5,True,True,False,B,-0.88,17.1107,78000
2023-05-29 08:34:35,123,W+1.5,27,True,True,False,B,-0.88,17.3703,79000
2023-05-29 08:34:53,54,B+R,0,False,False,False,W,-0.88,17.3063,79000
2023-05-29 08:35:01,42,B+R,0,False,False,False,W,-0.88,17.1188,79000
2023-05-29 08:35:11,43,W+R,0,False,False,False,B,-0.88,16.941,79000
2023-05-29 08:35:35,68,B+R,0,False,False,False,W,-0.88,17.0283,79000
2023-05-29 08:35:48,45,W+R,0,False,False,False,B,-0.88,16.7764,79000
2023-05-29 08:36:02,43,W+R,0,False,False,False,B,-0.88,16.7793,79000
2023-05-29 08:36:20,64,B+R,1,False,False,False,W,-0.88,16.8376,79000
2023-05-29 08:36:32,43,W+R,0,False,False,False,B,-0.88,16.8244,79000
2023-05-29 08:36:44,43,W+R,0,False,False,False,B,-0.88,16.734,79000
2023-05-29 08:36:58,43,W+R,0,False,False,False,B,-0.88,16.754,79000
2023-05-29 08:37:10,43,W+R,0,False,False,False,B,-0.88,16.6569,79000
2023-05-29 08:37:23,43,W+R,0,False,False,False,B,-0.88,16.6523,79000
2023-05-29 08:37:41,59,W+R,1,False,False,False,B,-0.88,16.6862,79000
2023-05-29 08:37:57,58,B+R,0,False,False,False,W,-0.88,16.7353,79000
2023-05-29 08:38:16,60,B+R,0,False,False,False,W,-0.88,16.7876,79000
2023-05-29 08:38:27,43,W+R,3,False,False,False,B,-0.88,16.6962,79000
2023-05-29 08:38:37,43,W+R,0,False,False,False,B,-0.88,16.6065,79000
2023-05-29 08:38:52,48,B+R,0,False,False,False,W,-0.88,16.628,79000
2023-05-29 08:39:06,43,W+R,0,False,False,False,B,-0.88,16.5954,79000
2023-05-29 08:39:21,43,W+R,1,False,False,False,B,-0.88,16.611,79000
2023-05-29 08:39:40,65,W+R,0,False,False,False,B,-0.88,16.6663,79000
2023-05-29 08:39:51,43,W+R,1,False,False,False,B,-0.88,16.6538,79000
2023-05-29 08:40:10,66,B+R,2,False,False,False,W,-0.88,16.6901,79000
2023-05-29 08:40:33,69,W+R,2,False,False,False,B,-0.88,16.6862,79000
2023-05-29 08:40:44,43,W+R,0,False,False,False,B,-0.88,16.6601,79000
2023-05-29 08:41:00,63,W+R,3,False,False,False,B,-0.88,16.6294,79000
2023-05-29 08:41:13,51,W+R,3,False,False,False,B,-0.88,16.625,79000
2023-05-29 08:41:37,73,W+R,6,False,False,False,B,-0.88,16.6748,79000
2023-05-29 08:42:03,79,W+R,2,False,False,False,B,-0.88,16.4621,79000
2023-05-29 08:42:17,43,W+R,0,False,False,False,B,-0.88,16.4478,79000
2023-05-29 08:42:44,85,W+R,6,False,False,False,B,-0.88,16.5894,79000
2023-05-29 08:43:00,43,W+R,0,False,False,False,B,-0.88,16.626,79000
2023-05-29 08:43:23,64,B+R,0,False,False,False,W,-0.88,16.6409,79000
2023-05-29 08:43:36,43,W+R,0,False,False,False,B,-0.88,16.5014,79000
2023-05-29 08:43:48,43,W+R,0,False,False,False,B,-0.88,16.4569,79000
2023-05-29 08:44:01,43,W+R,1,False,False,False,B,-0.88,16.4279,79000
2023-05-29 08:44:14,43,W+R,0,False,False,False,B,-0.88,16.4238,79000
2023-05-29 08:44:30,53,W+R,0,False,False,False,B,-0.88,16.4682,79000
2023-05-29 08:44:42,43,W+R,2,False,False,False,B,-0.88,16.4214,79000
2023-05-29 08:44:56,43,W+R,0,False,False,False,B,-0.88,16.454,79000
2023-05-29 08:45:23,76,B+R,0,False,False,False,W,-0.88,16.5027,79000
2023-05-29 08:45:49,69,W+R,5,False,False,False,B,-0.88,16.3219,79000
2023-05-29 08:46:06,57,W+R,0,False,False,False,B,-0.88,16.364,79000
2023-05-29 08:46:25,56,B+R,0,False,False,False,W,-0.88,16.4705,79000
2023-05-29 08:46:48,67,B+5.5,6,False,False,False,,-0.88,16.4053,79000
2023-05-29 08:47:02,43,W+R,2,False,False,False,B,-0.88,16.3909,79000
2023-05-29 08:48:19,43,W+R,1,False,False,False,B,-0.88,16.4701,80000
2023-05-29 08:48:40,63,W+R,2,False,False,False,B,-0.88,16.4689,80000
2023-05-29 08:48:54,43,W+R,0,False,False,False,B,-0.88,16.4296,80000
2023-05-29 08:49:07,43,W+R,0,False,False,False,B,-0.88,16.4051,80000
2023-05-29 08:49:29,65,W+R,2,False,False,False,B,-0.88,16.3574,80000
2023-05-29 08:49:38,43,W+R,0,False,False,False,B,-0.88,16.3209,80000
2023-05-29 08:49:50,43,W+R,0,False,False,False,B,-0.88,16.305,80000
2023-05-29 08:50:06,54,B+R,0,False,False,False,W,-0.88,16.2794,80000
2023-05-29 08:50:19,43,W+R,0,False,False,False,B,-0.88,16.1646,80000
2023-05-29 08:50:31,42,B+R,1,False,False,False,W,-0.88,16.0703,80000
2023-05-29 08:50:56,75,W+R,4,False,False,False,B,-0.88,16.1899,80000
2023-05-29 08:51:09,43,W+R,1,False,False,False,B,-0.88,16.1636,80000
2023-05-29 08:51:41,162,W+16.5,39,True,True,False,B,-0.88,16.3453,80000
2023-05-29 08:51:55,52,B+R,0,False,False,False,W,-0.88,16.264,80000
2023-05-29 08:52:09,43,W+R,2,False,False,False,B,-0.88,16.2154,80000
2023-05-29 08:52:29,70,B+R,2,False,False,False,W,-0.88,16.287,80000
2023-05-29 08:52:40,43,W+R,2,False,False,False,B,-0.88,16.1984,80000
2023-05-29 08:53:05,76,B+R,2,False,False,False,W,-0.88,16.3395,80000
2023-05-29 08:53:18,63,W+R,4,False,False,False,B,-0.88,16.2296,80000
2023-05-29 08:53:26,43,W+R,0,False,False,False,B,-0.88,16.1284,80000
2023-05-29 08:53:48,79,W+R,16,False,False,False,B,-0.88,16.0663,80000
2023-05-29 08:54:05,59,W+R,0,False,False,False,B,-0.88,16.0001,80000
2023-05-29 08:54:19,42,B+R,0,False,False,False,W,-0.88,15.9763,80000
2023-05-29 08:54:43,68,B+R,0,False,False,False,W,-0.88,16.0985,80000
2023-05-29 08:55:04,64,B+R,0,False,False,False,W,-0.88,16.1747,80000
2023-05-29 08:55:18,43,W+R,0,False,False,False,B,-0.88,16.1698,80000
2023-05-29 08:55:50,101,W+R,15,False,False,False,B,-0.88,16.3586,80000
2023-05-29 08:56:06,51,W+R,0,False,False,False,B,-0.88,16.3739,80000
2023-05-29 08:56:24,59,W+R,4,False,False,False,B,-0.88,16.4034,80000
2023-05-29 08:56:37,43,W+R,0,False,False,False,B,-0.88,16.4056,80000
2023-05-29 08:56:50,51,W+R,0,False,False,False,B,-0.88,16.2763,80000
2023-05-29 08:57:03,43,W+R,0,False,False,False,B,-0.88,16.2328,80000
2023-05-29 08:57:17,43,W+R,0,False,False,False,B,-0.88,16.2051,80000
2023-05-29 08:57:50,91,W+R,2,False,False,False,B,-0.88,16.3679,80000
2023-05-29 08:58:13,70,W+2.5,4,True,True,False,B,-0.88,16.4778,80000
2023-05-29 08:58:28,47,W+R,2,False,False,False,B,-0.88,16.4768,80000
2023-05-29 08:58:42,54,B+R,0,False,False,False,W,-0.88,16.5066,80000
2023-05-29 08:58:59,51,W+R,1,False,False,False,B,-0.88,16.5702,80000
2023-05-29 08:59:31,91,B+1.5,10,False,False,False,,-0.88,16.7629,80000
2023-05-29 08:59:44,42,B+R,0,False,False,False,W,-0.88,16.7196,80000
2023-05-29 08:59:56,42,B+R,0,False,False,False,W,-0.88,16.7166,80000
2023-05-29 09:00:13,53,W+R,0,False,False,False,B,-0.88,16.7893,80000
2023-05-29 09:00:25,48,B+R,0,False,False,False,W,-0.88,16.7575,80000
2023-05-29 09:00:42,51,W+R,0,False,False,False,B,-0.88,16.7882,80000
2023-05-29 09:00:51,43,W+R,0,False,False,False,B,-0.88,16.7602,80000
2023-05-29 09:01:02,43,W+R,0,False,False,False,B,-0.88,16.6878,80000
2023-05-29 09:01:17,52,B+R,1,False,False,False,W,-0.88,16.6932,80000
2023-05-29 09:01:40,68,W+12.5,5,True,True,False,B,-0.88,16.7922,80000
2023-05-29 09:01:55,43,W+R,0,False,False,False,B,-0.88,16.8115,80000
2023-05-29 09:03:08,57,W+R,0,False,False,False,B,-0.88,16.732,81000
2023-05-29 09:03:19,43,W+R,0,False,False,False,B,-0.88,16.6997,81000
2023-05-29 09:03:36,68,B+R,3,False,False,False,W,-0.88,16.5271,81000
2023-05-29 09:04:05,91,B+1.5,14,True,True,False,W,-0.88,16.6351,81000
2023-05-29 09:04:25,63,W+R,5,False,False,False,B,-0.88,16.7518,81000
2023-05-29 09:04:45,59,W+R,3,False,False,False,B,-0.88,16.8454,81000
2023-05-29 09:04:58,43,W+R,0,False,False,False,B,-0.88,16.7421,81000
2023-05-29 09:05:21,62,B+R,0,False,False,False,W,-0.88,16.8351,81000
2023-05-29 09:05:34,43,W+R,0,False,False,False,B,-0.88,16.8365,81000
2023-05-29 09:05:48,42,B+R,0,False,False,False,W,-0.88,16.7888,81000
2023-05-29 09:06:08,60,B+R,0,False,False,False,W,-0.88,16.8653,81000
2023-05-29 09:06:22,43,W+R,0,False,False,False,B,-0.88,16.8875,81000
2023-05-29 09:06:35,43,W+R,0,False,False,False,B,-0.88,16.8721,81000
2023-05-29 09:06:52,56,B+R,0,False,False,False,W,-0.88,16.9289,81000
2023-05-29 09:07:05,43,W+R,0,False,False,False,B,-0.88,16.9288,81000
2023-05-29 09:07:24,58,B+R,0,False,False,False,W,-0.88,16.9346,81000
2023-05-29 09:07:51,90,W+0.5,6,True,True,False,B,-0.88,17.0493,81000
2023-05-29 09:08:03,43,W+R,2,False,False,False,B,-0.88,16.9855,81000
2023-05-29 09:08:29,73,W+R,2,False,False,False,B,-0.88,17.1319,81000
2023-05-29 09:08:51,67,W+R,0,False,False,False,B,-0.88,17.2467,81000
2023-05-29 09:09:05,43,W+R,1,False,False,False,B,-0.88,17.2328,81000
2023-05-29 09:09:19,46,B+R,0,False,False,False,W,-0.88,17.2389,81000
2023-05-29 09:09:31,43,W+R,0,False,False,False,B,-0.88,17.2113,81000
2023-05-29 09:09:51,56,B+R,0,False,False,False,W,-0.88,17.2228,81000
2023-05-29 09:10:09,59,W+R,0,False,False,False,B,-0.88,17.2836,81000
2023-05-29 09:10:27,56,B+R,1,False,False,False,W,-0.88,17.2765,81000
2023-05-29 09:10:40,43,W+R,0,False,False,False,B,-0.88,17.1694,81000
2023-05-29 09:10:54,53,W+R,0,False,False,False,B,-0.88,17.2121,81000
2023-05-29 09:11:06,43,W+R,0,False,False,False,B,-0.88,17.1693,81000
2023-05-29 09:11:25,58,B+R,0,False,False,False,W,-0.88,17.2287,81000
2023-05-29 09:11:38,43,W+R,2,False,False,False,B,-0.88,17.1244,81000
2023-05-29 09:11:58,59,W+R,0,False,False,False,B,-0.88,17.0555,81000
2023-05-29 09:12:23,78,B+R,1,False,False,False,W,-0.88,17.1676,81000
2023-05-29 09:12:36,43,W+R,0,False,False,False,B,-0.88,17.0223,81000
2023-05-29 09:12:49,43,W+R,0,False,False,False,B,-0.88,17.0027,81000
2023-05-29 09:13:03,43,W+R,0,False,False,False,B,-0.88,16.9134,81000
2023-05-29 09:13:17,44,B+R,0,False,False,False,W,-0.88,16.9223,81000
2023-05-29 09:13:34,50,B+R,0,False,False,False,W,-0.88,16.9737,81000
2023-05-29 09:13:48,45,W+R,0,False,False,False,B,-0.88,16.9815,81000
2023-05-29 09:14:02,43,W+R,0,False,False,False,B,-0.88,16.9934,81000
2023-05-29 09:14:27,72,B+R,0,False,False,False,W,-0.88,17.0868,81000
2023-05-29 09:14:55,81,W+R,2,False,False,False,B,-0.88,17.2359,81000
2023-05-29 09:15:11,47,W+R,0,False,False,False,B,-0.88,17.2595,81000
2023-05-29 09:15:31,60,B+R,0,False,False,False,W,-0.88,17.1899,81000
2023-05-29 09:15:51,65,W+R,0,False,False,False,B,-0.88,17.1353,81000
2023-05-29 09:16:25,113,W+3.5,16,True,True,False,B,-0.88,17.2996,81000
2023-05-29 09:16:39,43,W+R,2,False,False,False,B,-0.88,17.2428,81000
2023-05-29 09:18:06,57,W+R,4,False,False,False,B,-0.88,17.2895,82000
2023-05-29 09:18:18,43,W+R,0,False,False,False,B,-0.88,17.2013,82000
2023-05-29 09:18:31,43,W+R,0,False,False,False,B,-0.88,17.2092,82000
2023-05-29 09:18:39,42,B+R,0,False,False,False,W,-0.88,17.0748,82000
2023-05-29 09:18:51,43,W+R,0,False,False,False,B,-0.88,17.0545,82000
2023-05-29 09:19:04,43,W+R,1,False,False,False,B,-0.88,17.0511,82000
2023-05-29 09:19:20,63,B+6.5,5,True,True,False,W,-0.88,16.9983,82000
2023-05-29 09:19:34,51,W+R,2,False,False,False,B,-0.88,17.0432,82000
2023-05-29 09:19:46,43,W+R,0,False,False,False,B,-0.88,17.044,82000
2023-05-29 09:20:13,77,W+R,3,False,False,False,B,-0.88,17.152,82000
2023-05-29 09:20:24,48,B+R,0,False,False,False,W,-0.88,17.1372,82000
2023-05-29 09:20:37,43,W+R,0,False,False,False,B,-0.88,17.1423,82000
2023-05-29 09:20:51,43,W+R,0,False,False,False,B,-0.88,17.0329,82000
2023-05-29 09:21:22,117,W+2.5,18,True,True,False,B,-0.88,17.2226,82000
2023-05-29 09:21:33,45,W+R,0,False,False,False,B,-0.88,17.0088,82000
2023-05-29 09:21:46,43,W+R,0,False,False,False,B,-0.88,16.9918,82000
2023-05-29 09:22:03,50,B+R,0,False,False,False,W,-0.88,17.021,82000
2023-05-29 09:22:19,52,B+R,0,False,False,False,W,-0.88,16.9851,82000
2023-05-29 09:22:40,67,W+R,0,False,False,False,B,-0.88,17.0837,82000
2023-05-29 09:23:08,103,W+R,13,False,False,False,B,-0.88,17.1182,82000
2023-05-29 09:23:19,43,W+R,0,False,False,False,B,-0.88,17.099,82000
2023-05-29 09:23:37,58,B+R,3,False,False,False,W,-0.88,17.1914,82000
2023-05-29 09:23:51,43,W+R,0,False,False,False,B,-0.88,17.1122,82000
2023-05-29 09:24:04,45,W+R,0,False,False,False,B,-0.88,17.0753,82000
2023-05-29 09:24:18,42,B+R,0,False,False,False,W,-0.88,17.0763,82000
2023-05-29 09:24:30,43,W+R,0,False,False,False,B,-0.88,16.951,82000
2023-05-29 09:24:52,67,W+0.5,5,True,True,False,B,-0.88,16.9626,82000
2023-05-29 09:25:08,54,B+R,0,False,False,False,W,-0.88,16.9883,82000
2023-05-29 09:25:22,43,W+R,0,False,False,False,B,-0.88,16.7988,82000
2023-05-29 09:25:34,42,B+R,1,False,False,False,W,-0.88,16.7624,82000
2023-05-29 09:26:07,102,B+R,14,False,False,False,W,-0.88,16.9142,82000
2023-05-29 09:26:24,60,B+R,0,False,False,False,W,-0.88,16.9532,82000
2023-05-29 09:26:41,59,W+R,0,False,False,False,B,-0.88,16.9938,82000
2023-05-29 09:26:54,42,B+R,0,False,False,False,W,-0.88,16.9896,82000
2023-05-29 09:27:11,70,W+0.5,3,True,True,False,B,-0.88,17.022,82000
2023-05-29 09:27:23,43,W+R,0,False,False,False,B,-0.88,16.8103,82000
2023-05-29 09:27:43,67,W+R,0,False,False,False,B,-0.88,16.7792,82000
2023-05-29 09:27:57,43,W+R,0,False,False,False,B,-0.88,16.7738,82000
2023-05-29 09:28:26,85,W+R,3,False,False,False,B,-0.88,16.919,82000
2023-05-29 09:28:41,51,W+R,0,False,False,False,B,-0.88,16.9039,82000
2023-05-29 09:28:56,43,W+R,0,False,False,False,B,-0.88,16.7378,82000
2023-05-29 09:29:09,43,W+R,0,False,False,False,B,-0.88,16.7332,82000
2023-05-29 09:29:21,43,W+R,0,False,False,False,B,-0.88,16.732,82000
2023-05-29 09:29:41,59,W+R,0,False,False,False,B,-0.88,16.7642,82000
2023-05-29 09:30:02,66,B+R,2,False,False,False,W,-0.88,16.8533,82000
2023-05-29 09:30:17,43,W+R,0,False,False,False,B,-0.88,16.8324,82000
2023-05-29 09:30:32,48,B+R,0,False,False,False,W,-0.88,16.8973,82000
2023-05-29 09:30:55,79,W+R,9,False,False,False,B,-0.88,17.0186,82000
2023-05-29 09:32:26,110,W+7.5,20,True,True,False,B,-0.88,17.0924,83000
2023-05-29 09:32:39,42,B+R,0,False,False,False,W,-0.88,17.0714,83000
2023-05-29 09:32:53,43,W+R,1,False,False,False,B,-0.88,17.0827,83000
2023-05-29 09:33:27,162,W+6.5,37,True,True,False,B,-0.88,17.2822,83000
2023-05-29 09:33:53,89,W+0.5,14,True,True,False,B,-0.88,17.4288,83000
2023-05-29 09:34:14,62,B+R,1,False,False,False,W,-0.88,17.4737,83000
2023-05-29 09:34:26,43,W+R,0,False,False,False,B,-0.88,17.2973,83000
2023-05-29 09:34:38,43,W+R,0,False,False,False,B,-0.88,17.2222,83000
2023-05-29 09:34:58,63,W+R,2,False,False,False,B,-0.88,17.2218,83000
2023-05-29 09:35:13,45,W+R,3,False,False,False,B,-0.88,17.2423,83000
2023-05-29 09:35:26,43,W+R,2,False,False,False,B,-0.88,17.1508,83000
2023-05-29 09:36:01,90,B+R,10,False,False,False,W,-0.88,17.3561,83000
2023-05-29 09:36:23,90,B+R,3,False,False,False,W,-0.88,17.438,83000
2023-05-29 09:36:39,55,W+R,0,False,False,False,B,-0.88,17.4043,83000
2023-05-29 09:36:53,46,B+R,0,False,False,False,W,-0.88,17.4042,83000
2023-05-29 09:37:06,43,W+R,0,False,False,False,B,-0.88,17.4104,83000
2023-05-29 09:37:20,43,W+R,0,False,False,False,B,-0.88,17.3804,83000
2023-05-29 09:37:49,162,W+6.5,34,True,True,False,B,-0.88,17.5387,83000
2023-05-29 09:38:03,43,W+R,0,False,False,False,B,-0.88,17.4843,83000
2023-05-29 09:38:15,43,W+R,0,False,False,False,B,-0.88,17.3349,83000
2023-05-29 09:38:33,61,W+R,0,False,False,False,B,-0.88,17.3878,83000
2023-05-29 09:38:50,69,W+R,3,False,False,False,B,-0.88,17.3006,83000
2023-05-29 09:39:01,43,W+R,0,False,False,False,B,-0.88,17.1951,83000
2023-05-29 09:39:23,73,W+R,1,False,False,False,B,-0.88,17.2775,83000
2023-05-29 09:39:35,43,W+R,0,False,False,False,B,-0.88,17.2483,83000
2023-05-29 09:39:51,45,W+R,1,False,False,False,B,-0.88,17.2903,83000
2023-05-29 09:40:04,43,W+R,0,False,False,False,B,-0.88,17.2239,83000
2023-05-29 09:40:25,72,W+4.5,4,True,True,False,B,-0.88,17.2546,83000
2023-05-29 09:40:50,91,B+0.5,17,True,True,False,W,-0.88,17.3239,83000
2023-05-29 09:41:08,59,W+R,0,False,False,False,B,-0.88,17.3756,83000
2023-05-29 09:41:20,43,W+R,1,False,False,False,B,-0.88,17.3454,83000
2023-05-29 09:41:41,67,B+0.5,5,True,True,False,W,-0.88,17.4415,83000
2023-05-29 09:41:53,45,W+R,0,False,False,False,B,-0.88,17.3699,83000
2023-05-29 09:42:04,47,W+R,1,False,False,False,B,-0.88,17.3489,83000
2023-05-29 09:42:22,67,W+R,2,False,False,False,B,-0.88,17.3364,83000
2023-05-29 09:42:44,70,B+R,1,False,False,False,W,-0.88,17.3005,83000
2023-05-29 09:43:04,97,B+13.5,13,True,True,True,B,-0.88,17.3752,83000
2023-05-29 09:43:16,51,W+R,0,False,False,False,B,-0.88,17.3577,83000
2023-05-29 09:43:25,43,W+R,1,False,False,False,B,-0.88,17.3088,83000
2023-05-29 09:43:51,90,B+R,3,False,False,False,W,-0.88,17.4253,83000
2023-05-29 09:44:00,43,W+R,0,False,False,False,B,-0.88,17.3498,83000
2023-05-29 09:44:14,57,W+R,0,False,False,False,B,-0.88,17.3529,83000
2023-05-29 09:44:23,43,W+R,1,False,False,False,B,-0.88,17.3017,83000
2023-05-29 09:44:31,43,W+R,0,False,False,False,B,-0.88,17.1259,83000
2023-05-29 09:44:38,43,W+R,0,False,False,False,B,-0.88,16.9271,83000
2023-05-29 09:44:49,43,W+R,0,False,False,False,B,-0.88,16.8706,83000
2023-05-29 09:44:57,43,W+R,0,False,False,False,B,-0.88,16.7506,83000
2023-05-29 09:46:16,87,W+2.5,21,True,True,False,B,-0.88,16.5623,84000
2023-05-29 09:46:57,119,W+1.5,17,True,True,False,B,-0.88,16.8266,84000
2023-05-29 09:47:23,85,W+3.5,10,True,True,False,B,-0.88,16.8281,84000
2023-05-29 09:47:43,67,W+R,4,False,False,False,B,-0.88,16.8726,84000
2023-05-29 09:48:02,57,W+R,0,False,False,False,B,-0.88,16.938,84000
2023-05-29 09:48:23,61,W+R,1,False,False,False,B,-0.88,17.0169,84000
2023-05-29 09:48:51,77,W+R,0,False,False,False,B,-0.88,17.2218,84000
2023-05-29 09:49:09,70,B+R,2,False,False,False,W,-0.88,17.282,84000
2023-05-29 09:49:25,59,W+R,0,False,False,False,B,-0.88,17.3143,84000
2023-05-29 09:49:38,44,B+R,1,False,False,False,W,-0.88,17.2836,84000
2023-05-29 09:49:57,59,W+R,1,False,False,False,B,-0.88,17.3307,84000
2023-05-29 09:50:30,115,W+R,12,False,False,False,B,-0.88,17.5428,84000
2023-05-29 09:51:03,103,W+R,7,False,False,False,B,-0.88,17.6013,84000
2023-05-29 09:51:14,43,W+R,0,False,False,False,B,-0.88,17.6014,84000
2023-05-29 09:51:27,43,W+R,0,False,False,False,B,-0.88,17.5999,84000
2023-05-29 09:51:40,42,B+R,0,False,False,False,W,-0.88,17.5895,84000
2023-05-29 09:51:53,43,W+R,0,False,False,False,B,-0.88,17.4036,84000
2023-05-29 09:52:08,52,B+R,0,False,False,False,W,-0.88,17.4502,84000
2023-05-29 09:52:29,63,W+R,0,False,False,False,B,-0.88,17.5333,84000
2023-05-29 09:52:54,74,B+R,3,False,False,False,W,-0.88,17.6127,84000
2023-05-29 09:53:28,153,W+R,30,False,False,False,B,-0.88,17.7874,84000
2023-05-29 09:53:42,43,W+R,0,False,False,False,B,-0.88,17.718,84000
2023-05-29 09:53:58,51,W+R,0,False,False,False,B,-0.88,17.5971,84000
2023-05-29 09:54:08,43,W+R,0,False,False,False,B,-0.88,17.5947,84000
2023-05-29 09:54:18,43,W+R,0,False,False,False,B,-0.88,17.5071,84000
2023-05-29 09:54:33,51,W+R,0,False,False,False,B,-0.88,17.5223,84000
2023-05-29 09:54:52,62,B+R,0,False,False,False,W,-0.88,17.5796,84000
2023-05-29 09:55:22,93,B+3.5,10,True,True,False,W,-0.88,17.7447,84000
2023-05-29 09:56:06,142,B+1.5,32,True,True,False,W,-0.88,18.0591,84000
2023-05-29 09:56:19,43,W+R,0,False,False,False,B,-0.88,17.9701,84000
2023-05-29 09:56:37,55,W+R,0,False,False,False,B,-0.88,17.9846,84000
2023-05-29 09:56:49,43,W+R,2,False,False,False,B,-0.88,17.9742,84000
2023-05-29 09:57:15,77,W+R,0,False,False,False,B,-0.88,18.1165,84000
2023-05-29 09:57:29,42,B+R,0,False,False,False,W,-0.88,17.9266,84000
2023-05-29 09:57:44,49,W+R,0,False,False,False,B,-0.88,17.899,84000
2023-05-29 09:58:15,89,W+R,7,False,False,False,B,-0.88,18.0395,84000
2023-05-29 09:58:30,45,W+R,2,False,False,False,B,-0.88,18.0607,84000
2023-05-29 09:58:42,43,W+R,1,False,False,False,B,-0.88,18.0106,84000
2023-05-29 09:59:22,123,W+5.5,22,True,True,False,B,-0.88,18.2953,84000
2023-05-29 09:59:36,43,W+R,2,False,False,False,B,-0.88,18.2281,84000
2023-05-29 09:59:49,43,W+R,1,False,False,False,B,-0.88,18.2192,84000
2023-05-29 10:01:05,57,W+R,0,False,False,False,B,-0.88,18.0447,85000
2023-05-29 10:01:16,43,W+R,0,False,False,False,B,-0.88,18.0131,85000
2023-05-29 10:01:45,79,W+R,0,False,False,False,B,-0.88,18.1707,85000
2023-05-29 10:01:59,43,W+R,0,False,False,False,B,-0.88,18.1983,85000
2023-05-29 10:02:20,57,W+R,1,False,False,False,B,-0.88,18.2015,85000
2023-05-29 10:02:42,69,W+R,6,False,False,False,B,-0.88,18.2133,85000
2023-05-29 10:03:02,56,B+R,0,False,False,False,W,-0.88,18.2618,85000
2023-05-29 10:03:21,52,B+R,0,False,False,False,W,-0.88,18.3045,85000
2023-05-29 10:03:36,54,B+R,0,False,False,False,W,-0.88,18.2216,85000
2023-05-29 10:03:48,42,B+R,0,False,False,False,W,-0.88,18.1793,85000
2023-05-29 10:04:19,116,W+5.5,22,True,True,False,B,-0.88,18.1874,85000
2023-05-29 10:04:33,45,W+R,1,False,False,False,B,-0.88,18.2014,85000
2023-05-29 10:04:45,46,B+R,7,False,False,False,W,-0.88,18.187,85000
2023-05-29 10:04:57,43,W+R,0,False,False,False,B,-0.88,17.9682,85000
2023-05-29 10:05:12,49,W+R,0,False,False,False,B,-0.88,17.8577,85000
2023-05-29 10:05:31,55,W+R,0,False,False,False,B,-0.88,17.8253,85000
2023-05-29 10:05:50,61,W+R,0,False,False,False,B,-0.88,17.9012,85000
2023-05-29 10:06:04,43,W+R,0,False,False,False,B,-0.88,17.917,85000
2023-05-29 10:06:22,55,W+R,0,False,False,False,B,-0.88,17.9066,85000
2023-05-29 10:06:59,149,W+R,22,False,False,False,B,-0.88,18.1211,85000
2023-05-29 10:07:21,69,W+R,3,False,False,False,B,-0.88,18.2111,85000
2023-05-29 10:07:34,42,B+R,0,False,False,False,W,-0.88,18.0013,85000
2023-05-29 10:07:49,43,W+R,0,False,False,False,B,-0.88,17.9218,85000
2023-05-29 10:08:05,51,W+R,0,False,False,False,B,-0.88,17.9238,85000
2023-05-29 10:08:17,43,W+R,1,False,False,False,B,-0.88,17.895,85000
2023-05-29 10:08:29,42,B+R,0,False,False,False,W,-0.88,17.8944,85000
2023-05-29 10:08:55,74,B+R,0,False,False,False,W,-0.88,18.0084,85000
2023-05-29 10:09:23,120,W+4.5,21,True,True,False,B,-0.88,18.0069,85000
2023-05-29 10:09:50,91,W+2.5,12,True,True,False,B,-0.88,18.1393,85000
2023-05-29 10:10:03,43,W+R,0,False,False,False,B,-0.88,18.1333,85000
2023-05-29 10:10:35,111,W+R,15,False,False,False,B,-0.88,18.2801,85000
2023-05-29 10:10:50,47,W+R,0,False,False,False,B,-0.88,18.2627,85000
2023-05-29 10:11:02,43,W+R,0,False,False,False,B,-0.88,18.2787,85000
2023-05-29 10:11:13,43,W+R,1,False,False,False,B,-0.88,18.16,85000
2023-05-29 10:11:26,43,W+R,0,False,False,False,B,-0.88,18.1771,85000
2023-05-29 10:11:41,44,B+R,0,False,False,False,W,-0.88,18.1575,85000
2023-05-29 10:11:53,43,W+R,0,False,False,False,B,-0.88,18.1536,85000
2023-05-29 10:12:15,67,W+R,0,False,False,False,B,-0.88,18.1596,85000
2023-05-29 10:12:40,77,W+R,6,False,False,False,B,-0.88,18.165,85000
2023-05-29 10:12:52,43,W+R,1,False,False,False,B,-0.88,18.1067,85000
2023-05-29 10:13:15,71,W+R,2,False,False,False,B,-0.88,18.2209,85000
2023-05-29 10:13:28,43,W+R,0,False,False,False,B,-0.88,18.1389,85000
2023-05-29 10:13:42,42,B+R,0,False,False,False,W,-0.88,18.1513,85000
2023-05-29 10:13:56,45,W+R,0,False,False,False,B,-0.88,18.1872,85000
2023-05-29 10:14:22,91,B+0.5,8,True,True,False,W,-0.88,18.2626,85000
2023-05-29 10:15:36,49,W+R,0,False,False,False,B,-0.88,18.0968,86000
2023-05-29 10:15:49,43,W+R,0,False,False,False,B,-0.88,18.1097,86000
2023-05-29 10:16:33,149,W+R,15,False,False,False,B,-0.88,18.4501,86000
2023-05-29 10:17:09,130,W+5.5,16,True,True,False,B,-0.88,18.5623,86000
2023-05-29 10:17:22,43,W+R,0,False,False,False,B,-0.88,18.5925,86000
2023-05-29 10:17:45,72,B+R,2,False,False,False,W,-0.88,18.6876,86000
2023-05-29 10:17:59,44,B+R,0,False,False,False,W,-0.88,18.7335,86000
2023-05-29 10:18:31,162,W+31.5,45,True,True,False,B,-0.88,18.983,86000
2023-05-29 10:18:44,45,W+R,2,False,False,False,B,-0.88,19.0298,86000
2023-05-29 10:18:55,43,W+R,0,False,False,False,B,-0.88,19.0367,86000
2023-05-29 10:19:08,43,W+R,0,False,False,False,B,-0.88,19.0833,86000
2023-05-29 10:19:21,43,W+R,2,False,False,False,B,-0.88,19.1121,86000
2023-05-29 10:19:36,47,W+R,0,False,False,False,B,-0.88,19.0204,86000
2023-05-29 10:20:06,90,B+R,2,False,False,False,W,-0.88,18.9168,86000
2023-05-29 10:20:20,42,B+R,0,False,False,False,W,-0.88,18.7975,86000
2023-05-29 10:20:33,42,B+R,0,False,False,False,W,-0.88,18.7186,86000
2023-05-29 10:20:53,56,B+R,0,False,False,False,W,-0.88,18.7314,86000
2023-05-29 10:21:05,42,B+R,0,False,False,False,W,-0.88,18.6447,86000
2023-05-29 10:21:15,43,W+R,1,False,False,False,B,-0.88,18.4567,86000
2023-05-29 10:21:30,43,W+R,0,False,False,False,B,-0.88,18.4273,86000
2023-05-29 10:21:41,43,W+R,0,False,False,False,B,-0.88,18.379,86000
2023-05-29 10:22:03,73,W+R,0,False,False,False,B,-0.88,18.4686,86000
2023-05-29 10:22:19,52,B+R,0,False,False,False,W,-0.88,18.438,86000
2023-05-29 10:22:38,51,W+R,0,False,False,False,B,-0.88,18.3,86000
2023-05-29 10:22:54,51,W+R,0,False,False,False,B,-0.88,18.1328,86000
2023-05-29 10:23:11,53,W+R,0,False,False,False,B,-0.88,18.1921,86000
2023-05-29 10:23:28,53,W+R,0,False,False,False,B,-0.88,18.2327,86000
2023-05-29 10:24:03,125,W+3.5,26,True,True,False,B,-0.88,18.4568,86000
2023-05-29 10:24:54,161,W+R,31,False,False,False,B,-0.88,18.8384,86000
2023-05-29 10:25:06,43,W+R,1,False,False,False,B,-0.88,18.8015,86000
2023-05-29 10:25:23,61,W+R,0,False,False,False,B,-0.88,18.7636,86000
2023-05-29 10:25:37,43,W+R,0,False,False,False,B,-0.88,18.6517,86000
2023-05-29 10:25:54,50,B+R,0,False,False,False,W,-0.88,18.4787,86000
2023-05-29 10:26:16,71,W+R,1,False,False,False,B,-0.88,18.5643,86000
2023-05-29 10:26:54,113,B+5.5,15,True,True,False,W,-0.88,18.781,86000
2023-05-29 10:27:07,43,W+R,0,False,False,False,B,-0.88,18.8064,86000
2023-05-29 10:27:18,42,B+R,0,False,False,False,W,-0.88,18.8281,86000
2023-05-29 10:27:34,47,W+R,0,False,False,False,B,-0.88,18.8326,86000
2023-05-29 10:27:52,57,W+R,4,False,False,False,B,-0.88,18.8172,86000
2023-05-29 10:28:05,43,W+R,0,False,False,False,B,-0.88,18.649,86000
2023-05-29 10:28:19,42,B+R,0,False,False,False,W,-0.88,18.3499,86000
2023-05-29 10:28:57,105,W+R,21,False,False,False,B,-0.88,18.5984,86000
2023-05-29 10:29:10,43,W+R,0,False,False,False,B,-0.88,18.562,86000
2023-05-29 10:30:57,76,B+R,1,False,False,False,W,-0.88,18.7965,87000
2023-05-29 10:31:30,115,W+4.5,17,True,True,False,B,-0.88,18.9806,87000
2023-05-29 10:31:43,43,W+R,0,False,False,False,B,-0.88,18.9682,87000
2023-05-29 10:31:57,42,B+R,0,False,False,False,W,-0.88,18.7979,87000
2023-05-29 10:32:09,43,W+R,0,False,False,False,B,-0.88,18.7681,87000
2023-05-29 10:32:24,53,W+R,0,False,False,False,B,-0.88,18.7931,87000
2023-05-29 10:32:37,44,B+R,0,False,False,False,W,-0.88,18.5289,87000
2023-05-29 10:32:51,43,W+R,0,False,False,False,B,-0.88,18.528,87000
2023-05-29 10:33:14,70,B+R,0,False,False,False,W,-0.88,18.6321,87000
2023-05-29 10:33:27,45,W+R,0,False,False,False,B,-0.88,18.6631,87000
2023-05-29 10:33:54,83,W+R,4,False,False,False,B,-0.88,18.7551,87000
2023-05-29 10:34:25,97,W+R,9,False,False,False,B,-0.88,18.953,87000
2023-05-29 10:34:38,43,W+R,0,False,False,False,B,-0.88,18.7943,87000
2023-05-29 10:34:56,54,B+R,0,False,False,False,W,-0.88,18.836,87000
2023-05-29 10:35:33,161,W+R,42,False,False,False,B,-0.88,18.9941,87000
2023-05-29 10:36:00,113,W+4.5,19,True,True,False,B,-0.88,19.0428,87000
2023-05-29 10:36:13,43,W+R,0,False,False,False,B,-0.88,18.9755,87000
2023-05-29 10:36:25,43,W+R,1,False,False,False,B,-0.88,18.9093,87000
2023-05-29 10:37:01,101,B+1.5,10,False,False,False,,-0.88,19.1075,87000
2023-05-29 10:37:12,42,B+R,0,False,False,False,W,-0.88,19.106,87000
2023-05-29 10:37:25,43,W+R,0,False,False,False,B,-0.88,18.9292,87000
2023-05-29 10:37:39,43,W+R,0,False,False,False,B,-0.88,18.9237,87000
2023-05-29 10:37:52,43,W+R,0,False,False,False,B,-0.88,18.9309,87000
2023-05-29 10:38:06,43,W+R,0,False,False,False,B,-0.88,18.9483,87000
2023-05-29 10:38:28,78,B+R,2,False,False,False,W,-0.88,19.0272,87000
2023-05-29 10:38:48,57,W+R,0,False,False,False,B,-0.88,19.0376,87000
2023-05-29 10:39:12,75,W+R,0,False,False,False,B,-0.88,19.0849,87000
2023-05-29 10:39:25,43,W+R,0,False,False,False,B,-0.88,19.0794,87000
2023-05-29 10:40:08,162,W+6.5,33,True,True,False,B,-0.88,19.3244,87000
2023-05-29 10:40:43,99,W+R,12,False,False,False,B,-0.88,19.3038,87000
2023-05-29 10:40:55,43,W+R,0,False,False,False,B,-0.88,19.2058,87000
2023-05-29 10:41:10,49,W+R,0,False,False,False,B,-0.88,19.2222,87000
2023-05-29 10:41:36,84,B+R,1,False,False,False,W,-0.88,19.3364,87000
2023-05-29 10:42:23,126,B+R,17,False,False,False,W,-0.88,19.6443,87000
2023-05-29 10:42:44,65,W+R,0,False,False,False,B,-0.88,19.7413,87000
2023-05-29 10:43:08,63,W+R,0,False,False,False,B,-0.88,19.8502,87000
2023-05-29 10:43:21,43,W+R,0,False,False,False,B,-0.88,19.7247,87000
2023-05-29 10:43:32,42,B+R,0,False,False,False,W,-0.88,19.5473,87000
2023-05-29 10:43:44,43,W+R,0,False,False,False,B,-0.88,19.4008,87000
2023-05-29 10:43:56,43,W+R,0,False,False,False,B,-0.88,19.4009,87000
2023-05-29 10:45:17,60,B+R,0,False,False,False,W,-0.88,19.2663,88000
2023-05-29 10:45:30,43,W+R,0,False,False,False,B,-0.88,19.2687,88000
2023-05-29 10:45:44,46,B+R,0,False,False,False,W,-0.88,19.3055,88000
2023-05-29 10:45:57,43,W+R,0,False,False,False,B,-0.88,19.3059,88000
2023-05-29 10:46:11,43,W+R,0,False,False,False,B,-0.88,19.3016,88000
2023-05-29 10:46:25,47,W+R,0,False,False,False,B,-0.88,19.3088,88000
2023-05-29 10:46:44,64,B+R,1,False,False,False,W,-0.88,19.2879,88000
2023-05-29 10:47:26,162,W+7.5,37,True,True,False,B,-0.88,19.4544,88000
2023-05-29 10:47:40,42,B+R,0,False,False,False,W,-0.88,19.4727,88000
2023-05-29 10:47:59,50,B+R,0,False,False,False,W,-0.88,19.4258,88000
2023-05-29 10:48:25,107,W+4.5,15,True,True,False,B,-0.88,19.5554,88000
2023-05-29 10:48:36,43,W+R,0,False,False,False,B,-0.88,19.5398,88000
2023-05-29 10:48:49,45,W+R,0,False,False,False,B,-0.88,19.5196,88000
2023-05-29 10:49:03,43,W+R,0,False,False,False,B,-0.88,19.3985,88000
2023-05-29 10:49:16,43,W+R,0,False,False,False,B,-0.88,19.4149,88000
2023-05-29 10:49:28,43,W+R,0,False,False,False,B,-0.88,19.396,88000
2023-05-29 10:49:44,51,W+R,0,False,False,False,B,-0.88,19.4309,88000
2023-05-29 10:50:25,108,B+R,23,False,False,False,W,-0.88,19.4109,88000
2023-05-29 10:50:51,83,W+R,0,False,False,False,B,-0.88,19.2974,88000
2023-05-29 10:51:03,42,B+R,0,False,False,False,W,-0.88,19.2914,88000
2023-05-29 10:51:16,43,W+R,3,False,False,False,B,-0.88,19.1905,88000
2023-05-29 10:51:43,76,B+R,2,False,False,False,W,-0.88,19.3282,88000
2023-05-29 10:51:56,43,W+R,0,False,False,False,B,-0.88,19.1326,88000
2023-05-29 10:52:09,43,W+R,0,False,False,False,B,-0.88,19.1412,88000
2023-05-29 10:52:29,60,B+R,0,False,False,False,W,-0.88,19.2253,88000
2023-05-29 10:52:46,64,W+1.5,2,True,True,False,B,-0.88,19.2664,88000
2023-05-29 10:53:02,51,W+R,0,False,False,False,B,-0.88,19.2884,88000
2023-05-29 10:53:18,51,W+R,0,False,False,False,B,-0.88,19.2993,88000
2023-05-29 10:53:49,104,W+2.5,24,True,True,False,B,-0.88,19.31,88000
2023-05-29 10:54:32,161,W+R,28,False,False,False,B,-0.88,19.607,88000
2023-05-29 10:54:46,45,W+R,0,False,False,False,B,-0.88,19.6166,88000
2023-05-29 10:55:01,51,W+R,0,False,False,False,B,-0.88,19.5599,88000
2023-05-29 10:55:14,43,W+R,0,False,False,False,B,-0.88,19.5693,88000
2023-05-29 10:55:27,43,W+R,0,False,False,False,B,-0.88,19.6082,88000
2023-05-29 10:55:53,83,W+R,1,False,False,False,B,-0.88,19.7138,88000
2023-05-29 10:56:28,162,W+15.5,36,True,True,False,B,-0.88,19.9518,88000
2023-05-29 10:56:40,43,W+R,0,False,False,False,B,-0.88,19.8571,88000
2023-05-29 10:56:52,42,B+R,0,False,False,False,W,-0.88,19.82,88000
2023-05-29 10:57:06,43,W+R,0,False,False,False,B,-0.88,19.7616,88000
2023-05-29 10:57:18,42,B+R,0,False,False,False,W,-0.88,19.7233,88000
2023-05-29 10:58:36,42,B+R,0,False,False,False,W,-0.88,19.64,89000
2023-05-29 10:58:49,43,W+R,0,False,False,False,B,-0.88,19.4226,89000
2023-05-29 10:59:02,42,B+R,0,False,False,False,W,-0.88,19.0314,89000
2023-05-29 10:59:14,43,W+R,0,False,False,False,B,-0.88,19.0366,89000
2023-05-29 10:59:33,61,W+R,0,False,False,False,B,-0.88,19.0544,89000
2023-05-29 10:59:56,72,B+R,2,False,False,False,W,-0.88,19.1538,89000
2023-05-29 11:00:19,73,W+R,5,False,False,False,B,-0.88,19.2078,89000
2023-05-29 11:00:32,43,W+R,0,False,False,False,B,-0.88,19.122,89000
2023-05-29 11:00:44,42,B+R,0,False,False,False,W,-0.88,18.8617,89000
2023-05-29 11:00:56,43,W+R,4,False,False,False,B,-0.88,18.8537,89000
2023-05-29 11:01:17,63,W+R,0,False,False,False,B,-0.88,18.9474,89000
2023-05-29 11:01:30,43,W+R,0,False,False,False,B,-0.88,18.9223,89000
2023-05-29 11:01:46,51,W+R,0,False,False,False,B,-0.88,18.8984,89000
2023-05-29 11:02:00,45,W+R,0,False,False,False,B,-0.88,18.9044,89000
2023-05-29 11:02:12,43,W+R,0,False,False,False,B,-0.88,18.8947,89000
2023-05-29 11:02:26,43,W+R,0,False,False,False,B,-0.88,18.6502,89000
2023-05-29 11:02:39,43,W+R,0,False,False,False,B,-0.88,18.6407,89000
2023-05-29 11:02:51,43,W+R,0,False,False,False,B,-0.88,18.413,89000
2023-05-29 11:03:09,56,B+R,6,False,False,False,W,-0.88,18.3202,89000
2023-05-29 11:03:22,43,W+R,1,False,False,False,B,-0.88,18.1304,89000
2023-05-29 11:03:36,45,W+R,0,False,False,False,B,-0.88,18.1357,89000
2023-05-29 11:04:05,93,W+0.5,15,True,True,False,B,-0.88,18.2801,89000
2023-05-29 11:04:31,80,W+0.5,4,False,False,False,,-0.88,18.4277,89000
2023-05-29 11:04:44,43,W+R,0,False,False,False,B,-0.88,18.4027,89000
2023-05-29 11:04:57,55,W+R,0,False,False,False,B,-0.88,18.3982,89000
2023-05-29 11:05:21,77,W+R,3,False,False,False,B,-0.88,18.5052,89000
2023-05-29 11:05:51,98,W+2.5,12,True,True,False,B,-0.88,18.5695,89000
2023-05-29 11:06:13,69,W+R,0,False,False,False,B,-0.88,18.6627,89000
2023-05-29 11:06:26,43,W+R,0,False,False,False,B,-0.88,18.5258,89000
2023-05-29 11:06:41,50,B+R,0,False,False,False,W,-0.88,18.3648,89000
2023-05-29 11:06:55,48,W+0.5,3,True,False,False,,-0.88,18.3775,89000
2023-05-29 11:07:08,43,W+R,0,False,False,False,B,-0.88,18.3245,89000
2023-05-29 11:07:31,72,B+R,0,False,False,False,W,-0.88,18.1843,89000
2023-05-29 11:07:44,43,W+R,0,False,False,False,B,-0.88,18.0416,89000
2023-05-29 11:08:05,75,W+R,1,False,False,False,B,-0.88,18.1239,89000
2023-05-29 11:08:17,42,B+R,0,False,False,False,W,-0.88,18.1236,89000
2023-05-29 11:08:45,76,B+R,0,False,False,False,W,-0.88,18.0452,89000
2023-05-29 11:08:57,43,W+R,0,False,False,False,B,-0.88,18.049,89000
2023-05-29 11:09:11,51,W+R,0,False,False,False,B,-0.88,18.0608,89000
2023-05-29 11:09:30,60,B+R,0,False,False,False,W,-0.88,18.1118,89000
2023-05-29 11:10:06,103,W+0.5,17,True,True,False,B,-0.88,18.3474,89000
2023-05-29 11:10:23,48,B+R,0,False,False,False,W,-0.88,18.3738,89000
2023-05-29 11:10:35,43,W+R,0,False,False,False,B,-0.88,18.2668,89000
2023-05-29 11:10:48,42,B+R,0,False,False,False,W,-0.88,18.2059,89000
2023-05-29 11:11:14,72,B+R,0,False,False,False,W,-0.88,18.229,89000
2023-05-29 11:11:32,53,W+R,4,False,False,False,B,-0.88,18.2696,89000
2023-05-29 11:12:49,57,W+R,2,False,False,False,B,-0.88,17.7833,90000
2023-05-29 11:13:28,162,W+14.5,46,True,True,False,B,-0.88,18.0452,90000
2023-05-29 11:13:43,43,W+R,0,False,False,False,B,-0.88,18.0437,90000
2023-05-29 11:13:58,47,W+R,0,False,False,False,B,-0.88,17.9384,90000
2023-05-29 11:14:34,95,W+R,10,False,False,False,B,-0.88,17.8233,90000
2023-05-29 11:14:48,45,W+R,0,False,False,False,B,-0.88,17.7552,90000
2023-05-29 11:15:03,53,W+R,0,False,False,False,B,-0.88,17.6733,90000
2023-05-29 11:15:14,43,W+R,0,False,False,False,B,-0.88,17.653,90000
2023-05-29 11:15:26,43,W+R,0,False,False,False,B,-0.88,17.6627,90000
2023-05-29 11:15:39,43,W+R,0,False,False,False,B,-0.88,17.6693,90000
2023-05-29 11:15:57,51,W+R,0,False,False,False,B,-0.88,17.7292,90000
2023-05-29 11:16:10,43,W+R,0,False,False,False,B,-0.88,17.7286,90000
2023-05-29 11:16:28,56,B+R,0,False,False,False,W,-0.88,17.6997,90000
2023-05-29 11:16:43,42,B+R,0,False,False,False,W,-0.88,17.718,90000
2023-05-29 11:16:57,43,W+R,0,False,False,False,B,-0.88,17.719,90000
2023-05-29 11:17:27,90,B+R,3,False,False,False,W,-0.88,17.8846,90000
2023-05-29 11:17:39,43,W+R,0,False,False,False,B,-0.88,17.8625,90000
2023-05-29 11:18:17,145,W+3.5,33,True,True,False,B,-0.88,18.1166,90000
2023-05-29 11:18:31,45,W+R,1,False,False,False,B,-0.88,18.0618,90000
2023-05-29 11:18:52,62,B+R,0,False,False,False,W,-0.88,17.8466,90000
2023-05-29 11:19:05,43,W+R,0,False,False,False,B,-0.88,17.8413,90000
2023-05-29 11:19:35,83,W+R,5,False,False,False,B,-0.88,17.9511,90000
2023-05-29 11:19:48,43,W+R,0,False,False,False,B,-0.88,17.8221,90000
2023-05-29 11:20:00,43,W+R,0,False,False,False,B,-0.88,17.8259,90000
2023-05-29 11:20:19,61,W+R,0,False,False,False,B,-0.88,17.8916,90000
2023-05-29 11:20:48,91,B+3.5,11,True,True,False,W,-0.88,18.0417,90000
2023-05-29 11:21:10,71,W+R,0,False,False,False,B,-0.88,18.1366,90000
2023-05-29 11:21:38,96,B+R,10,False,False,False,W,-0.88,18.2945,90000
2023-05-29 11:21:52,43,W+R,0,False,False,False,B,-0.88,18.2641,90000
2023-05-29 11:22:07,47,W+R,0,False,False,False,B,-0.88,18.0004,90000
2023-05-29 11:22:26,57,W+R,0,False,False,False,B,-0.88,17.9424,90000
2023-05-29 11:22:43,52,B+R,1,False,False,False,W,-0.88,17.9886,90000
2023-05-29 11:22:56,43,W+R,0,False,False,False,B,-0.88,17.9939,90000
2023-05-29 11:23:28,91,B+0.5,8,True,True,False,W,-0.88,18.0374,90000
2023-05-29 11:23:46,55,W+R,0,False,False,False,B,-0.88,18.0818,90000
2023-05-29 11:23:58,43,W+R,0,False,False,False,B,-0.88,18.0734,90000
2023-05-29 11:24:10,43,W+R,0,False,False,False,B,-0.88,17.9951,90000
2023-05-29 11:24:21,43,W+R,1,False,False,False,B,-0.88,17.9323,90000
2023-05-29 11:24:35,45,W+R,0,False,False,False,B,-0.88,17.9235,90000
2023-05-29 11:24:58,74,W+0.5,4,False,False,False,,-0.88,17.9909,90000
2023-05-29 11:25:11,43,W+R,0,False,False,False,B,-0.88,17.8102,90000
2023-05-29 11:25:23,43,W+R,0,False,False,False,B,-0.88,17.4974,90000
2023-05-29 11:26:41,45,W+R,0,False,False,False,B,-0.88,17.4904,91000
2023-05-29 11:27:08,97,W+2.5,13,True,True,False,B,-0.88,17.6339,91000
2023-05-29 11:27:23,52,B+R,0,False,False,False,W,-0.88,17.6483,91000
2023-05-29 11:27:37,43,W+R,0,False,False,False,B,-0.88,17.5265,91000
2023-05-29 11:27:48,43,W+R,0,False,False,False,B,-0.88,17.2948,91000
2023-05-29 11:28:18,119,W+5.5,17,True,True,False,B,-0.88,17.4708,91000
2023-05-29 11:28:32,43,W+R,0,False,False,False,B,-0.88,17.4881,91000
2023-05-29 11:28:46,42,B+R,0,False,False,False,W,-0.88,17.4915,91000
2023-05-29 11:28:57,43,W+R,0,False,False,False,B,-0.88,17.4819,91000
2023-05-29 11:29:09,43,W+R,0,False,False,False,B,-0.88,17.4631,91000
2023-05-29 11:29:21,43,W+R,0,False,False,False,B,-0.88,17.4651,91000
2023-05-29 11:29:54,89,W+R,7,False,False,False,B,-0.88,17.659,91000
2023-05-29 11:30:14,68,B+R,0,False,False,False,W,-0.88,17.7334,91000
2023-05-29 11:30:25,43,W+R,3,False,False,False,B,-0.88,17.7201,91000
2023-05-29 11:30:50,99,W+4.5,12,True,True,False,B,-0.88,17.7859,91000
2023-05-29 11:31:03,43,W+R,0,False,False,False,B,-0.88,17.6762,91000
2023-05-29 11:31:19,51,W+R,0,False,False,False,B,-0.88,17.6161,91000
2023-05-29 11:31:34,52,B+R,1,False,False,False,W,-0.88,17.6288,91000
2023-05-29 11:31:46,43,W+R,0,False,False,False,B,-0.88,17.6258,91000
2023-05-29 11:31:59,43,W+R,0,False,False,False,B,-0.88,17.637,91000
2023-05-29 11:32:18,57,W+R,0,False,False,False,B,-0.88,17.6279,91000
2023-05-29 11:32:33,43,W+R,1,False,False,False,B,-0.88,17.6464,91000
2023-05-29 11:32:46,43,W+R,1,False,False,False,B,-0.88,17.6204,91000
2023-05-29 11:33:02,47,W+R,0,False,False,False,B,-0.88,17.6345,91000
2023-05-29 11:33:16,43,W+R,0,False,False,False,B,-0.88,17.6497,91000
2023-05-29 11:33:30,43,W+R,6,False,False,False,B,-0.88,17.6505,91000
2023-05-29 11:33:40,43,W+R,0,False,False,False,B,-0.88,17.623,91000
2023-05-29 11:34:03,92,B+3.5,12,True,True,False,W,-0.88,17.7366,91000
2023-05-29 11:34:17,43,W+R,0,False,False,False,B,-0.88,17.6914,91000
2023-05-29 11:34:36,60,B+R,1,False,False,False,W,-0.88,17.7465,91000
2023-05-29 11:34:49,43,W+R,0,False,False,False,B,-0.88,17.7387,91000
2023-05-29 11:35:05,47,W+R,0,False,False,False,B,-0.88,17.6142,91000
2023-05-29 11:35:15,43,W+R,0,False,False,False,B,-0.88,17.4491,91000
2023-05-29 11:35:29,43,W+R,0,False,False,False,B,-0.88,17.467,91000
2023-05-29 11:35:52,73,W+R,4,False,False,False,B,-0.88,17.5701,91000
2023-05-29 11:36:19,80,W+0.5,5,False,False,False,,-0.88,17.5899,91000
2023-05-29 11:36:29,43,W+R,0,False,False,False,B,-0.88,17.394,91000
2023-05-29 11:36:47,60,B+R,1,False,False,False,W,-0.88,17.3478,91000
2023-05-29 11:37:27,153,W+R,35,False,False,False,B,-0.88,17.6208,91000
2023-05-29 11:37:41,48,B+R,0,False,False,False,W,-0.88,17.6135,91000
2023-05-29 11:37:55,42,B+R,0,False,False,False,W,-0.88,17.6062,91000
2023-05-29 11:38:13,57,W+R,0,False,False,False,B,-0.88,17.6558,91000
2023-05-29 11:38:26,43,W+R,0,False,False,False,B,-0.88,17.5699,91000
2023-05-29 11:38:41,68,B+R,0,False,False,False,W,-0.88,17.5815,91000
2023-05-29 11:38:52,43,W+R,0,False,False,False,B,-0.88,17.4825,91000
2023-05-29 11:40:03,49,W+R,0,False,False,False,B,-0.88,17.3479,92000
2023-05-29 11:40:21,63,W+R,0,False,False,False,B,-0.88,17.4057,92000
2023-05-29 11:40:33,42,B+R,0,False,False,False,W,-0.88,17.3826,92000
2023-05-29 11:40:46,43,W+R,0,False,False,False,B,-0.88,17.3265,92000
2023-05-29 11:41:22,113,W+1.5,17,True,True,False,B,-0.88,17.3194,92000
2023-05-29 11:41:41,57,W+R,0,False,False,False,B,-0.88,17.3459,92000
2023-05-29 11:42:00,56,B+R,0,False,False,False,W,-0.88,17.4167,92000
2023-05-29 11:42:15,44,B+R,0,False,False,False,W,-0.88,17.4266,92000
2023-05-29 11:42:29,43,W+R,0,False,False,False,B,-0.88,17.3057,92000
2023-05-29 11:42:46,59,W+R,0,False,False,False,B,-0.88,17.3027,92000
2023-05-29 11:42:59,43,W+R,0,False,False,False,B,-0.88,17.3259,92000
2023-05-29 11:43:11,43,W+R,0,False,False,False,B,-0.88,17.2706,92000
2023-05-29 11:43:54,162,W+5.5,38,True,True,False,B,-0.88,17.3056,92000
2023-05-29 11:44:18,72,B+R,0,False,False,False,W,-0.88,17.3943,92000
2023-05-29 11:44:58,132,B+6.5,25,True,True,False,W,-0.88,17.6466,92000
2023-05-29 11:45:50,159,W+R,35,False,False,False,B,-0.88,17.8055,92000
2023-05-29 11:46:00,52,B+R,0,False,False,False,W,-0.88,17.7621,92000
2023-05-29 11:46:12,43,W+R,0,False,False,False,B,-0.88,17.7353,92000
2023-05-29 11:46:24,44,B+R,0,False,False,False,W,-0.88,17.7387,92000
2023-05-29 11:46:37,42,B+R,0,False,False,False,W,-0.88,17.7561,92000
2023-05-29 11:47:17,162,W+10.5,17,True,True,False,B,-0.88,18.0195,92000
2023-05-29 11:47:29,42,B+R,0,False,False,False,W,-0.88,17.9633,92000
2023-05-29 11:47:38,43,W+R,0,False,False,False,B,-0.88,17.9257,92000
2023-05-29 11:47:51,43,W+R,0,False,False,False,B,-0.88,17.8769,92000
2023-05-29 11:48:02,43,W+R,1,False,False,False,B,-0.88,17.8433,92000
2023-05-29 11:48:14,43,W+R,0,False,False,False,B,-0.88,17.8168,92000
2023-05-29 11:48:25,43,W+R,0,False,False,False,B,-0.88,17.6312,92000
2023-05-29 11:48:43,53,W+R,0,False,False,False,B,-0.88,17.6869,92000
2023-05-29 11:48:56,43,W+R,0,False,False,False,B,-0.88,17.4347,92000
2023-05-29 11:49:12,47,W+R,0,False,False,False,B,-0.88,17.4506,92000
2023-05-29 11:49:29,55,W+R,0,False,False,False,B,-0.88,17.4204,92000
2023-05-29 11:49:52,76,B+8.5,6,True,True,False,W,-0.88,17.5163,92000
2023-05-29 11:50:14,68,B+R,0,False,False,False,W,-0.88,17.4418,92000
2023-05-29 11:50:27,43,W+R,1,False,False,False,B,-0.88,17.4336,92000
2023-05-29 11:50:40,44,B+R,0,False,False,False,W,-0.88,17.4511,92000
2023-05-29 11:50:54,42,B+R,0,False,False,False,W,-0.88,17.3911,92000
2023-05-29 11:51:07,43,W+R,0,False,False,False,B,-0.88,17.2365,92000
2023-05-29 11:51:20,43,W+R,0,False,False,False,B,-0.88,17.1443,92000
2023-05-29 11:51:42,70,B+R,0,False,False,False,W,-0.88,17.0853,92000
2023-05-29 11:51:55,50,B+R,0,False,False,False,W,-0.88,17.079,92000
2023-05-29 11:53:08,43,W+R,0,False,False,False,B,-0.88,16.9757,93000
2023-05-29 11:53:22,42,B+R,0,False,False,False,W,-0.88,16.9416,93000
2023-05-29 11:53:38,56,B+R,4,False,False,False,W,-0.88,16.9723,93000
2023-05-29 11:53:53,43,W+R,0,False,False,False,B,-0.88,16.7991,93000
2023-05-29 11:54:05,43,W+R,0,False,False,False,B,-0.88,16.7495,93000
2023-05-29 11:54:22,59,W+R,0,False,False,False,B,-0.88,16.7958,93000
2023-05-29 11:54:46,72,B+R,0,False,False,False,W,-0.88,16.911,93000
2023-05-29 11:55:05,56,B+R,0,False,False,False,W,-0.88,16.9959,93000
2023-05-29 11:55:14,43,W+R,1,False,False,False,B,-0.88,16.942,93000
2023-05-29 11:55:23,42,B+R,0,False,False,False,W,-0.88,16.8089,93000
2023-05-29 11:55:32,43,W+R,2,False,False,False,B,-0.88,16.7685,93000
2023-05-29 11:55:52,60,B+R,0,False,False,False,W,-0.88,16.8382,93000
2023-05-29 11:56:05,44,B+R,0,False,False,False,W,-0.88,16.8343,93000
2023-05-29 11:56:18,43,W+R,0,False,False,False,B,-0.88,16.8234,93000
2023-05-29 11:56:30,43,W+R,0,False,False,False,B,-0.88,16.6722,93000
2023-05-29 11:56:44,45,W+R,0,False,False,False,B,-0.88,16.6639,93000
2023-05-29 11:56:57,43,W+R,0,False,False,False,B,-0.88,16.6554,93000
2023-05-29 11:57:09,43,W+R,0,False,False,False,B,-0.88,16.6617,93000
2023-05-29 11:57:29,63,W+R,0,False,False,False,B,-0.88,16.5628,93000
2023-05-29 11:57:45,42,B+R,0,False,False,False,W,-0.88,16.5807,93000
2023-05-29 11:58:09,68,B+R,2,False,False,False,W,-0.88,16.6895,93000
2023-05-29 11:58:21,42,B+R,0,False,False,False,W,-0.88,16.692,93000
2023-05-29 11:58:33,43,W+R,0,False,False,False,B,-0.88,16.6888,93000
2023-05-29 11:58:56,87,W+R,4,False,False,False,B,-0.88,16.8044,93000
2023-05-29 11:59:08,43,W+R,0,False,False,False,B,-0.88,16.5982,93000
2023-05-29 11:59:39,107,B+0.5,13,True,True,False,W,-0.88,16.7079,93000
2023-05-29 11:59:52,43,W+R,0,False,False,False,B,-0.88,16.726,93000
2023-05-29 12:00:18,94,B+R,4,False,False,False,W,-0.88,16.7373,93000
2023-05-29 12:00:32,43,W+R,0,False,False,False,B,-0.88,16.7478,93000
2023-05-29 12:00:58,79,W+3.5,12,True,True,False,B,-0.88,16.8452,93000
2023-05-29 12:01:12,43,W+R,0,False,False,False,B,-0.88,16.8375,93000
2023-05-29 12:01:24,42,B+R,0,False,False,False,W,-0.88,16.838,93000
2023-05-29 12:02:00,110,B+6.5,10,True,True,False,W,-0.88,17.0721,93000
2023-05-29 12:02:12,43,W+R,1,False,False,False,B,-0.88,16.9858,93000
2023-05-29 12:02:23,43,W+R,1,False,False,False,B,-0.88,16.9508,93000
2023-05-29 12:02:47,68,B+R,0,False,False,False,W,-0.88,17.0594,93000
2023-05-29 12:03:00,42,B+R,0,False,False,False,W,-0.88,17.0355,93000
2023-05-29 12:03:12,43,W+R,0,False,False,False,B,-0.88,17.0141,93000
2023-05-29 12:03:23,43,W+R,0,False,False,False,B,-0.88,16.9911,93000
2023-05-29 12:03:34,43,W+R,0,False,False,False,B,-0.88,17.0027,93000
2023-05-29 12:04:12,125,B+1.5,19,True,True,False,W,-0.88,17.1424,93000
2023-05-29 12:04:31,59,W+R,0,False,False,False,B,-0.88,17.1954,93000
2023-05-29 12:05:08,116,W+3.5,18,True,True,False,B,-0.88,17.3824,93000
2023-05-29 12:05:21,45,W+R,0,False,False,False,B,-0.88,17.3785,93000
2023-05-29 12:06:54,101,W+4.5,19,True,True,False,B,-0.88,17.5804,94000
2023-05-29 12:07:06,43,W+R,2,False,False,False,B,-0.88,17.5677,94000
2023-05-29 12:07:19,42,B+R,0,False,False,False,W,-0.88,17.4599,94000
2023-05-29 12:07:35,48,B+R,0,False,False,False,W,-0.88,17.3532,94000
2023-05-29 12:07:57,69,W+R,0,False,False,False,B,-0.88,17.4725,94000
2023-05-29 12:08:10,42,B+R,0,False,False,False,W,-0.88,17.4255,94000
2023-05-29 12:08:23,43,W+R,0,False,False,False,B,-0.88,17.1617,94000
2023-05-29 12:08:43,71,W+R,0,False,False,False,B,-0.88,17.2145,94000
2023-05-29 12:08:56,43,W+R,0,False,False,False,B,-0.88,17.2044,94000
2023-05-29 12:09:08,43,W+R,0,False,False,False,B,-0.88,17.1429,94000
2023-05-29 12:09:21,43,W+R,0,False,False,False,B,-0.88,17.1385,94000
2023-05-29 12:09:31,43,W+R,0,False,False,False,B,-0.88,17.0916,94000
2023-05-29 12:09:43,60,B+R,1,False,False,False,W,-0.88,17.1042,94000
2023-05-29 12:10:02,70,W+6.5,4,True,True,False,B,-0.88,17.1863,94000
2023-05-29 12:10:15,43,W+R,0,False,False,False,B,-0.88,17.1592,94000
2023-05-29 12:10:45,95,W+1.5,11,True,True,False,B,-0.88,17.2846,94000
2023-05-29 12:11:06,63,W+R,0,False,False,False,B,-0.88,17.3709,94000
2023-05-29 12:11:19,43,W+R,0,False,False,False,B,-0.88,17.3787,94000
2023-05-29 12:11:32,43,W+R,0,False,False,False,B,-0.88,17.1489,94000
2023-05-29 12:11:46,43,W+R,0,False,False,False,B,-0.88,17.0955,94000
2023-05-29 12:11:59,43,W+R,0,False,False,False,B,-0.88,17.0344,94000
2023-05-29 12:12:09,43,W+R,0,False,False,False,B,-0.88,16.991,94000
2023-05-29 12:12:22,43,W+R,0,False,False,False,B,-0.88,16.9819,94000
2023-05-29 12:12:39,49,W+R,0,False,False,False,B,-0.88,16.9769,94000
2023-05-29 12:12:48,43,W+R,0,False,False,False,B,-0.88,16.9442,94000
2023-05-29 12:13:01,46,B+R,0,False,False,False,W,-0.88,16.9395,94000
2023-05-29 12:13:13,42,B+R,0,False,False,False,W,-0.88,16.6399,94000
2023-05-29 12:13:26,42,B+R,0,False,False,False,W,-0.88,16.5251,94000
2023-05-29 12:13:37,43,W+R,0,False,False,False,B,-0.88,16.2372,94000
2023-05-29 12:13:47,43,W+R,0,False,False,False,B,-0.88,15.8171,94000
2023-05-29 12:14:08,92,W+2.5,12,True,True,False,B,-0.88,15.9286,94000
2023-05-29 12:14:19,43,W+R,2,False,False,False,B,-0.88,15.9088,94000
2023-05-29 12:14:35,51,W+R,0,False,False,False,B,-0.88,15.9613,94000
2023-05-29 12:14:50,43,W+R,0,False,False,False,B,-0.88,15.9718,94000
2023-05-29 12:15:03,43,W+R,0,False,False,False,B,-0.88,15.7088,94000
2023-05-29 12:15:16,43,W+R,0,False,False,False,B,-0.88,15.7207,94000
2023-05-29 12:15:29,43,W+R,0,False,False,False,B,-0.88,15.7622,94000
2023-05-29 12:15:44,42,B+R,0,False,False,False,W,-0.88,15.7712,94000
2023-05-29 12:15:56,43,W+R,0,False,False,False,B,-0.88,15.7797,94000
2023-05-29 12:16:08,43,W+R,0,False,False,False,B,-0.88,15.7826,94000
2023-05-29 12:16:27,61,W+R,0,False,False,False,B,-0.88,15.8581,94000
2023-05-29 12:16:40,43,W+R,0,False,False,False,B,-0.88,15.8184,94000
2023-05-29 12:16:54,43,W+R,0,False,False,False,B,-0.88,15.8218,94000
2023-05-29 12:17:12,65,W+R,0,False,False,False,B,-0.88,15.8477,94000
2023-05-29 12:17:31,58,B+R,0,False,False,False,W,-0.88,15.8691,94000
2023-05-29 12:17:45,43,W+R,0,False,False,False,B,-0.88,15.7734,94000
2023-05-29 12:17:58,43,W+R,0,False,False,False,B,-0.88,15.6829,94000
2023-05-29 12:18:12,43,W+R,0,False,False,False,B,-0.88,15.6994,94000
2023-05-29 12:19:38,43,W+R,0,False,False,False,B,-0.88,15.8606,95000
2023-05-29 12:19:49,43,W+R,0,False,False,False,B,-0.88,15.8353,95000
2023-05-29 12:20:00,50,B+R,0,False,False,False,W,-0.88,15.8178,95000
2023-05-29 12:20:18,66,B+1.5,5,True,True,True,B,-0.88,15.7809,95000
2023-05-29 12:20:42,64,B+R,0,False,False,False,W,-0.88,15.8874,95000
2023-05-29 12:21:01,60,B+R,0,False,False,False,W,-0.88,15.9437,95000
2023-05-29 12:21:18,53,W+R,0,False,False,False,B,-0.88,16.0047,95000
2023-05-29 12:21:33,65,W+R,3,False,False,False,B,-0.88,16.0282,95000
2023-05-29 12:21:46,43,W+R,0,False,False,False,B,-0.88,15.9891,95000
2023-05-29 12:22:00,43,W+R,0,False,False,False,B,-0.88,15.9823,95000
2023-05-29 12:22:10,43,W+R,0,False,False,False,B,-0.88,15.9563,95000
2023-05-29 12:22:35,87,W+0.5,10,True,True,False,B,-0.88,16.0337,95000
2023-05-29 12:22:46,43,W+R,0,False,False,False,B,-0.88,15.916,95000
2023-05-29 12:23:00,48,B+R,1,False,False,False,W,-0.88,15.8602,95000
2023-05-29 12:23:13,43,W+R,0,False,False,False,B,-0.88,15.8977,95000
2023-05-29 12:23:23,43,W+R,0,False,False,False,B,-0.88,15.9046,95000
2023-05-29 12:23:35,43,W+R,0,False,False,False,B,-0.88,15.935,95000
2023-05-29 12:23:47,43,W+R,0,False,False,False,B,-0.88,15.8663,95000
2023-05-29 12:24:05,58,B+R,0,False,False,False,W,-0.88,15.913,95000
2023-05-29 12:24:15,43,W+R,0,False,False,False,B,-0.88,15.8846,95000
2023-05-29 12:24:32,55,W+R,0,False,False,False,B,-0.88,15.9317,95000
2023-05-29 12:24:54,66,B+R,0,False,False,False,W,-0.88,16.0127,95000
2023-05-29 12:25:20,81,W+3.5,5,True,True,False,B,-0.88,16.1394,95000
2023-05-29 12:25:33,43,W+R,0,False,False,False,B,-0.88,16.1483,95000
2023-05-29 12:25:47,47,W+R,1,False,False,False,B,-0.88,16.0817,95000
2023-05-29 12:26:04,53,W+R,0,False,False,False,B,-0.88,16.1007,95000
2023-05-29 12:26:16,43,W+R,0,False,False,False,B,-0.88,15.9779,95000
2023-05-29 12:26:39,74,B+R,4,False,False,False,W,-0.88,16.0912,95000
2023-05-29 12:26:51,42,B+R,0,False,False,False,W,-0.88,16.0959,95000
2023-05-29 12:27:08,58,B+R,2,False,False,False,W,-0.88,16.0296,95000
2023-05-29 12:27:29,74,B+R,0,False,False,False,W,-0.88,16.1131,95000
2023-05-29 12:27:55,90,W+0.5,10,True,True,False,B,-0.88,16.0714,95000
2023-05-29 12:28:07,43,W+R,0,False,False,False,B,-0.88,16.059,95000
2023-05-29 12:28:19,43,W+R,0,False,False,False,B,-0.88,15.9128,95000
2023-05-29 12:28:43,86,W+2.5,9,True,True,False,B,-0.88,16.019,95000
2023-05-29 12:29:08,82,W+2.5,15,True,True,False,B,-0.88,16.0094,95000
2023-05-29 12:29:21,43,W+R,0,False,False,False,B,-0.88,15.993,95000
2023-05-29 12:29:46,74,B+R,0,False,False,False,W,-0.88,16.1303,95000
2023-05-29 12:30:18,89,W+R,2,False,False,False,B,-0.88,16.0825,95000
2023-05-29 12:30:44,89,W+5.5,11,True,True,False,B,-0.88,16.2339,95000
2023-05-29 12:30:57,43,W+R,0,False,False,False,B,-0.88,16.2521,95000
2023-05-29 12:31:18,59,W+R,0,False,False,False,B,-0.88,16.2206,95000
2023-05-29 12:31:33,59,B+1.5,2,False,False,False,,-0.88,16.2387,95000
2023-05-29 12:32:43,43,W+R,0,False,False,False,B,-0.88,16.2182,96000
2023-05-29 12:33:16,108,B+2.5,14,True,True,False,W,-0.88,16.4398,96000
2023-05-29 12:33:29,43,W+R,0,False,False,False,B,-0.88,16.1891,96000
2023-05-29 12:33:41,43,W+R,0,False,False,False,B,-0.88,16.1196,96000
2023-05-29 12:33:57,53,W+R,0,False,False,False,B,-0.88,15.9083,96000
2023-05-29 12:34:21,91,W+3.5,8,True,True,False,B,-0.88,16.0214,96000
2023-05-29 12:34:35,43,W+R,0,False,False,False,B,-0.88,15.9332,96000
2023-05-29 12:34:48,43,W+R,0,False,False,False,B,-0.88,15.8285,96000
2023-05-29 12:35:11,75,W+R,2,False,False,False,B,-0.88,15.9281,96000
2023-05-29 12:35:23,43,W+R,0,False,False,False,B,-0.88,15.9245,96000
2023-05-29 12:35:34,43,W+R,2,False,False,False,B,-0.88,15.8786,96000
2023-05-29 12:35:47,43,W+R,0,False,False,False,B,-0.88,15.7867,96000
2023-05-29 12:36:00,43,W+R,0,False,False,False,B,-0.88,15.7783,96000
2023-05-29 12:36:12,42,B+R,4,False,False,False,W,-0.88,15.7677,96000
2023-05-29 12:36:22,43,W+R,0,False,False,False,B,-0.88,15.6722,96000
2023-05-29 12:36:46,76,B+R,1,False,False,False,W,-0.88,15.7903,96000
2023-05-29 12:37:03,59,W+12.5,3,True,True,False,B,-0.88,15.8321,96000
2023-05-29 12:37:14,43,W+R,0,False,False,False,B,-0.88,15.8201,96000
2023-05-29 12:37:28,42,B+R,0,False,False,False,W,-0.88,15.8565,96000
2023-05-29 12:37:46,57,W+R,0,False,False,False,B,-0.88,15.9101,96000
2023-05-29 12:38:05,59,W+R,0,False,False,False,B,-0.88,15.9176,96000
2023-05-29 12:38:23,58,B+R,1,False,False,False,W,-0.88,15.9642,96000
2023-05-29 12:38:41,53,W+R,1,False,False,False,B,-0.88,15.8415,96000
2023-05-29 12:39:06,85,W+R,7,False,False,False,B,-0.88,15.8855,96000
2023-05-29 12:39:19,42,B+R,0,False,False,False,W,-0.88,15.881,96000
2023-05-29 12:39:32,43,W+R,0,False,False,False,B,-0.88,15.8804,96000
2023-05-29 12:39:51,64,B+R,0,False,False,False,W,-0.88,15.9262,96000
2023-05-29 12:40:04,42,B+R,0,False,False,False,W,-0.88,15.9332,96000
2023-05-29 12:40:17,43,W+R,0,False,False,False,B,-0.88,15.9594,96000
2023-05-29 12:40:52,134,W+1.5,30,True,True,False,B,-0.88,16.1775,96000
2023-05-29 12:41:04,42,B+R,0,False,False,False,W,-0.88,16.1355,96000
2023-05-29 12:41:25,65,W+0.5,4,False,False,False,,-0.88,16.2481,96000
2023-05-29 12:41:40,51,W+R,0,False,False,False,B,-0.88,16.273,96000
2023-05-29 12:41:55,49,W+R,0,False,False,False,B,-0.88,16.297,96000
2023-05-29 12:42:08,43,W+R,0,False,False,False,B,-0.88,16.3038,96000
2023-05-29 12:42:27,67,W+R,0,False,False,False,B,-0.88,16.3838,96000
2023-05-29 12:42:43,47,W+R,0,False,False,False,B,-0.88,16.4439,96000
2023-05-29 12:42:57,47,W+R,0,False,False,False,B,-0.88,16.3774,96000
2023-05-29 12:43:13,48,B+R,0,False,False,False,W,-0.88,16.4237,96000
2023-05-29 12:43:34,65,W+R,3,False,False,False,B,-0.88,16.4689,96000
2023-05-29 12:43:46,43,W+R,0,False,False,False,B,-0.88,16.4418,96000
2023-05-29 12:44:01,53,W+R,0,False,False,False,B,-0.88,16.4628,96000
2023-05-29 12:45:20,43,W+R,0,False,False,False,B,-0.88,16.4621,97000
2023-05-29 12:45:33,43,W+R,0,False,False,False,B,-0.88,16.4576,97000
2023-05-29 12:45:48,43,W+R,0,False,False,False,B,-0.88,16.4862,97000
2023-05-29 12:46:02,43,W+R,1,False,False,False,B,-0.88,16.5007,97000
2023-05-29 12:46:24,73,W+R,4,False,False,False,B,-0.88,16.5289,97000
2023-05-29 12:46:37,43,W+R,2,False,False,False,B,-0.88,16.5295,97000
2023-05-29 12:46:49,43,W+R,0,False,False,False,B,-0.88,16.5124,97000
2023-05-29 12:47:03,42,B+R,0,False,False,False,W,-0.88,16.4705,97000
2023-05-29 12:47:16,43,W+R,0,False,False,False,B,-0.88,16.4071,97000
2023-05-29 12:47:35,53,W+R,0,False,False,False,B,-0.88,16.4573,97000
2023-05-29 12:47:51,51,W+R,2,False,False,False,B,-0.88,16.491,97000
2023-05-29 12:48:20,76,B+R,3,False,False,False,W,-0.88,16.64,97000
2023-05-29 12:48:32,42,B+R,1,False,False,False,W,-0.88,16.4247,97000
2023-05-29 12:48:45,43,W+R,0,False,False,False,B,-0.88,16.4571,97000
2023-05-29 12:48:57,43,W+R,0,False,False,False,B,-0.88,16.4727,97000
2023-05-29 12:49:08,43,W+R,0,False,False,False,B,-0.88,16.4643,97000
2023-05-29 12:49:20,42,B+R,0,False,False,False,W,-0.88,16.4087,97000
2023-05-29 12:49:34,43,W+R,0,False,False,False,B,-0.88,16.3116,97000
2023-05-29 12:49:47,43,W+R,0,False,False,False,B,-0.88,16.2475,97000
2023-05-29 12:50:01,44,W+4.5,4,True,True,False,B,-0.88,16.2148,97000
2023-05-29 12:50:13,42,B+R,0,False,False,False,W,-0.88,16.1852,97000
2023-05-29 12:50:27,43,W+R,0,False,False,False,B,-0.88,16.1929,97000
2023-05-29 12:50:41,55,W+R,0,False,False,False,B,-0.88,16.1976,97000
2023-05-29 12:50:55,43,W+R,0,False,False,False,B,-0.88,16.234,97000
2023-05-29 12:51:17,71,W+R,0,False,False,False,B,-0.88,16.2145,97000
2023-05-29 12:51:40,66,W+0.5,2,False,False,False,,-0.88,16.3268,97000
2023-05-29 12:52:00,63,W+R,0,False,False,False,B,-0.88,16.3882,97000
2023-05-29 12:52:14,43,W+R,0,False,False,False,B,-0.88,16.3947,97000
2023-05-29 12:52:26,43,W+R,2,False,False,False,B,-0.88,16.4178,97000
2023-05-29 12:52:42,49,W+R,0,False,False,False,B,-0.88,16.4617,97000
2023-05-29 12:52:58,49,W+R,1,False,False,False,B,-0.88,16.4917,97000
2023-05-29 12:53:12,45,W+R,0,False,False,False,B,-0.88,16.4579,97000
2023-05-29 12:53:26,45,W+R,0,False,False,False,B,-0.88,16.4935,97000
2023-05-29 12:53:45,52,B+R,0,False,False,False,W,-0.88,16.5185,97000
2023-05-29 12:54:06,70,W+2.5,5,True,True,False,B,-0.88,16.5081,97000
2023-05-29 12:54:25,53,W+R,0,False,False,False,B,-0.88,16.4364,97000
2023-05-29 12:54:37,43,W+R,0,False,False,False,B,-0.88,16.425,97000
2023-05-29 12:54:53,51,W+R,0,False,False,False,B,-0.88,16.4478,97000
2023-05-29 12:55:07,42,B+R,0,False,False,False,W,-0.88,16.4191,97000
2023-05-29 12:55:17,43,W+R,1,False,False,False,B,-0.88,16.3914,97000
2023-05-29 12:55:28,43,W+R,0,False,False,False,B,-0.88,16.2747,97000
2023-05-29 12:55:42,43,W+R,2,False,False,False,B,-0.88,16.2936,97000
2023-05-29 12:56:06,84,W+2.5,7,True,True,False,B,-0.88,16.3646,97000
2023-05-29 12:56:19,42,B+R,0,False,False,False,W,-0.88,16.294,97000
2023-05-29 12:56:52,92,B+R,6,False,False,False,W,-0.88,16.3538,97000
2023-05-29 12:58:20,43,W+R,0,False,False,False,B,-0.88,16.4732,98000
2023-05-29 12:58:38,64,B+R,0,False,False,False,W,-0.88,16.411,98000
2023-05-29 12:58:55,57,W+R,0,False,False,False,B,-0.88,16.3357,98000
2023-05-29 12:59:08,43,W+R,0,False,False,False,B,-0.88,16.3358,98000
2023-05-29 12:59:17,43,W+R,0,False,False,False,B,-0.88,16.1689,98000
2023-05-29 12:59:51,162,W+3.5,32,True,True,False,B,-0.88,16.1902,98000
2023-05-29 12:59:59,43,W+R,0,False,False,False,B,-0.88,16.0132,98000
2023-05-29 13:00:08,43,W+R,0,False,False,False,B,-0.88,15.9625,98000
2023-05-29 13:00:20,50,B+R,0,False,False,False,W,-0.88,15.8759,98000
2023-05-29 13:00:39,60,B+R,0,False,False,False,W,-0.88,15.9251,98000
2023-05-29 13:00:54,53,W+R,0,False,False,False,B,-0.88,15.9777,98000
2023-05-29 13:01:07,43,W+R,0,False,False,False,B,-0.88,15.9854,98000
2023-05-29 13:01:19,42,B+R,0,False,False,False,W,-0.88,15.7709,98000
2023-05-29 13:02:03,162,W+0.5,31,True,True,False,B,-0.88,16.0933,98000
2023-05-29 13:02:14,43,W+R,1,False,False,False,B,-0.88,16.0838,98000
2023-05-29 13:02:28,43,W+R,0,False,False,False,B,-0.88,16.0544,98000
2023-05-29 13:02:54,74,B+R,0,False,False,False,W,-0.88,16.0718,98000
2023-05-29 13:03:05,43,W+R,1,False,False,False,B,-0.88,16.0512,98000
2023-05-29 13:03:17,42,B+R,0,False,False,False,W,-0.88,16.037,98000
2023-05-29 13:03:29,43,W+R,0,False,False,False,B,-0.88,15.9235,98000
2023-05-29 13:03:55,77,B+1.5,8,True,False,False,,-0.88,16.0638,98000
2023-05-29 13:04:06,43,W+R,0,False,False,False,B,-0.88,16.0667,98000
2023-05-29 13:04:21,43,W+R,0,False,False,False,B,-0.88,16.0877,98000
2023-05-29 13:04:34,42,B+R,0,False,False,False,W,-0.88,16.0954,98000
2023-05-29 13:05:01,76,B+R,3,False,False,False,W,-0.88,16.238,98000
2023-05-29 13:05:13,43,W+R,0,False,False,False,B,-0.88,16.2494,98000
2023-05-29 13:05:22,43,W+R,0,False,False,False,B,-0.88,16.1067,98000
2023-05-29 13:05:38,47,W+R,0,False,False,False,B,-0.88,16.0996,98000
2023-05-29 13:05:49,61,W+R,0,False,False,False,B,-0.88,16.0956,98000
2023-05-29 13:06:01,43,W+R,0,False,False,False,B,-0.88,16.0793,98000
2023-05-29 13:06:13,43,W+R,1,False,False,False,B,-0.88,16.0178,98000
2023-05-29 13:06:26,53,W+R,2,False,False,False,B,-0.88,15.9501,98000
2023-05-29 13:06:35,43,W+R,0,False,False,False,B,-0.88,15.873,98000
2023-05-29 13:06:49,42,B+R,0,False,False,False,W,-0.88,15.8203,98000
2023-05-29 13:07:13,72,B+R,6,False,False,False,W,-0.88,15.8196,98000
2023-05-29 13:07:26,43,W+R,0,False,False,False,B,-0.88,15.8125,98000
2023-05-29 13:07:48,73,W+R,0,False,False,False,B,-0.88,15.9046,98000
2023-05-29 13:08:00,43,W+R,0,False,False,False,B,-0.88,15.8409,98000
2023-05-29 13:08:14,51,W+R,0,False,False,False,B,-0.88,15.8492,98000
2023-05-29 13:08:26,47,W+R,0,False,False,False,B,-0.88,15.8381,98000
2023-05-29 13:08:44,50,B+R,0,False,False,False,W,-0.88,15.6668,98000
2023-05-29 13:09:15,97,W+R,6,False,False,False,B,-0.88,15.8522,98000
2023-05-29 13:09:32,50,B+R,0,False,False,False,W,-0.88,15.8204,98000
2023-05-29 13:09:52,55,W+R,0,False,False,False,B,-0.88,15.866,98000
2023-05-29 13:11:20,42,B+R,0,False,False,False,W,-0.88,15.9539,99000
2023-05-29 13:12:03,161,W+R,32,False,False,False,B,-0.88,16.1952,99000
2023-05-29 13:12:32,78,B+R,5,False,False,False,W,-0.88,16.3284,99000
2023-05-29 13:12:45,42,B+R,0,False,False,False,W,-0.88,16.3052,99000
2023-05-29 13:13:07,62,B+R,0,False,False,False,W,-0.88,16.3692,99000
2023-05-29 13:13:16,43,W+R,0,False,False,False,B,-0.88,16.2507,99000
2023-05-29 13:13:29,43,W+R,0,False,False,False,B,-0.88,16.2693,99000
2023-05-29 13:13:42,42,B+R,0,False,False,False,W,-0.88,16.247,99000
2023-05-29 13:13:56,43,W+R,0,False,False,False,B,-0.88,16.263,99000
2023-05-29 13:14:14,71,B+4.5,3,True,True,False,W,-0.88,16.3017,99000
2023-05-29 13:14:27,43,W+R,0,False,False,False,B,-0.88,16.2877,99000
2023-05-29 13:14:41,42,B+R,0,False,False,False,W,-0.88,16.275,99000
2023-05-29 13:15:10,103,W+3.5,17,True,True,False,B,-0.88,16.4333,99000
2023-05-29 13:15:34,74,W+10.5,6,True,True,False,B,-0.88,16.4555,99000
2023-05-29 13:16:26,154,B+2.5,17,True,True,False,W,-0.88,16.8435,99000
2023-05-29 13:16:40,42,B+R,0,False,False,False,W,-0.88,16.8665,99000
2023-05-29 13:16:53,43,W+R,0,False,False,False,B,-0.88,16.8533,99000
2023-05-29 13:17:05,43,W+R,0,False,False,False,B,-0.88,16.8429,99000
2023-05-29 13:17:20,47,W+R,0,False,False,False,B,-0.88,16.8056,99000
2023-05-29 13:17:40,55,W+R,0,False,False,False,B,-0.88,16.8379,99000
2023-05-29 13:18:03,77,W+1.5,4,True,True,False,B,-0.88,16.7792,99000
2023-05-29 13:18:24,71,W+R,1,False,False,False,B,-0.88,16.8792,99000
2023-05-29 13:18:40,47,W+R,0,False,False,False,B,-0.88,16.9056,99000
2023-05-29 13:18:55,43,W+R,0,False,False,False,B,-0.88,16.9347,99000
2023-05-29 13:19:16,64,B+R,0,False,False,False,W,-0.88,17.0384,99000
2023-05-29 13:19:31,45,W+R,0,False,False,False,B,-0.88,17.0649,99000
2023-05-29 13:19:44,43,W+R,0,False,False,False,B,-0.88,17.0541,99000
2023-05-29 13:20:00,49,W+R,0,False,False,False,B,-0.88,17.0808,99000
2023-05-29 13:20:15,49,W+R,0,False,False,False,B,-0.88,17.098,99000
2023-05-29 13:20:29,46,B+R,0,False,False,False,W,-0.88,17.1099,99000
2023-05-29 13:20:41,42,B+R,0,False,False,False,W,-0.88,17.1004,99000
2023-05-29 13:21:16,162,W+6.5,34,True,True,False,B,-0.88,17.3092,99000
2023-05-29 13:21:30,43,W+R,0,False,False,False,B,-0.88,17.3083,99000
2023-05-29 13:21:41,43,W+R,0,False,False,False,B,-0.88,17.1972,99000
2023-05-29 13:22:01,62,B+R,1,False,False,False,W,-0.88,17.1646,99000
2023-05-29 13:22:14,43,W+R,0,False,False,False,B,-0.88,17.095,99000
2023-05-29 13:22:35,73,W+R,1,False,False,False,B,-0.88,17.1652,99000
2023-05-29 13:22:54,62,B+R,0,False,False,False,W,-0.88,17.2301,99000
2023-05-29 13:24:13,71,W+5.5,4,True,True,False,B,-0.88,17.2279,100000
2023-05-29 13:24:25,43,W+R,0,False,False,False,B,-0.88,17.2086,100000
2023-05-29 13:24:39,43,W+R,0,False,False,False,B,-0.88,17.207,100000
2023-05-29 13:24:52,44,B+R,0,False,False,False,W,-0.88,17.144,100000
2023-05-29 13:25:16,74,B+R,0,False,False,False,W,-0.88,17.1721,100000
2023-05-29 13:25:27,42,B+R,0,False,False,False,W,-0.88,17.1024,100000
2023-05-29 13:25:40,43,W+R,0,False,False,False,B,-0.88,17.1152,100000
2023-05-29 13:25:52,43,W+R,1,False,False,False,B,-0.88,17.0764,100000
2023-05-29 13:26:04,43,W+R,0,False,False,False,B,-0.88,17.0445,100000
2023-05-29 13:26:16,43,W+R,0,False,False,False,B,-0.88,17.0689,100000
2023-05-29 13:26:37,67,W+R,0,False,False,False,B,-0.88,17.173,100000
2023-05-29 13:26:51,43,W+R,0,False,False,False,B,-0.88,17.1742,100000
2023-05-29 13:27:05,43,W+R,1,False,False,False,B,-0.88,17.0635,100000
2023-05-29 13:27:28,76,B+R,0,False,False,False,W,-0.88,17.1658,100000
2023-05-29 13:28:02,103,W+2.5,12,True,True,False,B,-0.88,17.1831,100000
2023-05-29 13:28:14,46,B+R,0,False,False,False,W,-0.88,17.061,100000
2023-05-29 13:28:22,43,W+R,2,False,False,False,B,-0.88,17.0293,100000
2023-05-29 13:28:37,53,W+R,1,False,False,False,B,-0.88,16.9998,100000
2023-05-29 13:29:00,68,B+R,3,False,False,False,W,-0.88,17.0529,100000
2023-05-29 13:29:13,42,B+R,0,False,False,False,W,-0.88,17.0574,100000
2023-05-29 13:29:29,45,W+R,0,False,False,False,B,-0.88,17.1226,100000
2023-05-29 13:29:42,43,W+R,0,False,False,False,B,-0.88,16.918,100000
2023-05-29 13:29:57,57,W+R,5,False,False,False,B,-0.88,16.9783,100000
2023-05-29 13:30:09,43,W+R,0,False,False,False,B,-0.88,17.0173,100000
2023-05-29 13:30:23,42,B+R,0,False,False,False,W,-0.88,17.0453,100000
2023-05-29 13:30:41,53,W+R,0,False,False,False,B,-0.88,17.0205,100000
2023-05-29 13:31:01,67,W+0.5,4,False,False,False,,-0.88,17.0802,100000
2023-05-29 13:31:16,44,B+R,0,False,False,False,W,-0.88,17.0964,100000
2023-05-29 13:31:28,43,W+R,1,False,False,False,B,-0.88,17.1047,100000
2023-05-29 13:31:52,71,W+R,2,False,False,False,B,-0.88,16.892,100000
2023-05-29 13:32:05,43,W+R,1,False,False,False,B,-0.88,16.914,100000
2023-05-29 13:32:18,43,W+R,0,False,False,False,B,-0.88,16.9132,100000
2023-05-29 13:32:44,78,W+2.5,8,True,True,False,B,-0.88,16.909,100000
2023-05-29 13:32:56,43,W+R,0,False,False,False,B,-0.88,16.9158,100000
2023-05-29 13:33:10,42,B+R,0,False,False,False,W,-0.88,16.9332,100000
2023-05-29 13:33:42,109,W+3.5,14,True,True,False,B,-0.88,17.14,100000
2023-05-29 13:33:52,42,B+R,0,False,False,False,W,-0.88,16.9808,100000
2023-05-29 13:34:08,53,W+R,0,False,False,False,B,-0.88,17.027,100000
2023-05-29 13:34:22,43,W+R,1,False,False,False,B,-0.88,17.0136,100000
2023-05-29 13:34:37,48,W+0.5,3,False,False,False,,-0.88,17.028,100000
2023-05-29 13:34:57,54,B+R,0,False,False,False,W,-0.88,16.9627,100000
2023-05-29 13:35:22,76,W+0.5,6,False,False,False,,-0.88,17.105,100000
2023-05-29 13:35:35,43,W+R,3,False,False,False,B,-0.88,17.1335,100000
2023-05-29 13:37:21,86,B+R,0,False,False,False,W,-0.88,17.4655,101000
2023-05-29 13:37:36,43,W+R,0,False,False,False,B,-0.88,17.4964,101000
2023-05-29 13:37:50,43,W+R,0,False,False,False,B,-0.88,17.5162,101000
2023-05-29 13:38:05,47,W+R,0,False,False,False,B,-0.88,17.542,101000
2023-05-29 13:38:18,43,W+R,0,False,False,False,B,-0.88,17.567,101000
2023-05-29 13:38:41,77,W+R,2,False,False,False,B,-0.88,17.6703,101000
2023-05-29 13:39:13,99,W+R,12,False,False,False,B,-0.88,17.7439,101000
2023-05-29 13:39:28,43,W+R,0,False,False,False,B,-0.88,17.7633,101000
2023-05-29 13:39:41,43,W+R,0,False,False,False,B,-0.88,17.6781,101000
2023-05-29 13:39:55,43,W+R,0,False,False,False,B,-0.88,17.6953,101000
2023-05-29 13:40:13,60,B+R,0,False,False,False,W,-0.88,17.7356,101000
2023-05-29 13:40:40,105,B+5.5,10,True,True,False,W,-0.88,17.8834,101000
2023-05-29 13:40:50,43,W+R,0,False,False,False,B,-0.88,17.8131,101000
2023-05-29 13:41:08,71,W+R,2,False,False,False,B,-0.88,17.6774,101000
2023-05-29 13:41:21,43,W+R,0,False,False,False,B,-0.88,17.6306,101000
2023-05-29 13:41:33,43,W+R,0,False,False,False,B,-0.88,17.5539,101000
2023-05-29 13:41:51,61,W+R,3,False,False,False,B,-0.88,17.5169,101000
2023-05-29 13:42:02,43,W+R,1,False,False,False,B,-0.88,17.4868,101000
2023-05-29 13:42:15,43,W+R,0,False,False,False,B,-0.88,17.1795,101000
2023-05-29 13:42:28,47,W+R,0,False,False,False,B,-0.88,17.0165,101000
2023-05-29 13:42:47,68,B+R,9,False,False,False,W,-0.88,17.0881,101000
2023-05-29 13:43:00,43,W+R,2,False,False,False,B,-0.88,16.9995,101000
2023-05-29 13:43:12,43,W+R,0,False,False,False,B,-0.88,17.0291,101000
2023-05-29 13:43:23,43,W+R,0,False,False,False,B,-0.88,16.9934,101000
2023-05-29 13:43:32,43,W+R,0,False,False,False,B,-0.88,16.9567,101000
2023-05-29 13:44:01,94,W+0.5,11,True,True,False,B,-0.88,17.1087,101000
2023-05-29 13:44:13,43,W+R,0,False,False,False,B,-0.88,17.0447,101000
2023-05-29 13:44:26,43,W+R,0,False,False,False,B,-0.88,17.0515,101000
2023-05-29 13:44:39,43,W+R,0,False,False,False,B,-0.88,17.0419,101000
2023-05-29 13:44:51,42,B+R,0,False,False,False,W,-0.88,16.8771,101000
2023-05-29 13:45:05,43,W+R,0,False,False,False,B,-0.88,16.7697,101000
2023-05-29 13:45:18,45,W+R,0,False,False,False,B,-0.88,16.3806,101000
2023-05-29 13:45:31,43,W+R,0,False,False,False,B,-0.88,16.3699,101000
2023-05-29 13:45:45,47,W+R,0,False,False,False,B,-0.88,16.3859,101000
2023-05-29 13:46:02,61,W+R,0,False,False,False,B,-0.88,16.4344,101000
2023-05-29 13:46:16,55,W+R,0,False,False,False,B,-0.88,16.4253,101000
2023-05-29 13:46:29,43,W+R,0,False,False,False,B,-0.88,16.3534,101000
2023-05-29 13:46:40,43,W+R,0,False,False,False,B,-0.88,16.241,101000
2023-05-29 13:47:01,69,W+R,2,False,False,False,B,-0.88,16.2265,101000
2023-05-29 13:47:17,50,B+R,0,False,False,False,W,-0.88,16.2323,101000
2023-05-29 13:47:34,56,B+R,0,False,False,False,W,-0.88,16.245,101000
2023-05-29 13:47:58,81,W+R,4,False,False,False,B,-0.88,16.2835,101000
2023-05-29 13:48:15,55,W+R,0,False,False,False,B,-0.88,16.2917,101000
2023-05-29 13:48:28,47,W+R,0,False,False,False,B,-0.88,16.3023,101000
2023-05-29 13:49:46,43,W+R,0,False,False,False,B,-0.88,16.2326,102000
2023-05-29 13:49:59,43,W+R,0,False,False,False,B,-0.88,16.221,102000
2023-05-29 13:50:11,43,W+R,0,False,False,False,B,-0.88,16.2203,102000
2023-05-29 13:50:25,44,B+R,0,False,False,False,W,-0.88,16.0113,102000
2023-05-29 13:50:37,43,W+R,0,False,False,False,B,-0.88,15.9946,102000
2023-05-29 13:50:49,43,W+R,0,False,False,False,B,-0.88,16.0022,102000
2023-05-29 13:51:10,66,B+R,0,False,False,False,W,-0.88,16.012,102000
2023-05-29 13:51:24,42,B+R,0,False,False,False,W,-0.88,16.027,102000
2023-05-29 13:51:38,43,W+R,0,False,False,False,B,-0.88,15.9532,102000
2023-05-29 13:51:56,63,W+R,2,False,False,False,B,-0.88,15.9434,102000
2023-05-29 13:52:10,45,W+R,0,False,False,False,B,-0.88,15.9596,102000
2023-05-29 13:52:23,43,W+R,0,False,False,False,B,-0.88,15.8981,102000
2023-05-29 13:53:06,159,B+1.5,31,True,True,False,W,-0.88,16.2032,102000
2023-05-29 13:53:15,43,W+R,0,False,False,False,B,-0.88,16.1586,102000
2023-05-29 13:53:28,43,W+R,0,False,False,False,B,-0.88,16.1539,102000
2023-05-29 13:53:41,42,B+R,0,False,False,False,W,-0.88,16.05,102000
2023-05-29 13:53:54,42,B+R,0,False,False,False,W,-0.88,16.0687,102000
2023-05-29 13:54:05,43,W+R,0,False,False,False,B,-0.88,16.0459,102000
2023-05-29 13:54:17,43,W+R,0,False,False,False,B,-0.88,16.0496,102000
2023-05-29 13:54:32,43,W+R,0,False,False,False,B,-0.88,16.0767,102000
2023-05-29 13:54:49,59,W+R,0,False,False,False,B,-0.88,16.1334,102000
2023-05-29 13:55:01,43,W+R,0,False,False,False,B,-0.88,16.0376,102000
2023-05-29 13:55:14,43,W+R,0,False,False,False,B,-0.88,16.021,102000
2023-05-29 13:55:26,47,W+R,0,False,False,False,B,-0.88,16.01,102000
2023-05-29 13:55:34,43,W+R,0,False,False,False,B,-0.88,15.857,102000
2023-05-29 13:55:58,66,B+R,0,False,False,False,W,-0.88,15.7536,102000
2023-05-29 13:56:15,57,W+R,0,False,False,False,B,-0.88,15.8153,102000
2023-05-29 13:56:35,61,W+R,0,False,False,False,B,-0.88,15.9256,102000
2023-05-29 13:56:49,43,W+R,0,False,False,False,B,-0.88,15.9128,102000
2023-05-29 13:57:01,43,W+R,1,False,False,False,B,-0.88,15.8093,102000
2023-05-29 13:57:16,59,W+R,0,False,False,False,B,-0.88,15.8281,102000
2023-05-29 13:57:29,43,W+R,0,False,False,False,B,-0.88,15.8019,102000
2023-05-29 13:57:52,67,W+R,0,False,False,False,B,-0.88,15.8936,102000
2023-05-29 13:58:06,43,W+R,2,False,False,False,B,-0.88,15.8894,102000
2023-05-29 13:58:16,42,B+R,0,False,False,False,W,-0.88,15.8753,102000
2023-05-29 13:58:29,43,W+R,3,False,False,False,B,-0.88,15.8503,102000
2023-05-29 13:58:41,43,W+R,0,False,False,False,B,-0.88,15.7999,102000
2023-05-29 13:58:54,43,W+R,0,False,False,False,B,-0.88,15.7257,102000
2023-05-29 13:59:07,43,W+R,0,False,False,False,B,-0.88,15.709,102000
2023-05-29 13:59:22,51,W+R,0,False,False,False,B,-0.88,15.7343,102000
2023-05-29 13:59:39,47,W+R,0,False,False,False,B,-0.88,15.6702,102000
2023-05-29 13:59:53,45,W+R,0,False,False,False,B,-0.88,15.6815,102000
2023-05-29 14:00:07,43,W+R,0,False,False,False,B,-0.88,15.6832,102000
2023-05-29 14:00:18,43,W+R,0,False,False,False,B,-0.88,15.5397,102000
2023-05-29 14:00:30,43,W+R,0,False,False,False,B,-0.88,15.5337,102000
2023-05-29 14:00:39,43,W+R,0,False,False,False,B,-0.88,15.4963,102000
2023-05-29 14:00:51,43,W+R,0,False,False,False,B,-0.88,15.2872,102000
2023-05-29 14:01:05,43,W+R,0,False,False,False,B,-0.88,15.3261,102000
2023-05-29 14:02:26,49,W+R,0,False,False,False,B,-0.88,15.367,103000
2023-05-29 14:02:49,92,W+3.5,7,True,True,False,B,-0.88,15.451,103000
2023-05-29 14:03:00,43,W+R,0,False,False,False,B,-0.88,15.3605,103000
2023-05-29 14:03:14,42,B+R,0,False,False,False,W,-0.88,15.2351,103000
2023-05-29 14:03:27,42,B+R,0,False,False,False,W,-0.88,15.2429,103000
2023-05-29 14:03:39,43,W+R,1,False,False,False,B,-0.88,15.0727,103000
2023-05-29 14:04:11,162,W+16.5,29,True,True,False,B,-0.88,15.0811,103000
2023-05-29 14:04:32,71,W+R,4,False,False,False,B,-0.88,15.1411,103000
2023-05-29 14:04:44,43,W+R,0,False,False,False,B,-0.88,15.1208,103000
2023-05-29 14:04:57,44,B+R,0,False,False,False,W,-0.88,15.1021,103000
2023-05-29 14:05:10,42,B+R,0,False,False,False,W,-0.88,15.1087,103000
2023-05-29 14:05:25,43,W+R,0,False,False,False,B,-0.88,15.0177,103000
2023-05-29 14:05:41,55,W+R,0,False,False,False,B,-0.88,14.8604,103000
2023-05-29 14:05:53,43,W+R,0,False,False,False,B,-0.88,14.8397,103000
2023-05-29 14:06:13,69,W+R,3,False,False,False,B,-0.88,14.9017,103000
2023-05-29 14:06:23,43,W+R,0,False,False,False,B,-0.88,14.8637,103000
2023-05-29 14:06:36,55,W+R,0,False,False,False,B,-0.88,14.8116,103000
2023-05-29 14:06:54,85,W+4.5,7,True,True,False,B,-0.88,14.7194,103000
2023-05-29 14:07:11,58,B+R,0,False,False,False,W,-0.88,14.7854,103000
2023-05-29 14:07:42,113,W+1.5,17,True,True,False,B,-0.88,14.9255,103000
2023-05-29 14:08:16,103,B+0.5,10,True,True,False,W,-0.88,15.1378,103000
2023-05-29 14:08:29,43,W+R,0,False,False,False,B,-0.88,15.1459,103000
2023-05-29 14:08:41,42,B+R,0,False,False,False,W,-0.88,15.0848,103000
2023-05-29 14:08:53,43,W+R,0,False,False,False,B,-0.88,15.0929,103000
2023-05-29 14:09:09,49,W+R,0,False,False,False,B,-0.88,15.1216,103000
2023-05-29 14:09:21,43,W+R,1,False,False,False,B,-0.88,15.116,103000
2023-05-29 14:09:52,93,W+3.5,6,True,True,False,B,-0.88,15.2266,103000
2023-05-29 14:10:20,86,B+R,6,False,False,False,W,-0.88,15.3838,103000
2023-05-29 14:10:34,43,W+R,1,False,False,False,B,-0.88,15.3957,103000
2023-05-29 14:10:46,43,W+R,0,False,False,False,B,-0.88,15.4192,103000
2023-05-29 14:11:13,87,B+1.5,5,True,True,False,W,-0.88,15.5951,103000
2023-05-29 14:11:27,47,W+R,0,False,False,False,B,-0.88,15.4429,103000
2023-05-29 14:11:38,43,W+R,0,False,False,False,B,-0.88,15.4305,103000
2023-05-29 14:11:52,43,W+R,0,False,False,False,B,-0.88,15.4417,103000
2023-05-29 14:12:04,43,W+R,1,False,False,False,B,-0.88,15.4334,103000
2023-05-29 14:12:17,43,W+R,0,False,False,False,B,-0.88,15.4417,103000
2023-05-29 14:12:30,43,W+R,0,False,False,False,B,-0.88,15.4383,103000
2023-05-29 14:12:57,107,W+14.5,11,True,True,False,B,-0.88,15.5741,103000
2023-05-29 14:13:11,47,W+R,0,False,False,False,B,-0.88,15.5804,103000
2023-05-29 14:13:33,65,B+1.5,3,True,False,False,,-0.88,15.6549,103000
2023-05-29 14:13:46,43,W+R,1,False,False,False,B,-0.88,15.6229,103000
2023-05-29 14:15:15,43,W+R,0,False,False,False,B,-0.88,15.7385,104000
2023-05-29 14:15:54,124,B+3.5,17,True,True,False,W,-0.88,16.01,104000
2023-05-29 14:16:06,42,B+R,0,False,False,False,W,-0.88,15.9317,104000
2023-05-29 14:16:24,61,W+R,1,False,False,False,B,-0.88,15.9424,104000
2023-05-29 14:16:38,42,B+R,0,False,False,False,W,-0.88,15.9149,104000
2023-05-29 14:16:54,57,W+R,0,False,False,False,B,-0.88,15.8346,104000
2023-05-29 14:17:06,45,W+R,0,False,False,False,B,-0.88,15.7956,104000
2023-05-29 14:17:18,43,W+R,0,False,False,False,B,-0.88,15.7701,104000
2023-05-29 14:17:37,73,W+15.5,5,True,True,False,B,-0.88,15.833,104000
2023-05-29 14:17:49,43,W+R,2,False,False,False,B,-0.88,15.8411,104000
2023-05-29 14:18:04,51,W+R,0,False,False,False,B,-0.88,15.8746,104000
2023-05-29 14:18:17,43,W+R,0,False,False,False,B,-0.88,15.8702,104000
2023-05-29 14:18:30,43,W+R,2,False,False,False,B,-0.88,15.8597,104000
2023-05-29 14:18:50,76,B+R,0,False,False,False,W,-0.88,15.9406,104000
2023-05-29 14:19:10,91,W+0.5,10,True,True,False,B,-0.88,16.0262,104000
2023-05-29 14:19:21,43,W+R,0,False,False,False,B,-0.88,15.9192,104000
2023-05-29 14:19:34,43,W+R,0,False,False,False,B,-0.88,15.9105,104000
2023-05-29 14:19:46,43,W+R,0,False,False,False,B,-0.88,15.8954,104000
2023-05-29 14:20:00,77,W+4.5,4,True,True,False,B,-0.88,15.8562,104000
2023-05-29 14:20:12,53,W+R,0,False,False,False,B,-0.88,15.842,104000
2023-05-29 14:20:26,43,W+R,0,False,False,False,B,-0.88,15.8475,104000
2023-05-29 14:20:44,58,B+R,0,False,False,False,W,-0.88,15.5936,104000
2023-05-29 14:20:54,43,W+R,0,False,False,False,B,-0.88,15.6074,104000
2023-05-29 14:21:29,121,B+3.5,16,True,True,False,W,-0.88,15.8292,104000
2023-05-29 14:21:40,47,W+R,0,False,False,False,B,-0.88,15.8014,104000
2023-05-29 14:21:48,43,W+R,0,False,False,False,B,-0.88,15.7597,104000
2023-05-29 14:22:03,53,W+R,0,False,False,False,B,-0.88,15.7902,104000
2023-05-29 14:22:15,43,W+R,0,False,False,False,B,-0.88,15.7871,104000
2023-05-29 14:22:27,43,W+R,0,False,False,False,B,-0.88,15.7668,104000
2023-05-29 14:22:40,45,W+R,0,False,False,False,B,-0.88,15.7252,104000
2023-05-29 14:22:50,43,W+R,0,False,False,False,B,-0.88,15.6994,104000
2023-05-29 14:23:00,38,W+9.5,2,False,False,False,,-0.88,15.6756,104000
2023-05-29 14:23:29,83,W+R,1,False,False,False,B,-0.88,15.8531,104000
2023-05-29 14:23:42,43,W+R,0,False,False,False,B,-0.88,15.8995,104000
2023-05-29 14:23:54,43,W+R,0,False,False,False,B,-0.88,15.78,104000
2023-05-29 14:24:10,55,W+R,0,False,False,False,B,-0.88,15.7579,104000
2023-05-29 14:24:26,62,W+0.5,3,True,True,False,B,-0.88,15.7261,104000
2023-05-29 14:24:41,67,W+R,0,False,False,False,B,-0.88,15.7407,104000
2023-05-29 14:24:51,44,W+32.5,3,True,True,False,B,-0.88,15.7131,104000
2023-05-29 14:25:05,42,B+R,0,False,False,False,W,-0.88,15.6993,104000
2023-05-29 14:25:17,43,W+R,0,False,False,False,B,-0.88,15.6933,104000
2023-05-29 14:25:29,43,W+R,0,False,False,False,B,-0.88,15.5915,104000
2023-05-29 14:25:44,46,B+R,0,False,False,False,W,-0.88,15.5949,104000
2023-05-29 14:25:56,43,W+R,0,False,False,False,B,-0.88,15.6137,104000
2023-05-29 14:26:10,43,W+R,0,False,False,False,B,-0.88,15.6268,104000
2023-05-29 14:26:23,47,W+R,0,False,False,False,B,-0.88,15.6411,104000
2023-05-29 14:26:36,43,W+R,4,False,False,False,B,-0.88,15.6343,104000
2023-05-29 14:27:53,43,W+R,0,False,False,False,B,-0.88,15.6508,105000
2023-05-29 14:28:03,43,W+R,0,False,False,False,B,-0.88,15.5809,105000
2023-05-29 14:28:16,43,W+R,0,False,False,False,B,-0.88,15.5711,105000
2023-05-29 14:28:28,42,B+R,0,False,False,False,W,-0.88,15.5509,105000
2023-05-29 14:28:49,63,W+R,0,False,False,False,B,-0.88,15.6504,105000
2023-05-29 14:29:02,45,W+R,0,False,False,False,B,-0.88,15.6694,105000
2023-05-29 14:29:17,42,B+R,0,False,False,False,W,-0.88,15.714,105000
2023-05-29 14:29:42,75,W+R,1,False,False,False,B,-0.88,15.8522,105000
2023-05-29 14:30:16,119,W+4.5,18,True,True,False,B,-0.88,16.0519,105000
2023-05-29 14:30:30,47,W+R,0,False,False,False,B,-0.88,16.0028,105000
2023-05-29 14:30:43,43,W+R,0,False,False,False,B,-0.88,15.9882,105000
2023-05-29 14:30:57,43,W+R,0,False,False,False,B,-0.88,15.8972,105000
2023-05-29 14:31:09,42,B+R,0,False,False,False,W,-0.88,15.9073,105000
2023-05-29 14:31:22,43,W+R,0,False,False,False,B,-0.88,15.9033,105000
2023-05-29 14:31:52,77,B+5.5,3,True,True,False,W,-0.88,16.0616,105000
2023-05-29 14:32:05,43,W+R,0,False,False,False,B,-0.88,16.0731,105000
2023-05-29 14:32:18,43,W+R,0,False,False,False,B,-0.88,15.8863,105000
2023-05-29 14:32:31,43,W+R,0,False,False,False,B,-0.88,15.8052,105000
2023-05-29 14:33:00,103,W+22.5,14,True,True,False,B,-0.88,15.9834,105000
2023-05-29 14:33:13,42,B+R,0,False,False,False,W,-0.88,15.978,105000
2023-05-29 14:33:27,50,B+R,0,False,False,False,W,-0.88,15.9831,105000
2023-05-29 14:33:39,43,W+R,0,False,False,False,B,-0.88,15.9642,105000
2023-05-29 14:33:58,55,W+R,0,False,False,False,B,-0.88,15.9901,105000
2023-05-29 14:34:09,43,W+R,0,False,False,False,B,-0.88,15.9795,105000
2023-05-29 14:34:20,43,W+R,0,False,False,False,B,-0.88,15.8893,105000
2023-05-29 14:34:38,54,B+R,0,False,False,False,W,-0.88,15.965,105000
2023-05-29 14:34:51,43,W+R,0,False,False,False,B,-0.88,15.965,105000
2023-05-29 14:35:03,43,W+R,0,False,False,False,B,-0.88,15.9172,105000
2023-05-29 14:35:15,43,W+R,0,False,False,False,B,-0.88,15.8645,105000
2023-05-29 14:35:29,43,W+R,0,False,False,False,B,-0.88,15.6822,105000
2023-05-29 14:35:42,43,W+R,0,False,False,False,B,-0.88,15.474,105000
2023-05-29 14:35:52,43,W+R,0,False,False,False,B,-0.88,15.4528,105000
2023-05-29 14:36:05,43,W+R,0,False,False,False,B,-0.88,15.4591,105000
2023-05-29 14:36:21,49,W+R,0,False,False,False,B,-0.88,15.4931,105000
2023-05-29 14:36:34,43,W+R,0,False,False,False,B,-0.88,15.4645,105000
2023-05-29 14:36:52,57,W+R,0,False,False,False,B,-0.88,15.5237,105000
2023-05-29 14:37:05,43,W+R,0,False,False,False,B,-0.88,15.346,105000
2023-05-29 14:37:18,43,W+R,0,False,False,False,B,-0.88,15.1898,105000
2023-05-29 14:37:31,47,W+R,0,False,False,False,B,-0.88,15.1938,105000
2023-05-29 14:37:42,43,W+R,0,False,False,False,B,-0.88,15.1788,105000
2023-05-29 14:37:55,47,W+R,0,False,False,False,B,-0.88,15.0324,105000
2023-05-29 14:38:08,43,W+R,0,False,False,False,B,-0.88,15.0242,105000
2023-05-29 14:38:22,55,W+R,0,False,False,False,B,-0.88,15.0647,105000
2023-05-29 14:38:36,53,W+R,1,False,False,False,B,-0.88,15.0623,105000
2023-05-29 14:38:47,43,W+R,1,False,False,False,B,-0.88,15.0519,105000
2023-05-29 14:39:01,46,B+R,0,False,False,False,W,-0.88,15.0511,105000
2023-05-29 14:40:20,51,W+R,0,False,False,False,B,-0.88,14.9369,106000
2023-05-29 14:40:33,43,W+R,0,False,False,False,B,-0.88,14.9253,106000
2023-05-29 14:40:47,46,B+R,0,False,False,False,W,-0.88,14.8481,106000
2023-05-29 14:41:01,43,W+R,0,False,False,False,B,-0.88,14.8534,106000
2023-05-29 14:41:14,43,W+R,2,False,False,False,B,-0.88,14.7312,106000
2023-05-29 14:41:27,43,W+R,0,False,False,False,B,-0.88,14.7316,106000
2023-05-29 14:41:39,44,B+R,0,False,False,False,W,-0.88,14.4643,106000
2023-05-29 14:42:08,87,W+R,3,False,False,False,B,-0.88,14.6276,106000
2023-05-29 14:42:21,43,W+R,0,False,False,False,B,-0.88,14.5813,106000
2023-05-29 14:42:31,42,B+R,0,False,False,False,W,-0.88,14.5427,106000
2023-05-29 14:42:44,43,W+R,0,False,False,False,B,-0.88,14.5055,106000
2023-05-29 14:42:57,42,B+R,0,False,False,False,W,-0.88,14.5175,106000
2023-05-29 14:43:11,43,W+R,0,False,False,False,B,-0.88,14.5439,106000
2023-05-29 14:43:22,43,W+R,0,False,False,False,B,-0.88,14.4598,106000
2023-05-29 14:43:35,43,W+R,0,False,False,False,B,-0.88,14.478,106000
2023-05-29 14:43:51,59,W+R,0,False,False,False,B,-0.88,14.4761,106000
2023-05-29 14:44:08,64,B+R,0,False,False,False,W,-0.88,14.527,106000
2023-05-29 14:44:44,162,W+4.5,36,True,True,False,B,-0.88,14.7552,106000
2023-05-29 14:44:59,47,W+R,0,False,False,False,B,-0.88,14.7011,106000
2023-05-29 14:45:12,43,W+R,0,False,False,False,B,-0.88,14.6217,106000
2023-05-29 14:45:23,43,W+R,0,False,False,False,B,-0.88,14.636,106000
2023-05-29 14:45:37,45,W+R,0,False,False,False,B,-0.88,14.6441,106000
2023-05-29 14:45:50,43,W+R,3,False,False,False,B,-0.88,14.6506,106000
2023-05-29 14:46:02,43,W+R,0,False,False,False,B,-0.88,14.6361,106000
2023-05-29 14:46:14,43,W+R,3,False,False,False,B,-0.88,14.6259,106000
2023-05-29 14:46:32,54,B+R,0,False,False,False,W,-0.88,14.6663,106000
2023-05-29 14:46:44,43,W+R,0,False,False,False,B,-0.88,14.6154,106000
2023-05-29 14:46:55,43,W+R,0,False,False,False,B,-0.88,14.6232,106000
2023-05-29 14:47:08,43,W+R,1,False,False,False,B,-0.88,14.4029,106000
2023-05-29 14:47:20,43,W+R,0,False,False,False,B,-0.88,14.4153,106000
2023-05-29 14:47:31,42,B+R,0,False,False,False,W,-0.88,14.4373,106000
2023-05-29 14:47:43,43,W+R,0,False,False,False,B,-0.88,14.412,106000
2023-05-29 14:48:06,65,W+R,0,False,False,False,B,-0.88,14.5272,106000
2023-05-29 14:48:18,43,W+R,0,False,False,False,B,-0.88,14.5243,106000
2023-05-29 14:48:32,50,B+R,0,False,False,False,W,-0.88,14.5319,106000
2023-05-29 14:48:51,64,B+R,0,False,False,False,W,-0.88,14.62,106000
2023-05-29 14:49:15,74,B+R,0,False,False,False,W,-0.88,14.7662,106000
2023-05-29 14:49:28,43,W+R,4,False,False,False,B,-0.88,14.591,106000
2023-05-29 14:49:40,43,W+R,0,False,False,False,B,-0.88,14.5897,106000
2023-05-29 14:50:05,85,B+4.5,4,True,True,False,W,-0.88,14.7183,106000
2023-05-29 14:50:15,43,W+R,0,False,False,False,B,-0.88,14.6648,106000
2023-05-29 14:50:23,43,W+R,0,False,False,False,B,-0.88,14.5742,106000
2023-05-29 14:50:50,78,B+R,2,False,False,False,W,-0.88,14.6961,106000
2023-05-29 14:51:17,117,W+4.5,14,True,True,False,B,-0.88,14.8731,106000
2023-05-29 14:51:27,43,W+R,0,False,False,False,B,-0.88,14.8364,106000
2023-05-29 14:51:40,43,W+R,2,False,False,False,B,-0.88,14.8417,106000
2023-05-29 14:52:50,43,W+R,0,False,False,False,B,-0.88,14.8064,107000
2023-05-29 14:53:03,43,W+R,0,False,False,False,B,-0.88,14.8105,107000
2023-05-29 14:53:16,43,W+R,0,False,False,False,B,-0.88,14.8114,107000
2023-05-29 14:53:37,67,W+R,0,False,False,False,B,-0.88,14.8855,107000
2023-05-29 14:54:22,162,B+0.5,19,True,True,False,W,-0.88,15.2111,107000
2023-05-29 14:54:54,109,B+9.5,12,True,True,False,W,-0.88,15.3672,107000
2023-05-29 14:55:19,74,B+R,0,False,False,False,W,-0.88,15.4782,107000
2023-05-29 14:55:34,50,B+R,0,False,False,False,W,-0.88,15.5319,107000
2023-05-29 14:55:48,43,W+R,1,False,False,False,B,-0.88,15.5364,107000
2023-05-29 14:56:13,74,B+R,2,False,False,False,W,-0.88,15.6763,107000
2023-05-29 14:56:25,43,W+R,0,False,False,False,B,-0.88,15.5803,107000
2023-05-29 14:56:38,43,W+R,0,False,False,False,B,-0.88,15.5724,107000
2023-05-29 14:56:47,43,W+R,0,False,False,False,B,-0.88,15.5225,107000
2023-05-29 14:57:07,63,W+R,0,False,False,False,B,-0.88,15.4716,107000
2023-05-29 14:57:27,76,W+3.5,4,True,True,False,B,-0.88,15.329,107000
2023-05-29 14:57:47,59,W+R,1,False,False,False,B,-0.88,15.3946,107000
2023-05-29 14:58:00,43,W+R,1,False,False,False,B,-0.88,15.3833,107000
2023-05-29 14:58:15,42,B+R,0,False,False,False,W,-0.88,15.3937,107000
2023-05-29 14:58:28,43,W+R,0,False,False,False,B,-0.88,15.4019,107000
2023-05-29 14:58:54,78,W+1.5,3,True,True,False,B,-0.88,15.5373,107000
2023-05-29 14:59:33,162,W+0.5,34,True,True,False,B,-0.88,15.6384,107000
2023-05-29 15:00:00,94,B+2.5,6,True,True,False,W,-0.88,15.7726,107000
2023-05-29 15:00:13,43,W+R,0,False,False,False,B,-0.88,15.7662,107000
2023-05-29 15:00:26,42,B+R,0,False,False,False,W,-0.88,15.7702,107000
2023-05-29 15:00:39,43,W+R,0,False,False,False,B,-0.88,15.6044,107000
2023-05-29 15:00:52,42,B+R,0,False,False,False,W,-0.88,15.6091,107000
2023-05-29 15:01:06,43,W+R,0,False,False,False,B,-0.88,15.6084,107000
2023-05-29 15:01:21,50,B+R,0,False,False,False,W,-0.88,15.634,107000
2023-05-29 15:01:45,89,B+2.5,10,True,True,True,B,-0.88,15.6887,107000
2023-05-29 15:01:58,43,W+R,0,False,False,False,B,-0.88,15.7014,107000
2023-05-29 15:02:09,42,B+R,0,False,False,False,W,-0.88,15.7075,107000
2023-05-29 15:02:30,64,B+R,0,False,False,False,W,-0.88,15.7467,107000
2023-05-29 15:02:42,43,W+R,0,False,False,False,B,-0.88,15.7304,107000
2023-05-29 15:02:54,43,W+R,0,False,False,False,B,-0.88,15.7237,107000
2023-05-29 15:03:05,43,W+R,0,False,False,False,B,-0.88,15.7154,107000
2023-05-29 15:03:34,84,B+R,3,False,False,False,W,-0.88,15.877,107000
2023-05-29 15:03:48,50,B+R,0,False,False,False,W,-0.88,15.8769,107000
2023-05-29 15:04:03,60,B+R,0,False,False,False,W,-0.88,15.9214,107000
2023-05-29 15:04:11,43,W+R,0,False,False,False,B,-0.88,15.8756,107000
2023-05-29 15:05:23,48,B+R,0,False,False,False,W,-0.88,15.8968,108000
2023-05-29 15:05:36,43,W+R,0,False,False,False,B,-0.88,15.8423,108000
2023-05-29 15:05:47,43,W+R,0,False,False,False,B,-0.88,15.8233,108000
2023-05-29 15:06:24,162,B+21.5,27,True,True,False,W,-0.88,16.0684,108000
2023-05-29 15:06:37,43,W+R,0,False,False,False,B,-0.88,16.059,108000
2023-05-29 15:06:52,55,W+R,0,False,False,False,B,-0.88,16.0964,108000
2023-05-29 15:07:04,42,B+R,0,False,False,False,W,-0.88,16.0971,108000
2023-05-29 15:07:14,43,W+R,0,False,False,False,B,-0.88,16.064,108000
2023-05-29 15:07:23,43,W+R,0,False,False,False,B,-0.88,16.0084,108000
2023-05-29 15:07:34,42,W+7.5,2,False,False,False,,-0.88,15.9787,108000
2023-05-29 15:07:43,43,W+R,0,False,False,False,B,-0.88,15.9648,108000
2023-05-29 15:07:53,47,W+R,0,False,False,False,B,-0.88,15.9281,108000
2023-05-29 15:08:06,43,W+R,0,False,False,False,B,-0.88,15.9377,108000
2023-05-29 15:08:15,42,B+R,1,False,False,False,W,-0.88,15.8663,108000
2023-05-29 15:08:24,43,W+R,0,False,False,False,B,-0.88,15.8253,108000
2023-05-29 15:08:45,92,W+3.5,10,True,True,False,B,-0.88,15.8964,108000
2023-05-29 15:08:53,43,W+R,2,False,False,False,B,-0.88,15.8369,108000
2023-05-29 15:09:07,43,W+R,0,False,False,False,B,-0.88,15.842,108000
2023-05-29 15:09:20,43,W+R,2,False,False,False,B,-0.88,15.8443,108000
2023-05-29 15:09:31,43,W+R,0,False,False,False,B,-0.88,15.8375,108000
2023-05-29 15:09:46,43,W+R,0,False,False,False,B,-0.88,15.6927,108000
2023-05-29 15:09:58,43,W+R,0,False,False,False,B,-0.88,15.6904,108000
2023-05-29 15:10:11,43,W+R,2,False,False,False,B,-0.88,15.7188,108000
2023-05-29 15:10:27,43,W+R,0,False,False,False,B,-0.88,15.7437,108000
2023-05-29 15:10:41,43,W+R,0,False,False,False,B,-0.88,15.7569,108000
2023-05-29 15:10:53,43,W+R,0,False,False,False,B,-0.88,15.7352,108000
2023-05-29 15:11:07,47,W+R,0,False,False,False,B,-0.88,15.7693,108000
2023-05-29 15:11:32,77,W+R,3,False,False,False,B,-0.88,15.8873,108000
2023-05-29 15:11:43,43,W+R,0,False,False,False,B,-0.88,15.835,108000
2023-05-29 15:11:53,46,B+R,0,False,False,False,W,-0.88,15.7578,108000
2023-05-29 15:12:06,53,W+R,0,False,False,False,B,-0.88,15.5306,108000
2023-05-29 15:12:14,43,W+R,0,False,False,False,B,-0.88,15.472,108000
2023-05-29 15:12:27,42,B+R,0,False,False,False,W,-0.88,15.4678,108000
2023-05-29 15:12:40,43,W+R,0,False,False,False,B,-0.88,15.4864,108000
2023-05-29 15:13:04,68,B+R,0,False,False,False,W,-0.88,15.5853,108000
2023-05-29 15:13:43,162,W+3.5,39,True,True,False,B,-0.88,15.8496,108000
2023-05-29 15:13:56,42,B+R,0,False,False,False,W,-0.88,15.8572,108000
2023-05-29 15:14:06,43,W+R,0,False,False,False,B,-0.88,15.8326,108000
2023-05-29 15:14:17,53,W+R,3,False,False,False,B,-0.88,15.7762,108000
2023-05-29 15:14:30,43,W+R,0,False,False,False,B,-0.88,15.7692,108000
2023-05-29 15:14:45,48,B+R,0,False,False,False,W,-0.88,15.814,108000
2023-05-29 15:15:01,58,W+0.5,3,False,False,False,,-0.88,15.8434,108000
2023-05-29 15:15:12,43,W+R,0,False,False,False,B,-0.88,15.8333,108000
2023-05-29 15:15:32,63,W+R,0,False,False,False,B,-0.88,15.9265,108000
2023-05-29 15:15:45,43,W+R,0,False,False,False,B,-0.88,15.9375,108000
2023-05-29 15:15:58,43,W+R,1,False,False,False,B,-0.88,15.8373,108000
2023-05-29 15:16:11,43,W+R,0,False,False,False,B,-0.88,15.8463,108000
2023-05-29 15:16:24,43,W+R,0,False,False,False,B,-0.88,15.8339,108000
2023-05-29 15:16:36,43,W+R,0,False,False,False,B,-0.88,15.7732,108000
2023-05-29 15:16:47,42,B+R,0,False,False,False,W,-0.88,15.6362,108000
2023-05-29 15:18:04,70,B+R,2,False,False,False,W,-0.88,15.7175,109000
2023-05-29 15:18:21,55,W+R,0,False,False,False,B,-0.88,15.6393,109000
2023-05-29 15:18:33,43,W+R,1,False,False,False,B,-0.88,15.6592,109000
2023-05-29 15:18:46,43,W+R,0,False,False,False,B,-0.88,15.7125,109000
2023-05-29 15:18:58,42,B+R,0,False,False,False,W,-0.88,15.5583,109000
2023-05-29 15:19:09,43,W+R,0,False,False,False,B,-0.88,15.3946,109000
2023-05-29 15:19:21,43,W+R,0,False,False,False,B,-0.88,15.4196,109000
2023-05-29 15:19:34,43,W+R,0,False,False,False,B,-0.88,15.4189,109000
2023-05-29 15:19:48,43,W+R,0,False,False,False,B,-0.88,15.4578,109000
2023-05-29 15:20:00,42,B+R,0,False,False,False,W,-0.88,15.4449,109000
2023-05-29 15:20:15,43,W+R,0,False,False,False,B,-0.88,15.46,109000
2023-05-29 15:20:28,43,W+R,1,False,False,False,B,-0.88,15.4582,109000
2023-05-29 15:20:43,46,B+R,0,False,False,False,W,-0.88,15.3997,109000
2023-05-29 15:20:55,43,W+R,0,False,False,False,B,-0.88,15.0717,109000
2023-05-29 15:21:10,43,W+R,0,False,False,False,B,-0.88,14.9033,109000
2023-05-29 15:21:21,42,B+R,0,False,False,False,W,-0.88,14.7625,109000
2023-05-29 15:21:40,57,W+R,0,False,False,False,B,-0.88,14.7985,109000
2023-05-29 15:21:51,42,B+R,0,False,False,False,W,-0.88,14.773,109000
2023-05-29 15:22:26,162,W+6.5,37,True,True,False,B,-0.88,14.8679,109000
2023-05-29 15:22:42,52,B+R,0,False,False,False,W,-0.88,14.9165,109000
2023-05-29 15:22:59,52,B+R,0,False,False,False,W,-0.88,14.9521,109000
2023-05-29 15:23:13,42,B+R,0,False,False,False,W,-0.88,15.001,109000
2023-05-29 15:23:39,76,W+0.5,5,True,True,False,B,-0.88,15.057,109000
2023-05-29 15:23:50,43,W+R,0,False,False,False,B,-0.88,14.9767,109000
2023-05-29 15:24:03,43,W+R,0,False,False,False,B,-0.88,14.8965,109000
2023-05-29 15:24:14,43,W+R,0,False,False,False,B,-0.88,14.8898,109000
2023-05-29 15:24:33,62,B+R,0,False,False,False,W,-0.88,14.9288,109000
2023-05-29 15:24:45,43,W+R,0,False,False,False,B,-0.88,14.9173,109000
2023-05-29 15:24:57,45,W+R,0,False,False,False,B,-0.88,14.7721,109000
2023-05-29 15:25:10,43,W+R,0,False,False,False,B,-0.88,14.5048,109000
2023-05-29 15:25:23,45,W+R,0,False,False,False,B,-0.88,14.3676,109000
2023-05-29 15:25:34,42,B+R,0,False,False,False,W,-0.88,14.3563,109000
2023-05-29 15:25:59,111,B+2.5,11,True,True,False,W,-0.88,14.4777,109000
2023-05-29 15:26:12,43,W+R,0,False,False,False,B,-0.88,14.4788,109000
2023-05-29 15:26:33,62,B+R,0,False,False,False,W,-0.88,14.547,109000
2023-05-29 15:26:45,43,W+R,3,False,False,False,B,-0.88,14.532,109000
2023-05-29 15:26:57,43,W+R,1,False,False,False,B,-0.88,14.5107,109000
2023-05-29 15:27:11,43,W+R,0,False,False,False,B,-0.88,14.4044,109000
2023-05-29 15:27:53,131,W+1.5,23,True,True,False,B,-0.88,14.6928,109000
2023-05-29 15:28:08,52,B+R,0,False,False,False,W,-0.88,14.7349,109000
2023-05-29 15:28:22,43,W+R,0,False,False,False,B,-0.88,14.6561,109000
2023-05-29 15:28:37,45,W+R,0,False,False,False,B,-0.88,14.6937,109000
2023-05-29 15:28:49,43,W+R,0,False,False,False,B,-0.88,14.6981,109000
2023-05-29 15:29:05,49,W+R,0,False,False,False,B,-0.88,14.7416,109000
2023-05-29 15:30:18,43,W+R,0,False,False,False,B,-0.88,14.5556,110000
2023-05-29 15:30:36,62,B+R,0,False,False,False,W,-0.88,14.5936,110000
2023-05-29 15:30:55,63,W+R,0,False,False,False,B,-0.88,14.7002,110000
2023-05-29 15:31:08,43,W+R,0,False,False,False,B,-0.88,14.6736,110000
2023-05-29 15:31:19,43,W+R,0,False,False,False,B,-0.88,14.6295,110000
2023-05-29 15:31:31,43,W+R,0,False,False,False,B,-0.88,14.6286,110000
2023-05-29 15:31:45,51,W+R,0,False,False,False,B,-0.88,14.6576,110000
2023-05-29 15:32:02,65,W+R,2,False,False,False,B,-0.88,14.4508,110000
2023-05-29 15:32:11,43,W+R,0,False,False,False,B,-0.88,14.4161,110000
2023-05-29 15:32:22,43,W+R,0,False,False,False,B,-0.88,14.3751,110000
2023-05-29 15:32:44,73,W+R,0,False,False,False,B,-0.88,14.4756,110000
2023-05-29 15:32:54,44,B+R,0,False,False,False,W,-0.88,14.4786,110000
2023-05-29 15:33:05,43,W+R,0,False,False,False,B,-0.88,14.4993,110000
2023-05-29 15:33:17,43,W+R,0,False,False,False,B,-0.88,14.5081,110000
2023-05-29 15:33:30,43,W+R,0,False,False,False,B,-0.88,14.5432,110000
2023-05-29 15:33:42,44,B+R,0,False,False,False,W,-0.88,14.5661,110000
2023-05-29 15:34:03,67,W+R,1,False,False,False,B,-0.88,14.6427,110000
2023-05-29 15:34:17,43,W+R,0,False,False,False,B,-0.88,14.6941,110000
2023-05-29 15:34:31,43,W+R,0,False,False,False,B,-0.88,14.7401,110000
2023-05-29 15:34:44,43,W+R,0,False,False,False,B,-0.88,14.664,110000
2023-05-29 15:34:58,44,B+R,0,False,False,False,W,-0.88,14.7166,110000
2023-05-29 15:35:09,42,B+R,0,False,False,False,W,-0.88,14.6954,110000
2023-05-29 15:35:20,42,B+R,0,False,False,False,W,-0.88,14.673,110000
2023-05-29 15:35:33,43,W+R,0,False,False,False,B,-0.88,14.693,110000
2023-05-29 15:35:47,43,W+R,0,False,False,False,B,-0.88,14.6868,110000
2023-05-29 15:36:08,60,B+R,0,False,False,False,W,-0.88,14.7704,110000
2023-05-29 15:36:20,43,W+R,0,False,False,False,B,-0.88,14.7592,110000
2023-05-29 15:36:53,98,W+0.5,8,True,True,True,W,-0.88,14.941,110000
2023-05-29 15:37:04,45,W+R,0,False,False,False,B,-0.88,14.899,110000
2023-05-29 15:37:50,155,W+1.5,35,True,True,False,B,-0.88,15.2463,110000
2023-05-29 15:38:02,46,B+R,0,False,False,False,W,-0.88,15.2184,110000
2023-05-29 15:38:12,43,W+R,0,False,False,False,B,-0.88,15.0716,110000
2023-05-29 15:38:25,43,W+R,0,False,False,False,B,-0.88,15.093,110000
2023-05-29 15:38:38,43,W+R,0,False,False,False,B,-0.88,15.1288,110000
2023-05-29 15:38:50,43,W+R,0,False,False,False,B,-0.88,15.1153,110000
2023-05-29 15:39:06,58,B+R,2,False,False,False,W,-0.88,15.1953,110000
2023-05-29 15:39:17,45,W+R,0,False,False,False,B,-0.88,15.1737,110000
2023-05-29 15:39:42,75,W+R,0,False,False,False,B,-0.88,15.2871,110000
2023-05-29 15:39:57,48,B+R,0,False,False,False,W,-0.88,15.2018,110000
2023-05-29 15:40:09,43,W+R,2,False,False,False,B,-0.88,14.9364,110000
2023-05-29 15:40:24,43,W+R,0,False,False,False,B,-0.88,14.9514,110000
2023-05-29 15:40:36,43,W+R,0,False,False,False,B,-0.88,14.9779,110000
2023-05-29 15:41:02,69,W+R,0,False,False,False,B,-0.88,15.1198,110000
2023-05-29 15:41:14,43,W+R,0,False,False,False,B,-0.88,15.1204,110000
2023-05-29 15:41:29,51,W+R,0,False,False,False,B,-0.88,15.1097,110000
2023-05-29 15:42:41,43,W+R,0,False,False,False,B,-0.88,15.0827,111000
2023-05-29 15:42:53,43,W+R,0,False,False,False,B,-0.88,14.9935,111000
2023-05-29 15:43:06,43,W+R,0,False,False,False,B,-0.88,14.9997,111000
2023-05-29 15:43:18,43,W+R,0,False,False,False,B,-0.88,14.9809,111000
2023-05-29 15:43:28,43,W+R,0,False,False,False,B,-0.88,14.9636,111000
2023-05-29 15:43:40,43,W+R,0,False,False,False,B,-0.88,14.9511,111000
2023-05-29 15:44:04,74,B+R,1,False,False,False,W,-0.88,15.07,111000
2023-05-29 15:44:18,42,B+R,0,False,False,False,W,-0.88,15.093,111000
2023-05-29 15:44:35,54,B+R,1,False,False,False,W,-0.88,15.1631,111000
2023-05-29 15:44:48,42,B+R,1,False,False,False,W,-0.88,15.0633,111000
2023-05-29 15:44:59,42,B+R,0,False,False,False,W,-0.88,15.0087,111000
2023-05-29 15:45:22,67,W+R,0,False,False,False,B,-0.88,15.1165,111000
2023-05-29 15:45:36,43,W+R,0,False,False,False,B,-0.88,15.1317,111000
2023-05-29 15:45:51,49,W+R,0,False,False,False,B,-0.88,15.1628,111000
2023-05-29 15:46:17,84,B+R,5,False,False,False,W,-0.88,15.3086,111000
2023-05-29 15:46:51,100,B+7.5,9,True,True,False,W,-0.88,15.5214,111000
2023-05-29 15:47:15,69,W+R,0,False,False,False,B,-0.88,15.6366,111000
2023-05-29 15:47:28,43,W+R,0,False,False,False,B,-0.88,15.6338,111000
2023-05-29 15:47:47,68,B+R,0,False,False,False,W,-0.88,15.698,111000
2023-05-29 15:48:00,43,W+R,0,False,False,False,B,-0.88,15.6891,111000
2023-05-29 15:48:13,43,W+R,0,False,False,False,B,-0.88,15.6805,111000
2023-05-29 15:48:25,43,W+R,0,False,False,False,B,-0.88,15.6434,111000
2023-05-29 15:48:36,43,W+R,5,False,False,False,B,-0.88,15.6319,111000
2023-05-29 15:48:51,51,W+R,0,False,False,False,B,-0.88,15.6389,111000
2023-05-29 15:49:04,43,W+R,0,False,False,False,B,-0.88,15.6596,111000
2023-05-29 15:49:20,52,B+R,0,False,False,False,W,-0.88,15.6322,111000
2023-05-29 15:49:32,43,W+R,0,False,False,False,B,-0.88,15.6442,111000
2023-05-29 15:49:45,43,W+R,3,False,False,False,B,-0.88,15.4207,111000
2023-05-29 15:50:19,126,W+2.5,23,True,True,False,B,-0.88,15.5905,111000
2023-05-29 15:50:33,43,W+R,0,False,False,False,B,-0.88,15.5697,111000
2023-05-29 15:50:45,43,W+R,0,False,False,False,B,-0.88,15.5509,111000
2023-05-29 15:51:05,83,W+9.5,13,True,True,False,B,-0.88,15.4932,111000
2023-05-29 15:51:20,49,W+R,0,False,False,False,B,-0.88,15.5279,111000
2023-05-29 15:51:31,43,W+R,0,False,False,False,B,-0.88,15.5136,111000
2023-05-29 15:51:51,66,B+R,0,False,False,False,W,-0.88,15.5911,111000
2023-05-29 15:52:04,43,W+R,0,False,False,False,B,-0.88,15.5336,111000
2023-05-29 15:52:14,43,W+R,0,False,False,False,B,-0.88,15.5159,111000
2023-05-29 15:52:27,51,W+R,0,False,False,False,B,-0.88,15.5313,111000
2023-05-29 15:52:39,43,W+R,0,False,False,False,B,-0.88,15.5186,111000
2023-05-29 15:53:02,71,W+4.5,5,True,True,False,B,-0.88,15.6185,111000
2023-05-29 15:53:15,43,W+R,0,False,False,False,B,-0.88,15.637,111000
2023-05-29 15:53:28,43,W+R,0,False,False,False,B,-0.88,15.5191,111000
2023-05-29 15:53:55,85,W+R,10,False,False,False,B,-0.88,15.6574,111000
2023-05-29 15:55:09,43,W+R,0,False,False,False,B,-0.88,15.5617,112000
2023-05-29 15:55:20,43,W+R,0,False,False,False,B,-0.88,15.5411,112000
2023-05-29 15:55:33,42,B+R,0,False,False,False,W,-0.88,15.5361,112000
2023-05-29 15:55:46,42,B+R,0,False,False,False,W,-0.88,15.2493,112000
2023-05-29 15:55:57,43,W+R,1,False,False,False,B,-0.88,15.2114,112000
2023-05-29 15:56:09,43,W+R,0,False,False,False,B,-0.88,15.1948,112000
2023-05-29 15:56:21,43,W+R,0,False,False,False,B,-0.88,15.153,112000
2023-05-29 15:56:33,42,B+R,0,False,False,False,W,-0.88,15.1539,112000
2023-05-29 15:56:45,43,W+R,0,False,False,False,B,-0.88,15.1197,112000
2023-05-29 15:56:56,43,W+R,2,False,False,False,B,-0.88,15.0933,112000
2023-05-29 15:57:15,67,B+0.5,4,False,False,False,,-0.88,15.1824,112000
2023-05-29 15:57:28,43,W+R,0,False,False,False,B,-0.88,15.1223,112000
2023-05-29 15:57:51,78,W+3.5,8,True,True,False,B,-0.88,15.1623,112000
2023-05-29 15:58:03,42,B+R,0,False,False,False,W,-0.88,15.1548,112000
2023-05-29 15:58:18,46,B+R,0,False,False,False,W,-0.88,15.1972,112000
2023-05-29 15:58:31,43,W+R,1,False,False,False,B,-0.88,15.2032,112000
2023-05-29 15:58:54,79,W+4.5,5,True,True,False,B,-0.88,15.297,112000
2023-05-29 15:59:15,75,W+0.5,8,True,True,False,B,-0.88,15.329,112000
2023-05-29 15:59:28,43,W+R,1,False,False,False,B,-0.88,15.3699,112000
2023-05-29 15:59:38,43,W+R,0,False,False,False,B,-0.88,15.3626,112000
2023-05-29 15:59:53,43,W+R,0,False,False,False,B,-0.88,15.2907,112000
2023-05-29 16:00:22,97,W+2.5,11,True,True,False,B,-0.88,15.4763,112000
2023-05-29 16:00:43,66,W+0.5,3,True,True,False,B,-0.88,15.5815,112000
2023-05-29 16:00:55,43,W+R,0,False,False,False,B,-0.88,15.5867,112000
2023-05-29 16:01:23,89,B+1.5,9,True,True,False,W,-0.88,15.7275,112000
2023-05-29 16:01:38,43,W+R,0,False,False,False,B,-0.88,15.7563,112000
2023-05-29 16:01:50,43,W+R,0,False,False,False,B,-0.88,15.6668,112000
2023-05-29 16:02:02,43,W+R,1,False,False,False,B,-0.88,15.6547,112000
2023-05-29 16:02:42,162,W+7.5,25,True,True,False,B,-0.88,15.9151,112000
2023-05-29 16:02:55,43,W+R,0,False,False,False,B,-0.88,15.9166,112000
2023-05-29 16:03:11,50,B+R,0,False,False,False,W,-0.88,15.9415,112000
2023-05-29 16:03:24,43,W+R,0,False,False,False,B,-0.88,15.9485,112000
2023-05-29 16:03:40,53,W+R,0,False,False,False,B,-0.88,16.0073,112000
2023-05-29 16:03:59,57,W+R,0,False,False,False,B,-0.88,16.0615,112000
2023-05-29 16:04:12,43,W+R,0,False,False,False,B,-0.88,16.0474,112000
2023-05-29 16:04:23,42,B+R,0,False,False,False,W,-0.88,15.9565,112000
2023-05-29 16:04:36,43,W+R,0,False,False,False,B,-0.88,15.9717,112000
2023-05-29 16:04:59,65,W+R,0,False,False,False,B,-0.88,15.8615,112000
2023-05-29 16:05:11,43,W+R,0,False,False,False,B,-0.88,15.8808,112000
2023-05-29 16:05:25,43,W+R,0,False,False,False,B,-0.88,15.5486,112000
2023-05-29 16:05:37,43,W+R,0,False,False,False,B,-0.88,15.5586,112000
2023-05-29 16:05:50,42,B+R,0,False,False,False,W,-0.88,15.5836,112000
2023-05-29 16:06:03,42,B+R,0,False,False,False,W,-0.88,15.5885,112000
2023-05-29 16:06:15,43,W+R,0,False,False,False,B,-0.88,15.5711,112000
2023-05-29 16:07:26,47,W+R,0,False,False,False,B,-0.88,15.5298,113000
2023-05-29 16:07:44,60,W+0.5,2,True,False,False,,-0.88,15.6091,113000
2023-05-29 16:07:56,43,W+R,0,False,False,False,B,-0.88,15.4876,113000
2023-05-29 16:08:17,76,W+3.5,5,True,True,False,B,-0.88,15.542,113000
2023-05-29 16:08:32,44,B+R,0,False,False,False,W,-0.88,15.5627,113000
2023-05-29 16:08:41,43,W+R,0,False,False,False,B,-0.88,15.5098,113000
2023-05-29 16:08:53,43,W+R,0,False,False,False,B,-0.88,15.5066,113000
2023-05-29 16:09:06,42,B+R,0,False,False,False,W,-0.88,15.3759,113000
2023-05-29 16:09:18,42,B+R,0,False,False,False,W,-0.88,15.3779,113000
2023-05-29 16:09:36,88,W+3.5,11,True,True,False,B,-0.88,15.4101,113000
2023-05-29 16:09:52,61,W+12.5,3,True,True,False,B,-0.88,15.4621,113000
2023-05-29 16:10:15,103,W+14.5,7,True,True,False,B,-0.88,15.5657,113000
2023-05-29 16:10:34,55,W+R,0,False,False,False,B,-0.88,15.6386,113000
2023-05-29 16:10:49,43,W+R,0,False,False,False,B,-0.88,15.6529,113000
2023-05-29 16:11:02,43,W+R,0,False,False,False,B,-0.88,15.6689,113000
2023-05-29 16:11:15,43,W+R,1,False,False,False,B,-0.88,15.6894,113000
2023-05-29 16:11:28,47,W+R,0,False,False,False,B,-0.88,15.7039,113000
2023-05-29 16:11:39,43,W+R,0,False,False,False,B,-0.88,15.5733,113000
2023-05-29 16:11:51,42,B+R,0,False,False,False,W,-0.88,15.5569,113000
2023-05-29 16:12:03,43,W+R,0,False,False,False,B,-0.88,15.4998,113000
2023-05-29 16:12:27,71,W+R,2,False,False,False,B,-0.88,15.6117,113000
2023-05-29 16:12:39,43,W+R,0,False,False,False,B,-0.88,15.6176,113000
2023-05-29 16:12:55,57,W+R,0,False,False,False,B,-0.88,15.5488,113000
2023-05-29 16:13:06,43,W+R,0,False,False,False,B,-0.88,15.5185,113000
2023-05-29 16:13:18,43,W+R,0,False,False,False,B,-0.88,15.4859,113000
2023-05-29 16:13:30,43,W+R,0,False,False,False,B,-0.88,15.3565,113000
2023-05-29 16:13:46,51,W+R,0,False,False,False,B,-0.88,15.1767,113000
2023-05-29 16:13:59,43,W+R,0,False,False,False,B,-0.88,15.0617,113000
2023-05-29 16:14:11,43,W+R,0,False,False,False,B,-0.88,15.0558,113000
2023-05-29 16:14:24,43,W+R,0,False,False,False,B,-0.88,14.9964,113000
2023-05-29 16:14:38,42,B+R,1,False,False,False,W,-0.88,14.9929,113000
2023-05-29 16:14:51,43,W+R,3,False,False,False,B,-0.88,14.998,113000
2023-05-29 16:15:05,44,B+R,0,False,False,False,W,-0.88,15.0229,113000
2023-05-29 16:15:18,43,W+R,0,False,False,False,B,-0.88,15.0416,113000
2023-05-29 16:15:30,43,W+R,0,False,False,False,B,-0.88,15.0107,113000
2023-05-29 16:15:43,47,W+R,0,False,False,False,B,-0.88,15.0174,113000
2023-05-29 16:16:04,71,W+R,0,False,False,False,B,-0.88,15.0664,113000
2023-05-29 16:16:15,43,W+R,0,False,False,False,B,-0.88,15.0522,113000
2023-05-29 16:16:29,43,W+R,0,False,False,False,B,-0.88,15.0599,113000
2023-05-29 16:16:41,43,W+R,0,False,False,False,B,-0.88,14.8429,113000
2023-05-29 16:16:54,43,W+R,1,False,False,False,B,-0.88,14.8385,113000
2023-05-29 16:17:06,43,W+R,0,False,False,False,B,-0.88,14.8351,113000
2023-05-29 16:17:20,43,W+R,2,False,False,False,B,-0.88,14.7682,113000
2023-05-29 16:17:30,49,W+R,0,False,False,False,B,-0.88,14.7218,113000
2023-05-29 16:17:46,60,B+R,0,False,False,False,W,-0.88,14.7681,113000
2023-05-29 16:18:03,69,W+2.5,6,True,True,False,B,-0.88,14.7506,113000
2023-05-29 16:18:14,43,W+R,0,False,False,False,B,-0.88,14.7262,113000
2023-05-29 16:18:28,48,B+R,0,False,False,False,W,-0.88,14.7667,113000
2023-05-29 16:19:45,43,W+R,0,False,False,False,B,-0.88,14.754,114000
2023-05-29 16:20:09,65,W+R,0,False,False,False,B,-0.88,14.7608,114000
2023-05-29 16:20:21,47,B+1.5,3,False,False,False,,-0.88,14.7543,114000
2023-05-29 16:20:42,82,W+1.5,7,True,True,False,B,-0.88,14.8242,114000
2023-05-29 16:20:56,42,B+R,0,False,False,False,W,-0.88,14.6997,114000
2023-05-29 16:21:07,43,W+R,1,False,False,False,B,-0.88,14.705,114000
2023-05-29 16:21:34,77,B+1.5,5,True,True,False,W,-0.88,14.8508,114000
2023-05-29 16:22:03,88,W+3.5,10,True,True,False,B,-0.88,15.0343,114000
2023-05-29 16:22:17,51,W+R,2,False,False,False,B,-0.88,15.0467,114000
2023-05-29 16:22:30,43,W+R,0,False,False,False,B,-0.88,15.0408,114000
2023-05-29 16:22:47,59,W+R,3,False,False,False,B,-0.88,15.0922,114000
2023-05-29 16:22:59,43,W+R,0,False,False,False,B,-0.88,15.0971,114000
2023-05-29 16:23:11,43,W+R,1,False,False,False,B,-0.88,15.1065,114000
2023-05-29 16:23:28,49,W+R,0,False,False,False,B,-0.88,15.1522,114000
2023-05-29 16:23:41,43,W+R,0,False,False,False,B,-0.88,15.1603,114000
2023-05-29 16:23:52,42,B+R,0,False,False,False,W,-0.88,15.1683,114000
2023-05-29 16:24:10,79,W+R,4,False,False,False,B,-0.88,15.1429,114000
2023-05-29 16:24:21,43,W+R,2,False,False,False,B,-0.88,15.1318,114000
2023-05-29 16:24:35,43,W+R,0,False,False,False,B,-0.88,15.0384,114000
2023-05-29 16:24:50,48,B+R,0,False,False,False,W,-0.88,15.0745,114000
2023-05-29 16:25:04,43,W+R,2,False,False,False,B,-0.88,15.0533,114000
2023-05-29 16:25:16,43,W+R,0,False,False,False,B,-0.88,15.0501,114000
2023-05-29 16:25:29,43,W+R,0,False,False,False,B,-0.88,14.9473,114000
2023-05-29 16:25:44,49,W+R,0,False,False,False,B,-0.88,14.8926,114000
2023-05-29 16:25:57,43,W+R,0,False,False,False,B,-0.88,14.8892,114000
2023-05-29 16:26:09,42,B+R,0,False,False,False,W,-0.88,14.9085,114000
2023-05-29 16:26:26,66,B+1.5,4,True,True,False,W,-0.88,14.9303,114000
2023-05-29 16:26:38,43,W+R,0,False,False,False,B,-0.88,14.762,114000
2023-05-29 16:26:51,43,W+R,0,False,False,False,B,-0.88,14.676,114000
2023-05-29 16:27:12,66,B+R,2,False,False,False,W,-0.88,14.7689,114000
2023-05-29 16:27:33,60,B+R,2,False,False,False,W,-0.88,14.7071,114000
2023-05-29 16:27:46,42,B+R,0,False,False,False,W,-0.88,14.6796,114000
2023-05-29 16:27:55,43,W+R,0,False,False,False,B,-0.88,14.657,114000
2023-05-29 16:28:03,43,W+R,0,False,False,False,B,-0.88,14.6075,114000
2023-05-29 16:28:16,43,W+R,0,False,False,False,B,-0.88,14.3388,114000
2023-05-29 16:28:28,43,W+R,0,False,False,False,B,-0.88,14.325,114000
2023-05-29 16:28:42,42,B+R,0,False,False,False,W,-0.88,14.3019,114000
2023-05-29 16:28:53,43,W+R,2,False,False,False,B,-0.88,14.2945,114000
2023-05-29 16:29:03,42,B+R,0,False,False,False,W,-0.88,14.2241,114000
2023-05-29 16:29:19,56,B+R,0,False,False,False,W,-0.88,14.2023,114000
2023-05-29 16:29:34,47,W+R,0,False,False,False,B,-0.88,14.2225,114000
2023-05-29 16:29:44,43,W+R,3,False,False,False,B,-0.88,14.2111,114000
2023-05-29 16:29:58,43,W+R,0,False,False,False,B,-0.88,14.2183,114000
2023-05-29 16:30:14,50,B+R,0,False,False,False,W,-0.88,14.1533,114000
2023-05-29 16:30:28,43,W+R,0,False,False,False,B,-0.88,14.1654,114000
2023-05-29 16:31:59,67,W+R,0,False,False,False,B,-0.88,14.3473,115000
2023-05-29 16:32:24,103,W+4.5,16,True,True,False,B,-0.88,14.472,115000
2023-05-29 16:32:43,57,W+R,0,False,False,False,B,-0.88,14.5315,115000
2023-05-29 16:32:58,43,W+R,0,False,False,False,B,-0.88,14.5615,115000
2023-05-29 16:33:10,43,W+R,0,False,False,False,B,-0.88,14.5907,115000
2023-05-29 16:33:22,43,W+R,1,False,False,False,B,-0.88,14.5633,115000
2023-05-29 16:33:47,75,W+R,3,False,False,False,B,-0.88,14.6245,115000
2023-05-29 16:33:58,43,W+R,0,False,False,False,B,-0.88,14.6108,115000
2023-05-29 16:34:19,69,W+R,1,False,False,False,B,-0.88,14.6072,115000
2023-05-29 16:34:31,43,W+R,0,False,False,False,B,-0.88,14.5906,115000
2023-05-29 16:34:46,46,B+R,0,False,False,False,W,-0.88,14.6471,115000
2023-05-29 16:35:09,85,W+0.5,8,True,True,False,B,-0.88,14.7604,115000
2023-05-29 16:35:21,43,W+R,0,False,False,False,B,-0.88,14.743,115000
2023-05-29 16:35:33,43,W+R,0,False,False,False,B,-0.88,14.7469,115000
2023-05-29 16:35:59,86,W+0.5,8,True,True,False,B,-0.88,14.8281,115000
2023-05-29 16:36:12,43,W+R,1,False,False,False,B,-0.88,14.7944,115000
2023-05-29 16:36:45,95,B+3.5,3,True,True,False,W,-0.88,14.894,115000
2023-05-29 16:36:57,43,W+R,0,False,False,False,B,-0.88,14.8203,115000
2023-05-29 16:37:26,162,W+11.5,42,True,True,False,B,-0.88,14.9683,115000
2023-05-29 16:37:39,43,W+R,0,False,False,False,B,-0.88,14.9591,115000
2023-05-29 16:37:52,43,W+R,0,False,False,False,B,-0.88,14.9624,115000
2023-05-29 16:38:03,43,W+R,0,False,False,False,B,-0.88,14.9422,115000
2023-05-29 16:38:16,43,W+R,0,False,False,False,B,-0.88,14.9616,115000
2023-05-29 16:38:34,61,W+R,1,False,False,False,B,-0.88,15.028,115000
2023-05-29 16:38:46,43,W+R,0,False,False,False,B,-0.88,15.0238,115000
2023-05-29 16:39:07,62,B+R,0,False,False,False,W,-0.88,14.9962,115000
2023-05-29 16:39:19,43,W+R,0,False,False,False,B,-0.88,14.9929,115000
2023-05-29 16:39:31,42,B+R,4,False,False,False,W,-0.88,14.9567,115000
2023-05-29 16:39:42,43,W+R,0,False,False,False,B,-0.88,14.9519,115000
2023-05-29 16:39:52,43,W+R,0,False,False,False,B,-0.88,14.9402,115000
2023-05-29 16:40:05,42,B+R,0,False,False,False,W,-0.88,14.941,115000
2023-05-29 16:40:16,42,W+15.5,4,False,False,False,,-0.88,14.8926,115000
2023-05-29 16:40:27,42,B+R,0,False,False,False,W,-0.88,14.8789,115000
2023-05-29 16:40:40,47,W+R,0,False,False,False,B,-0.88,14.884,115000
2023-05-29 16:40:54,43,W+R,0,False,False,False,B,-0.88,14.8959,115000
2023-05-29 16:41:10,50,B+R,0,False,False,False,W,-0.88,14.9201,115000
2023-05-29 16:41:35,76,W+2.5,5,True,True,False,B,-0.88,15.0432,115000
2023-05-29 16:41:47,43,W+R,0,False,False,False,B,-0.88,15.0231,115000
2023-05-29 16:42:05,51,W+R,0,False,False,False,B,-0.88,15.0704,115000
2023-05-29 16:42:19,43,W+R,0,False,False,False,B,-0.88,15.0876,115000
2023-05-29 16:43:55,43,W+R,1,False,False,False,B,-0.88,15.1793,116000
2023-05-29 16:44:04,43,W+R,0,False,False,False,B,-0.88,15.1519,116000
2023-05-29 16:44:25,67,W+R,0,False,False,False,B,-0.88,15.2269,116000
2023-05-29 16:44:38,42,B+R,0,False,False,False,W,-0.88,15.2416,116000
2023-05-29 16:44:49,43,W+R,0,False,False,False,B,-0.88,15.2202,116000
2023-05-29 16:45:00,43,W+R,0,False,False,False,B,-0.88,15.2063,116000
2023-05-29 16:45:38,155,W+R,25,False,False,False,B,-0.88,15.4513,116000
2023-05-29 16:45:47,43,W+R,0,False,False,False,B,-0.88,15.4427,116000
2023-05-29 16:46:01,43,W+R,0,False,False,False,B,-0.88,15.4212,116000
2023-05-29 16:46:12,42,B+R,0,False,False,False,W,-0.88,15.3589,116000
2023-05-29 16:46:22,43,W+R,0,False,False,False,B,-0.88,15.3528,116000
2023-05-29 16:46:36,43,W+R,1,False,False,False,B,-0.88,15.3446,116000
2023-05-29 16:46:47,53,W+R,0,False,False,False,B,-0.88,15.3361,116000
2023-05-29 16:47:01,43,W+R,0,False,False,False,B,-0.88,15.3586,116000
2023-05-29 16:47:14,44,B+R,0,False,False,False,W,-0.88,15.2534,116000
2023-05-29 16:47:26,42,B+R,0,False,False,False,W,-0.88,15.2514,116000
2023-05-29 16:47:46,72,W+2.5,3,True,True,False,B,-0.88,15.2487,116000
2023-05-29 16:47:59,42,B+R,0,False,False,False,W,-0.88,15.2348,116000
2023-05-29 16:48:12,45,W+R,0,False,False,False,B,-0.88,15.2456,116000
2023-05-29 16:48:22,48,B+R,0,False,False,False,W,-0.88,15.0894,116000
2023-05-29 16:48:34,43,W+R,0,False,False,False,B,-0.88,14.915,116000
2023-05-29 16:48:47,42,B+R,0,False,False,False,W,-0.88,14.8965,116000
2023-05-29 16:48:59,43,W+R,0,False,False,False,B,-0.88,14.8997,116000
2023-05-29 16:49:15,47,W+R,0,False,False,False,B,-0.88,14.8876,116000
2023-05-29 16:49:25,43,W+R,0,False,False,False,B,-0.88,14.8659,116000
2023-05-29 16:49:42,55,W+R,0,False,False,False,B,-0.88,14.9082,116000
2023-05-29 16:49:54,43,W+R,1,False,False,False,B,-0.88,14.8621,116000
2023-05-29 16:50:09,49,W+R,0,False,False,False,B,-0.88,14.8824,116000
2023-05-29 16:50:21,43,W+R,0,False,False,False,B,-0.88,14.8876,116000
2023-05-29 16:50:35,43,W+R,1,False,False,False,B,-0.88,14.8555,116000
2023-05-29 16:50:47,43,W+R,0,False,False,False,B,-0.88,14.8633,116000
2023-05-29 16:51:09,68,B+R,1,False,False,False,W,-0.88,14.95,116000
2023-05-29 16:51:22,43,W+R,0,False,False,False,B,-0.88,14.9208,116000
2023-05-29 16:51:30,43,W+R,1,False,False,False,B,-0.88,14.871,116000
2023-05-29 16:51:43,51,W+R,0,False,False,False,B,-0.88,14.8705,116000
2023-05-29 16:52:01,60,B+R,1,False,False,False,W,-0.88,14.9226,116000
2023-05-29 16:52:18,58,B+R,0,False,False,False,W,-0.88,14.9473,116000
2023-05-29 16:52:30,43,W+R,0,False,False,False,B,-0.88,14.9375,116000
2023-05-29 16:53:07,162,W+8.5,35,True,True,False,B,-0.88,15.1908,116000
2023-05-29 16:53:20,43,W+R,0,False,False,False,B,-0.88,15.1474,116000
2023-05-29 16:53:29,43,W+R,0,False,False,False,B,-0.88,15.1147,116000
2023-05-29 16:53:39,43,W+R,0,False,False,False,B,-0.88,15.0853,116000
2023-05-29 16:53:52,43,W+R,0,False,False,False,B,-0.88,15.0015,116000
2023-05-29 16:54:11,55,W+R,0,False,False,False,B,-0.88,14.9796,116000
2023-05-29 16:54:25,48,B+R,0,False,False,False,W,-0.88,14.9953,116000
2023-05-29 16:54:38,42,B+R,0,False,False,False,W,-0.88,15.0289,116000
2023-05-29 16:54:50,43,W+R,0,False,False,False,B,-0.88,15.0756,116000
2023-05-29 16:56:05,43,W+R,0,False,False,False,B,-0.88,15.0803,117000
2023-05-29 16:56:19,43,W+R,0,False,False,False,B,-0.88,15.0854,117000
2023-05-29 16:56:38,67,W+R,0,False,False,False,B,-0.88,15.1562,117000
2023-05-29 16:56:48,43,W+R,0,False,False,False,B,-0.88,15.1596,117000
2023-05-29 16:57:13,71,W+R,2,False,False,False,B,-0.88,15.2487,117000
2023-05-29 16:57:27,45,W+R,0,False,False,False,B,-0.88,15.2405,117000
2023-05-29 16:57:39,42,B+R,0,False,False,False,W,-0.88,15.2527,117000
2023-05-29 16:58:13,135,W+4.5,26,True,True,False,B,-0.88,15.4577,117000
2023-05-29 16:58:31,61,W+R,3,False,False,False,B,-0.88,15.477,117000
2023-05-29 16:58:43,43,W+R,0,False,False,False,B,-0.88,15.4575,117000
2023-05-29 16:59:01,59,W+R,0,False,False,False,B,-0.88,15.3871,117000
2023-05-29 16:59:17,47,W+R,0,False,False,False,B,-0.88,15.3599,117000
2023-05-29 16:59:44,79,W+R,0,False,False,False,B,-0.88,15.3713,117000
2023-05-29 16:59:55,43,W+R,2,False,False,False,B,-0.88,15.2885,117000
2023-05-29 17:00:04,43,W+R,1,False,False,False,B,-0.88,15.2373,117000
2023-05-29 17:00:16,43,W+R,0,False,False,False,B,-0.88,15.231,117000
2023-05-29 17:00:26,42,B+R,0,False,False,False,W,-0.88,15.2161,117000
2023-05-29 17:00:38,43,W+R,0,False,False,False,B,-0.88,15.0913,117000
2023-05-29 17:00:56,58,B+R,0,False,False,False,W,-0.88,15.1577,117000
2023-05-29 17:01:04,43,W+R,0,False,False,False,B,-0.88,15.0269,117000
2023-05-29 17:01:14,45,W+R,0,False,False,False,B,-0.88,15.0006,117000
2023-05-29 17:01:24,51,W+R,1,False,False,False,B,-0.88,14.9489,117000
2023-05-29 17:01:32,42,B+R,0,False,False,False,W,-0.88,14.8,117000
2023-05-29 17:01:46,57,W+R,0,False,False,False,B,-0.88,14.8355,117000
2023-05-29 17:02:05,59,W+R,0,False,False,False,B,-0.88,14.8975,117000
2023-05-29 17:02:20,48,B+R,0,False,False,False,W,-0.88,14.7828,117000
2023-05-29 17:02:57,162,W+4.5,25,True,True,False,B,-0.88,15.0243,117000
2023-05-29 17:03:06,43,W+R,0,False,False,False,B,-0.88,14.7852,117000
2023-05-29 17:03:26,76,W+5.5,4,True,True,False,B,-0.88,14.872,117000
2023-05-29 17:03:38,43,W+R,0,False,False,False,B,-0.88,14.6934,117000
2023-05-29 17:03:46,43,W+R,0,False,False,False,B,-0.88,14.6543,117000
2023-05-29 17:04:02,53,W+R,0,False,False,False,B,-0.88,14.6765,117000
2023-05-29 17:04:15,43,W+R,0,False,False,False,B,-0.88,14.6963,117000
2023-05-29 17:04:35,61,W+R,0,False,False,False,B,-0.88,14.7653,117000
2023-05-29 17:04:52,51,W+R,0,False,False,False,B,-0.88,14.7531,117000
2023-05-29 17:05:12,71,W+R,1,False,False,False,B,-0.88,14.8392,117000
2023-05-29 17:05:33,84,W+6.5,5,True,True,False,B,-0.88,14.8387,117000
2023-05-29 17:05:47,53,W+R,0,False,False,False,B,-0.88,14.8602,117000
2023-05-29 17:06:11,97,W+0.5,17,True,True,False,B,-0.88,14.9823,117000
2023-05-29 17:06:24,42,B+R,0,False,False,False,W,-0.88,14.9979,117000
2023-05-29 17:06:35,43,W+R,0,False,False,False,B,-0.88,15.0047,117000
2023-05-29 17:06:49,42,B+R,0,False,False,False,W,-0.88,15.017,117000
2023-05-29 17:08:05,42,B+R,0,False,False,False,W,-0.88,15.1198,118000
2023-05-29 17:08:18,42,B+R,0,False,False,False,W,-0.88,15.1214,118000
2023-05-29 17:08:32,52,B+R,0,False,False,False,W,-0.88,15.1252,118000
2023-05-29 17:08:46,42,B+R,0,False,False,False,W,-0.88,15.0992,118000
2023-05-29 17:09:20,127,W+0.5,23,True,True,False,B,-0.88,15.1896,118000
2023-05-29 17:09:32,42,B+R,0,False,False,False,W,-0.88,15.1908,118000
2023-05-29 17:09:42,43,W+R,0,False,False,False,B,-0.88,15.1117,118000
2023-05-29 17:09:59,60,B+R,2,False,False,False,W,-0.88,15.1449,118000
2023-05-29 17:10:12,43,W+R,3,False,False,False,B,-0.88,14.9409,118000
2023-05-29 17:10:25,42,B+R,0,False,False,False,W,-0.88,14.9619,118000
2023-05-29 17:10:37,43,W+R,0,False,False,False,B,-0.88,15.0068,118000
2023-05-29 17:11:00,91,B+5.5,11,True,True,False,W,-0.88,15.022,118000
2023-05-29 17:11:12,42,B+R,0,False,False,False,W,-0.88,15.0087,118000
2023-05-29 17:11:25,43,W+R,0,False,False,False,B,-0.88,15.0198,118000
2023-05-29 17:11:39,42,B+R,0,False,False,False,W,-0.88,15.0557,118000
2023-05-29 17:11:51,42,B+R,3,False,False,False,W,-0.88,14.7967,118000
2023-05-29 17:12:03,43,W+R,1,False,False,False,B,-0.88,14.8267,118000
2023-05-29 17:12:15,43,W+R,0,False,False,False,B,-0.88,14.8144,118000
2023-05-29 17:12:28,43,W+R,0,False,False,False,B,-0.88,14.8273,118000
2023-05-29 17:12:41,43,W+R,0,False,False,False,B,-0.88,14.8548,118000
2023-05-29 17:12:50,43,W+R,0,False,False,False,B,-0.88,14.813,118000
2023-05-29 17:12:59,42,B+R,0,False,False,False,W,-0.88,14.7893,118000
2023-05-29 17:13:10,38,W+6.5,2,False,False,False,,-0.88,14.7593,118000
2023-05-29 17:13:22,43,W+R,1,False,False,False,B,-0.88,14.7527,118000
2023-05-29 17:13:35,43,W+R,0,False,False,False,B,-0.88,14.7542,118000
2023-05-29 17:13:54,57,W+R,0,False,False,False,B,-0.88,14.741,118000
2023-05-29 17:14:07,44,B+R,0,False,False,False,W,-0.88,14.745,118000
2023-05-29 17:14:21,43,W+R,0,False,False,False,B,-0.88,14.7598,118000
2023-05-29 17:14:32,42,B+R,0,False,False,False,W,-0.88,14.7603,118000
2023-05-29 17:14:44,43,W+R,0,False,False,False,B,-0.88,14.7634,118000
2023-05-29 17:15:02,65,B+1.5,8,True,True,False,W,-0.88,14.8183,118000
2023-05-29 17:15:13,43,W+R,0,False,False,False,B,-0.88,14.8055,118000
2023-05-29 17:15:25,43,W+R,0,False,False,False,B,-0.88,14.7717,118000
2023-05-29 17:15:37,43,W+R,0,False,False,False,B,-0.88,14.7814,118000
2023-05-29 17:15:49,42,B+R,0,False,False,False,W,-0.88,14.7367,118000
2023-05-29 17:16:02,46,B+R,0,False,False,False,W,-0.88,14.7475,118000
2023-05-29 17:16:15,42,B+R,0,False,False,False,W,-0.88,14.7242,118000
2023-05-29 17:16:27,43,W+R,0,False,False,False,B,-0.88,14.7272,118000
2023-05-29 17:16:40,43,W+R,0,False,False,False,B,-0.88,14.7231,118000
2023-05-29 17:16:58,49,W+R,0,False,False,False,B,-0.88,14.7799,118000
2023-05-29 17:17:10,43,W+R,0,False,False,False,B,-0.88,14.6768,118000
2023-05-29 17:17:20,43,W+R,0,False,False,False,B,-0.88,14.6497,118000
2023-05-29 17:17:32,43,W+R,0,False,False,False,B,-0.88,14.6826,118000
2023-05-29 17:17:44,43,W+R,0,False,False,False,B,-0.88,14.6741,118000
2023-05-29 17:17:55,43,W+R,2,False,False,False,B,-0.88,14.607,118000
2023-05-29 17:18:07,43,W+R,0,False,False,False,B,-0.88,14.5559,118000
2023-05-29 17:18:30,71,W+R,1,False,False,False,B,-0.88,14.6626,118000
2023-05-29 17:18:43,43,W+R,0,False,False,False,B,-0.88,14.42,118000
2023-05-29 17:18:56,43,W+R,0,False,False,False,B,-0.88,14.4225,118000
2023-05-29 17:20:24,77,W+R,0,False,False,False,B,-0.88,14.633,119000
2023-05-29 17:21:07,162,W+11.5,35,True,True,False,B,-0.88,14.9271,119000
2023-05-29 17:21:20,43,W+R,0,False,False,False,B,-0.88,14.8661,119000
2023-05-29 17:21:45,86,W+0.5,13,True,True,False,B,-0.88,14.9815,119000
2023-05-29 17:21:57,43,W+R,0,False,False,False,B,-0.88,14.9736,119000
2023-05-29 17:22:12,48,B+R,0,False,False,False,W,-0.88,14.9988,119000
2023-05-29 17:22:31,56,B+R,0,False,False,False,W,-0.88,15.0513,119000
2023-05-29 17:22:43,43,W+R,0,False,False,False,B,-0.88,15.054,119000
2023-05-29 17:22:55,42,B+R,0,False,False,False,W,-0.88,15.0298,119000
2023-05-29 17:23:06,46,B+R,0,False,False,False,W,-0.88,14.9561,119000
2023-05-29 17:23:18,42,B+R,0,False,False,False,W,-0.88,14.9742,119000
2023-05-29 17:23:31,43,W+R,2,False,False,False,B,-0.88,14.8517,119000
2023-05-29 17:23:51,71,W+R,0,False,False,False,B,-0.88,14.9166,119000
2023-05-29 17:24:03,42,B+R,0,False,False,False,W,-0.88,14.9213,119000
2023-05-29 17:24:25,63,W+R,0,False,False,False,B,-0.88,14.7903,119000
2023-05-29 17:24:38,43,W+R,0,False,False,False,B,-0.88,14.7463,119000
2023-05-29 17:24:46,42,B+R,0,False,False,False,W,-0.88,14.7096,119000
2023-05-29 17:24:58,43,W+R,0,False,False,False,B,-0.88,14.6453,119000
2023-05-29 17:25:10,43,W+R,0,False,False,False,B,-0.88,14.602,119000
2023-05-29 17:25:23,43,W+R,0,False,False,False,B,-0.88,14.4648,119000
2023-05-29 17:25:35,43,W+R,0,False,False,False,B,-0.88,14.4818,119000
2023-05-29 17:25:48,42,B+R,0,False,False,False,W,-0.88,14.5203,119000
2023-05-29 17:26:00,42,B+R,0,False,False,False,W,-0.88,14.5166,119000
2023-05-29 17:26:14,46,B+R,0,False,False,False,W,-0.88,14.5478,119000
2023-05-29 17:26:33,65,W+R,2,False,False,False,B,-0.88,14.6195,119000
2023-05-29 17:26:49,57,W+R,0,False,False,False,B,-0.88,14.6025,119000
2023-05-29 17:27:07,59,W+R,0,False,False,False,B,-0.88,14.7097,119000
2023-05-29 17:27:19,43,W+R,0,False,False,False,B,-0.88,14.7264,119000
2023-05-29 17:27:31,42,B+R,0,False,False,False,W,-0.88,14.7469,119000
2023-05-29 17:27:47,49,W+R,0,False,False,False,B,-0.88,14.8269,119000
2023-05-29 17:28:04,49,W+R,0,False,False,False,B,-0.88,14.8473,119000
2023-05-29 17:28:16,43,W+R,0,False,False,False,B,-0.88,14.7798,119000
2023-05-29 17:28:38,72,B+R,0,False,False,False,W,-0.88,14.8568,119000
2023-05-29 17:28:50,42,B+R,0,False,False,False,W,-0.88,14.6072,119000
2023-05-29 17:29:01,49,W+R,0,False,False,False,B,-0.88,14.6214,119000
2023-05-29 17:29:37,113,W+2.5,14,True,True,False,B,-0.88,14.7814,119000
2023-05-29 17:29:50,43,W+R,0,False,False,False,B,-0.88,14.8005,119000
2023-05-29 17:30:03,43,W+R,0,False,False,False,B,-0.88,14.8406,119000
2023-05-29 17:30:15,43,W+R,0,False,False,False,B,-0.88,14.8063,119000
2023-05-29 17:30:23,43,W+R,2,False,False,False,B,-0.88,14.7578,119000
2023-05-29 17:32:13,72,B+2.5,5,True,True,False,W,-0.88,14.9511,120000
2023-05-29 17:32:26,43,W+R,0,False,False,False,B,-0.88,14.8799,120000
2023-05-29 17:32:50,87,B+3.5,5,True,True,False,W,-0.88,14.9183,120000
2023-05-29 17:33:02,42,B+R,0,False,False,False,W,-0.88,14.8902,120000
2023-05-29 17:33:31,103,W+12.5,15,True,True,False,B,-0.88,14.9353,120000
2023-05-29 17:33:50,57,W+R,0,False,False,False,B,-0.88,15.0078,120000
2023-05-29 17:34:00,43,W+R,0,False,False,False,B,-0.88,14.9892,120000
2023-05-29 17:34:13,43,W+R,0,False,False,False,B,-0.88,14.9851,120000
2023-05-29 17:34:25,43,W+R,0,False,False,False,B,-0.88,14.9164,120000
2023-05-29 17:34:37,54,B+R,0,False,False,False,W,-0.88,14.8962,120000
2023-05-29 17:34:48,42,B+R,0,False,False,False,W,-0.88,14.8816,120000
2023-05-29 17:35:00,43,W+R,0,False,False,False,B,-0.88,14.8563,120000
2023-05-29 17:35:13,43,W+R,0,False,False,False,B,-0.88,14.8462,120000
2023-05-29 17:35:27,51,W+R,0,False,False,False,B,-0.88,14.647,120000
2023-05-29 17:35:36,43,W+R,0,False,False,False,B,-0.88,14.6152,120000
2023-05-29 17:35:49,43,W+R,0,False,False,False,B,-0.88,14.6417,120000
2023-05-29 17:36:01,42,B+R,1,False,False,False,W,-0.88,14.5974,120000
2023-05-29 17:36:13,43,W+R,0,False,False,False,B,-0.88,14.5845,120000
2023-05-29 17:36:25,43,W+R,0,False,False,False,B,-0.88,14.581,120000
2023-05-29 17:36:38,42,B+R,0,False,False,False,W,-0.88,14.581,120000
2023-05-29 17:36:59,71,B+3.5,5,True,True,False,W,-0.88,14.571,120000
2023-05-29 17:37:20,72,B+R,4,False,False,False,W,-0.88,14.657,120000
2023-05-29 17:37:31,42,B+R,0,False,False,False,W,-0.88,14.6458,120000
2023-05-29 17:38:05,118,B+0.5,17,True,True,False,W,-0.88,14.841,120000
2023-05-29 17:38:17,43,W+R,2,False,False,False,B,-0.88,14.8424,120000
2023-05-29 17:38:37,84,W+3.5,6,True,True,False,B,-0.88,14.9142,120000
2023-05-29 17:38:50,43,W+R,0,False,False,False,B,-0.88,14.9183,120000
2023-05-29 17:38:59,42,B+R,0,False,False,False,W,-0.88,14.8797,120000
2023-05-29 17:39:07,42,B+R,0,False,False,False,W,-0.88,14.8389,120000
2023-05-29 17:39:16,43,W+R,0,False,False,False,B,-0.88,14.8364,120000
2023-05-29 17:39:29,43,W+R,1,False,False,False,B,-0.88,14.8725,120000
2023-05-29 17:39:57,88,W+0.5,8,True,True,False,B,-0.88,15.0469,120000
2023-05-29 17:40:10,43,W+R,0,False,False,False,B,-0.88,15.0538,120000
2023-05-29 17:40:21,45,W+R,0,False,False,False,B,-0.88,15.0358,120000
2023-05-29 17:40:32,42,B+R,0,False,False,False,W,-0.88,14.9631,120000
2023-05-29 17:40:44,43,W+R,0,False,False,False,B,-0.88,14.9477,120000
2023-05-29 17:41:00,51,W+R,0,False,False,False,B,-0.88,14.9722,120000
2023-05-29 17:41:14,43,W+R,0,False,False,False,B,-0.88,14.9976,120000
2023-05-29 17:41:26,42,B+R,0,False,False,False,W,-0.88,14.9999,120000
2023-05-29 17:41:39,42,B+R,0,False,False,False,W,-0.88,14.9447,120000
2023-05-29 17:41:51,43,W+R,0,False,False,False,B,-0.88,14.9596,120000
2023-05-29 17:42:05,45,W+R,0,False,False,False,B,-0.88,14.9718,120000
2023-05-29 17:42:25,74,B+R,2,False,False,False,W,-0.88,15.0606,120000
2023-05-29 17:42:36,43,W+R,1,False,False,False,B,-0.88,15.0483,120000
2023-05-29 17:42:47,43,W+R,0,False,False,False,B,-0.88,15.0293,120000
2023-05-29 17:43:00,43,W+R,0,False,False,False,B,-0.88,15.0348,120000
2023-05-29 17:44:16,43,W+R,1,False,False,False,B,-0.88,15.0549,121000
2023-05-29 17:44:28,42,B+R,0,False,False,False,W,-0.88,14.9905,121000
2023-05-29 17:44:39,43,W+R,0,False,False,False,B,-0.88,14.9842,121000
2023-05-29 17:44:51,42,B+R,0,False,False,False,W,-0.88,14.9977,121000
2023-05-29 17:45:04,43,W+R,0,False,False,False,B,-0.88,15.0151,121000
2023-05-29 17:45:16,43,W+R,3,False,False,False,B,-0.88,15.0196,121000
2023-05-29 17:45:29,43,W+R,0,False,False,False,B,-0.88,15.0341,121000
2023-05-29 17:45:55,110,W+4.5,26,True,True,False,B,-0.88,15.1755,121000
2023-05-29 17:46:07,44,B+R,0,False,False,False,W,-0.88,15.0748,121000
2023-05-29 17:46:23,43,W+R,0,False,False,False,B,-0.88,15.0956,121000
2023-05-29 17:46:47,76,B+R,0,False,False,False,W,-0.88,15.2111,121000
2023-05-29 17:47:00,43,W+R,0,False,False,False,B,-0.88,15.2145,121000
2023-05-29 17:47:11,43,W+R,0,False,False,False,B,-0.88,15.0487,121000
2023-05-29 17:47:23,43,W+R,0,False,False,False,B,-0.88,14.7482,121000
2023-05-29 17:47:35,43,W+R,0,False,False,False,B,-0.88,14.74,121000
2023-05-29 17:47:47,42,B+R,0,False,False,False,W,-0.88,14.6004,121000
2023-05-29 17:48:00,43,W+R,0,False,False,False,B,-0.88,14.6081,121000
2023-05-29 17:48:10,42,B+R,0,False,False,False,W,-0.88,14.5663,121000
2023-05-29 17:48:24,53,W+R,0,False,False,False,B,-0.88,14.5219,121000
2023-05-29 17:48:37,43,W+R,0,False,False,False,B,-0.88,14.5271,121000
2023-05-29 17:48:49,43,W+R,0,False,False,False,B,-0.88,14.5252,121000
2023-05-29 17:49:02,43,W+R,0,False,False,False,B,-0.88,14.5418,121000
2023-05-29 17:49:20,62,B+R,5,False,False,False,W,-0.88,14.6087,121000
2023-05-29 17:49:41,58,B+R,0,False,False,False,W,-0.88,14.6846,121000
2023-05-29 17:49:55,53,W+R,0,False,False,False,B,-0.88,14.6186,121000
2023-05-29 17:50:09,43,W+R,0,False,False,False,B,-0.88,14.6361,121000
2023-05-29 17:50:22,42,B+R,0,False,False,False,W,-0.88,14.5535,121000
2023-05-29 17:50:34,43,W+R,0,False,False,False,B,-0.88,14.5411,121000
2023-05-29 17:50:46,42,B+R,0,False,False,False,W,-0.88,14.5805,121000
2023-05-29 17:50:59,42,B+R,0,False,False,False,W,-0.88,14.5957,121000
2023-05-29 17:51:12,43,W+R,1,False,False,False,B,-0.88,14.6021,121000
2023-05-29 17:51:27,48,B+R,0,False,False,False,W,-0.88,14.6284,121000
2023-05-29 17:51:40,42,B+R,0,False,False,False,W,-0.88,14.6327,121000
2023-05-29 17:51:52,43,W+R,0,False,False,False,B,-0.88,14.625,121000
2023-05-29 17:52:07,43,W+R,0,False,False,False,B,-0.88,14.6528,121000
2023-05-29 17:52:31,74,B+R,5,False,False,False,W,-0.88,14.7571,121000
2023-05-29 17:52:44,52,B+R,0,False,False,False,W,-0.88,14.6964,121000
2023-05-29 17:53:15,111,W+5.5,23,True,True,False,B,-0.88,14.8467,121000
2023-05-29 17:53:29,43,W+R,0,False,False,False,B,-0.88,14.8031,121000
2023-05-29 17:53:42,43,W+R,0,False,False,False,B,-0.88,14.8182,121000
2023-05-29 17:54:08,96,B+0.5,8,True,True,False,W,-0.88,14.9533,121000
2023-05-29 17:54:21,43,W+R,0,False,False,False,B,-0.88,14.9271,121000
2023-05-29 17:54:40,54,B+R,0,False,False,False,W,-0.88,14.9441,121000
2023-05-29 17:55:02,65,W+R,2,False,False,False,B,-0.88,15.0441,121000
2023-05-29 17:56:22,66,B+R,0,False,False,False,W,-0.88,15.0099,122000
2023-05-29 17:56:32,43,W+R,0,False,False,False,B,-0.88,15.0149,122000
2023-05-29 17:56:45,43,W+R,0,False,False,False,B,-0.88,14.7781,122000
2023-05-29 17:56:56,43,W+R,0,False,False,False,B,-0.88,14.7545,122000
2023-05-29 17:57:08,43,W+R,0,False,False,False,B,-0.88,14.7451,122000
2023-05-29 17:57:19,43,W+R,0,False,False,False,B,-0.88,14.7421,122000
2023-05-29 17:57:33,53,W+0.5,5,True,True,False,B,-0.88,14.7962,122000
2023-05-29 17:57:43,42,B+R,0,False,False,False,W,-0.88,14.5342,122000
2023-05-29 17:57:59,63,W+R,0,False,False,False,B,-0.88,14.4974,122000
2023-05-29 17:58:09,43,W+R,0,False,False,False,B,-0.88,14.4645,122000
2023-05-29 17:58:21,43,W+R,0,False,False,False,B,-0.88,14.3404,122000
2023-05-29 17:58:34,43,W+R,1,False,False,False,B,-0.88,14.3583,122000
2023-05-29 17:58:45,43,W+R,0,False,False,False,B,-0.88,14.1779,122000
2023-05-29 17:58:57,43,W+R,0,False,False,False,B,-0.88,14.1013,122000
2023-05-29 17:59:10,42,B+R,0,False,False,False,W,-0.88,14.1294,122000
2023-05-29 17:59:25,53,W+R,0,False,False,False,B,-0.88,14.1473,122000
2023-05-29 17:59:37,43,W+R,0,False,False,False,B,-0.88,14.153,122000
2023-05-29 17:59:50,43,W+R,0,False,False,False,B,-0.88,14.1609,122000
2023-05-29 18:00:08,66,W+2.5,4,True,True,False,B,-0.88,14.2238,122000
2023-05-29 18:00:21,43,W+R,0,False,False,False,B,-0.88,14.237,122000
2023-05-29 18:00:46,74,B+R,0,False,False,False,W,-0.88,14.3605,122000
2023-05-29 18:00:58,43,W+R,0,False,False,False,B,-0.88,14.3413,122000
2023-05-29 18:01:18,65,W+R,1,False,False,False,B,-0.88,14.4446,122000
2023-05-29 18:01:30,42,B+R,0,False,False,False,W,-0.88,14.4445,122000
2023-05-29 18:01:57,69,B+0.5,2,False,False,False,,-0.88,14.5836,122000
2023-05-29 18:02:07,43,W+R,0,False,False,False,B,-0.88,14.5741,122000
2023-05-29 18:02:20,53,W+R,0,False,False,False,B,-0.88,14.5743,122000
2023-05-29 18:02:28,43,W+R,0,False,False,False,B,-0.88,14.5295,122000
2023-05-29 18:02:39,42,B+R,0,False,False,False,W,-0.88,14.4269,122000
2023-05-29 18:02:52,43,W+R,0,False,False,False,B,-0.88,14.3522,122000
2023-05-29 18:03:16,84,W+6.5,9,True,True,False,B,-0.88,14.4752,122000
2023-05-29 18:03:30,44,B+R,0,False,False,False,W,-0.88,14.276,122000
2023-05-29 18:03:42,43,W+R,0,False,False,False,B,-0.88,14.2831,122000
2023-05-29 18:03:51,43,W+R,0,False,False,False,B,-0.88,14.1727,122000
2023-05-29 18:04:03,43,W+R,0,False,False,False,B,-0.88,14.1682,122000
2023-05-29 18:04:15,42,B+R,0,False,False,False,W,-0.88,14.1972,122000
2023-05-29 18:04:27,43,W+R,0,False,False,False,B,-0.88,14.2309,122000
2023-05-29 18:04:40,42,B+R,0,False,False,False,W,-0.88,14.2701,122000
2023-05-29 18:05:02,71,W+R,0,False,False,False,B,-0.88,14.3629,122000
2023-05-29 18:05:15,45,W+R,0,False,False,False,B,-0.88,14.2129,122000
2023-05-29 18:05:26,43,W+R,0,False,False,False,B,-0.88,14.1868,122000
2023-05-29 18:05:39,48,B+R,0,False,False,False,W,-0.88,14.2092,122000
2023-05-29 18:05:49,43,W+R,0,False,False,False,B,-0.88,14.1986,122000
2023-05-29 18:06:02,43,W+R,0,False,False,False,B,-0.88,14.2061,122000
2023-05-29 18:06:13,43,W+R,0,False,False,False,B,-0.88,14.1541,122000
2023-05-29 18:06:25,43,W+R,0,False,False,False,B,-0.88,14.1432,122000
2023-05-29 18:06:39,46,B+R,0,False,False,False,W,-0.88,14.162,122000
2023-05-29 18:06:52,43,W+R,0,False,False,False,B,-0.88,14.1662,122000
2023-05-29 18:08:11,43,W+R,0,False,False,False,B,-0.88,14.1646,123000
2023-05-29 18:08:24,42,B+R,0,False,False,False,W,-0.88,14.0891,123000
2023-05-29 18:08:34,42,B+R,0,False,False,False,W,-0.88,14.0827,123000
2023-05-29 18:08:45,43,W+R,0,False,False,False,B,-0.88,14.0777,123000
2023-05-29 18:08:57,43,W+R,2,False,False,False,B,-0.88,14.0701,123000
2023-05-29 18:09:09,43,W+R,1,False,False,False,B,-0.88,14.0296,123000
2023-05-29 18:09:21,42,B+R,0,False,False,False,W,-0.88,14.0281,123000
2023-05-29 18:09:42,87,W+3.5,11,True,True,False,B,-0.88,14.1218,123000
2023-05-29 18:10:00,66,W+6.5,6,True,True,False,B,-0.88,14.1975,123000
2023-05-29 18:10:20,64,B+R,1,False,False,False,W,-0.88,14.2811,123000
2023-05-29 18:10:57,117,B+7.5,17,True,True,True,B,-0.88,14.5161,123000
2023-05-29 18:11:07,43,W+R,0,False,False,False,B,-0.88,14.4924,123000
2023-05-29 18:11:19,43,W+R,0,False,False,False,B,-0.88,14.4901,123000
2023-05-29 18:11:37,59,W+R,1,False,False,False,B,-0.88,14.4111,123000
2023-05-29 18:11:56,59,W+R,0,False,False,False,B,-0.88,14.4673,123000
2023-05-29 18:12:07,42,B+R,0,False,False,False,W,-0.88,14.4303,123000
2023-05-29 18:12:45,162,W+7.5,35,True,True,False,B,-0.88,14.5604,123000
2023-05-29 18:12:59,43,W+R,0,False,False,False,B,-0.88,14.57,123000
2023-05-29 18:13:10,42,B+R,0,False,False,False,W,-0.88,14.582,123000
2023-05-29 18:13:23,43,W+R,0,False,False,False,B,-0.88,14.5804,123000
2023-05-29 18:13:44,65,W+R,0,False,False,False,B,-0.88,14.6703,123000
2023-05-29 18:14:05,68,B+R,0,False,False,False,W,-0.88,14.7693,123000
2023-05-29 18:14:20,54,B+R,0,False,False,False,W,-0.88,14.7914,123000
2023-05-29 18:14:38,52,B+R,0,False,False,False,W,-0.88,14.8634,123000
2023-05-29 18:14:50,43,W+R,0,False,False,False,B,-0.88,14.8434,123000
2023-05-29 18:15:08,64,W+6.5,4,True,True,False,B,-0.88,14.8893,123000
2023-05-29 18:15:20,43,W+R,3,False,False,False,B,-0.88,14.8966,123000
2023-05-29 18:15:32,42,B+R,0,False,False,False,W,-0.88,14.8846,123000
2023-05-29 18:15:44,43,W+R,0,False,False,False,B,-0.88,14.82,123000
2023-05-29 18:15:56,43,W+R,0,False,False,False,B,-0.88,14.738,123000
2023-05-29 18:16:20,77,W+R,1,False,False,False,B,-0.88,14.8339,123000
2023-05-29 18:16:30,43,W+R,2,False,False,False,B,-0.88,14.7945,123000
2023-05-29 18:16:44,47,W+R,0,False,False,False,B,-0.88,14.8052,123000
2023-05-29 18:16:56,43,W+R,0,False,False,False,B,-0.88,14.8038,123000
2023-05-29 18:17:08,43,W+R,0,False,False,False,B,-0.88,14.809,123000
2023-05-29 18:17:26,55,W+R,0,False,False,False,B,-0.88,14.8581,123000
2023-05-29 18:17:47,66,B+R,1,False,False,False,W,-0.88,14.9382,123000
2023-05-29 18:18:00,43,W+R,0,False,False,False,B,-0.88,14.9149,123000
2023-05-29 18:18:13,42,B+R,0,False,False,False,W,-0.88,14.9193,123000
2023-05-29 18:18:50,162,B+4.5,29,True,True,False,W,-0.88,15.1631,123000
2023-05-29 18:19:04,43,W+R,0,False,False,False,B,-0.88,15.1588,123000
2023-05-29 18:20:23,51,W+R,0,False,False,False,B,-0.88,15.1279,124000
2023-05-29 18:20:33,42,B+R,0,False,False,False,W,-0.88,14.9145,124000
2023-05-29 18:20:44,43,W+R,0,False,False,False,B,-0.88,14.8842,124000
2023-05-29 18:20:55,44,B+R,0,False,False,False,W,-0.88,14.8618,124000
2023-05-29 18:21:18,71,W+R,0,False,False,False,B,-0.88,14.8314,124000
2023-05-29 18:21:29,43,W+R,0,False,False,False,B,-0.88,14.8119,124000
2023-05-29 18:21:42,43,W+R,0,False,False,False,B,-0.88,14.7588,124000
2023-05-29 18:22:12,86,B+R,7,False,False,False,W,-0.88,14.8317,124000
2023-05-29 18:22:26,42,B+R,0,False,False,False,W,-0.88,14.8537,124000
2023-05-29 18:22:58,90,B+R,3,False,False,False,W,-0.88,14.9848,124000
2023-05-29 18:23:16,54,B+R,0,False,False,False,W,-0.88,15.0516,124000
2023-05-29 18:23:41,80,B+R,5,False,False,False,W,-0.88,15.1777,124000
2023-05-29 18:24:03,67,W+R,0,False,False,False,B,-0.88,15.2923,124000
2023-05-29 18:24:16,42,B+R,0,False,False,False,W,-0.88,15.2991,124000
2023-05-29 18:24:33,55,W+R,0,False,False,False,B,-0.88,15.3542,124000
2023-05-29 18:24:44,43,W+R,0,False,False,False,B,-0.88,15.3318,124000
2023-05-29 18:24:59,46,B+R,0,False,False,False,W,-0.88,15.3825,124000
2023-05-29 18:25:11,43,W+R,0,False,False,False,B,-0.88,15.3309,124000
2023-05-29 18:25:27,53,W+R,0,False,False,False,B,-0.88,15.396,124000
2023-05-29 18:25:41,46,B+R,0,False,False,False,W,-0.88,15.4105,124000
2023-05-29 18:25:51,43,W+R,0,False,False,False,B,-0.88,15.3897,124000
2023-05-29 18:26:03,42,B+R,0,False,False,False,W,-0.88,15.3962,124000
2023-05-29 18:26:15,42,B+R,0,False,False,False,W,-0.88,15.3995,124000
2023-05-29 18:26:32,69,B+3.5,4,True,True,False,W,-0.88,15.4424,124000
2023-05-29 18:26:40,43,W+R,0,False,False,False,B,-0.88,15.3715,124000
2023-05-29 18:26:58,65,W+R,0,False,False,False,B,-0.88,15.4307,124000
2023-05-29 18:27:11,43,W+R,0,False,False,False,B,-0.88,15.4305,124000
2023-05-29 18:27:27,57,W+R,0,False,False,False,B,-0.88,15.4106,124000
2023-05-29 18:27:41,43,W+R,1,False,False,False,B,-0.88,15.4214,124000
2023-05-29 18:28:00,59,W+R,0,False,False,False,B,-0.88,15.3588,124000
2023-05-29 18:28:25,71,W+R,7,False,False,False,B,-0.88,15.4883,124000
2023-05-29 18:28:38,43,W+R,0,False,False,False,B,-0.88,15.4231,124000
2023-05-29 18:28:49,43,W+R,0,False,False,False,B,-0.88,15.4135,124000
2023-05-29 18:29:01,43,W+R,0,False,False,False,B,-0.88,15.2642,124000
2023-05-29 18:29:24,75,W+R,0,False,False,False,B,-0.88,15.3841,124000
2023-05-29 18:29:36,42,B+R,0,False,False,False,W,-0.88,15.3837,124000
2023-05-29 18:29:48,43,W+R,0,False,False,False,B,-0.88,15.4241,124000
2023-05-29 18:29:58,42,B+R,0,False,False,False,W,-0.88,15.4122,124000
2023-05-29 18:30:11,42,B+R,0,False,False,False,W,-0.88,15.4131,124000
2023-05-29 18:30:23,43,W+R,0,False,False,False,B,-0.88,15.2891,124000
2023-05-29 18:30:36,42,B+R,0,False,False,False,W,-0.88,15.2767,124000
2023-05-29 18:30:46,42,B+R,0,False,False,False,W,-0.88,15.2535,124000
2023-05-29 18:30:58,43,W+R,0,False,False,False,B,-0.88,15.2843,124000
2023-05-29 18:32:11,42,B+R,0,False,False,False,W,-0.88,15.2793,125000
2023-05-29 18:32:21,43,W+R,0,False,False,False,B,-0.88,15.2633,125000
2023-05-29 18:32:40,64,B+R,0,False,False,False,W,-0.88,15.3175,125000
2023-05-29 18:32:51,43,W+R,0,False,False,False,B,-0.88,15.2177,125000
2023-05-29 18:33:05,46,B+R,0,False,False,False,W,-0.88,15.2193,125000
2023-05-29 18:33:20,51,W+R,0,False,False,False,B,-0.88,15.2692,125000
2023-05-29 18:33:41,69,B+3.5,3,True,True,False,W,-0.88,15.3443,125000
2023-05-29 18:33:53,43,W+R,1,False,False,False,B,-0.88,15.3588,125000
2023-05-29 18:34:04,42,B+R,0,False,False,False,W,-0.88,15.3475,125000
2023-05-29 18:34:16,43,W+R,0,False,False,False,B,-0.88,15.3533,125000
2023-05-29 18:34:28,42,B+R,0,False,False,False,W,-0.88,15.3526,125000
2023-05-29 18:34:42,43,W+R,0,False,False,False,B,-0.88,15.3514,125000
2023-05-29 18:35:09,80,B+R,9,False,False,False,W,-0.88,15.4889,125000
2023-05-29 18:35:21,43,W+R,0,False,False,False,B,-0.88,15.4854,125000
2023-05-29 18:35:39,58,B+R,0,False,False,False,W,-0.88,15.5275,125000
2023-05-29 18:35:52,45,W+R,0,False,False,False,B,-0.88,15.5356,125000
2023-05-29 18:36:01,42,B+R,0,False,False,False,W,-0.88,15.5181,125000
2023-05-29 18:36:12,43,W+R,0,False,False,False,B,-0.88,15.522,125000
2023-05-29 18:36:35,71,W+R,0,False,False,False,B,-0.88,15.6305,125000
2023-05-29 18:36:46,43,W+R,0,False,False,False,B,-0.88,15.6233,125000
2023-05-29 18:36:55,43,W+R,0,False,False,False,B,-0.88,15.5943,125000
2023-05-29 18:37:09,45,W+R,0,False,False,False,B,-0.88,15.5209,125000
2023-05-29 18:37:21,43,W+R,0,False,False,False,B,-0.88,15.4546,125000
2023-05-29 18:37:32,43,W+R,0,False,False,False,B,-0.88,15.3639,125000
2023-05-29 18:37:44,43,W+R,0,False,False,False,B,-0.88,15.122,125000
2023-05-29 18:37:53,42,B+R,0,False,False,False,W,-0.88,15.1172,125000
2023-05-29 18:38:05,43,W+R,1,False,False,False,B,-0.88,15.1024,125000
2023-05-29 18:38:24,67,W+R,2,False,False,False,B,-0.88,15.1187,125000
2023-05-29 18:38:35,43,W+R,1,False,False,False,B,-0.88,15.0479,125000
2023-05-29 18:38:48,43,W+R,0,False,False,False,B,-0.88,15.0619,125000
2023-05-29 18:38:59,43,W+R,0,False,False,False,B,-0.88,14.7917,125000
2023-05-29 18:39:11,43,W+R,1,False,False,False,B,-0.88,14.7744,125000
2023-05-29 18:39:23,43,W+R,0,False,False,False,B,-0.88,14.7762,125000
2023-05-29 18:39:42,85,B+3.5,11,True,True,False,W,-0.88,14.8468,125000
2023-05-29 18:40:15,108,W+9.5,15,True,True,False,B,-0.88,14.9591,125000
2023-05-29 18:40:38,84,W+5.5,6,True,True,False,B,-0.88,14.9849,125000
2023-05-29 18:40:53,45,W+R,0,False,False,False,B,-0.88,14.975,125000
2023-05-29 18:41:05,43,W+R,1,False,False,False,B,-0.88,14.9202,125000
2023-05-29 18:41:25,79,W+R,0,False,False,False,B,-0.88,14.9982,125000
2023-05-29 18:41:37,43,W+R,0,False,False,False,B,-0.88,14.9425,125000
2023-05-29 18:41:49,43,W+R,0,False,False,False,B,-0.88,14.9376,125000
2023-05-29 18:42:08,72,W+3.5,3,True,True,False,B,-0.88,15.0155,125000
2023-05-29 18:42:40,113,W+0.5,17,True,True,False,B,-0.88,15.2114,125000
2023-05-29 18:42:52,43,W+R,0,False,False,False,B,-0.88,15.2083,125000
2023-05-29 18:44:07,42,B+R,1,False,False,False,W,-0.88,15.1401,126000
2023-05-29 18:44:19,42,B+R,0,False,False,False,W,-0.88,15.1179,126000
2023-05-29 18:44:33,52,B+R,0,False,False,False,W,-0.88,15.1405,126000
2023-05-29 18:44:52,64,B+R,0,False,False,False,W,-0.88,15.205,126000
2023-05-29 18:45:04,43,W+R,0,False,False,False,B,-0.88,15.1448,126000
2023-05-29 18:45:23,68,B+R,2,False,False,False,W,-0.88,15.1255,126000
2023-05-29 18:45:37,43,W+R,0,False,False,False,B,-0.88,15.1332,126000
2023-05-29 18:45:50,43,W+R,1,False,False,False,B,-0.88,15.1343,126000
2023-05-29 18:46:03,42,B+R,0,False,False,False,W,-0.88,14.8943,126000
2023-05-29 18:46:17,47,W+R,0,False,False,False,B,-0.88,14.8926,126000
2023-05-29 18:46:38,72,B+R,0,False,False,False,W,-0.88,14.9409,126000
2023-05-29 18:47:00,86,W+5.5,11,True,True,False,B,-0.88,14.9852,126000
2023-05-29 18:47:13,43,W+R,0,False,False,False,B,-0.88,15.0162,126000
2023-05-29 18:47:38,74,B+R,0,False,False,False,W,-0.88,15.1562,126000
2023-05-29 18:47:49,43,W+R,0,False,False,False,B,-0.88,15.16,126000
2023-05-29 18:48:00,42,B+R,0,False,False,False,W,-0.88,15.0428,126000
2023-05-29 18:48:15,52,B+R,0,False,False,False,W,-0.88,15.0761,126000
2023-05-29 18:48:27,43,W+R,0,False,False,False,B,-0.88,15.0648,126000
2023-05-29 18:48:39,43,W+R,0,False,False,False,B,-0.88,14.8912,126000
2023-05-29 18:48:55,54,B+R,0,False,False,False,W,-0.88,14.912,126000
2023-05-29 18:49:10,51,W+R,0,False,False,False,B,-0.88,14.7395,126000
2023-05-29 18:49:23,42,B+R,0,False,False,False,W,-0.88,14.6927,126000
2023-05-29 18:49:34,46,B+R,0,False,False,False,W,-0.88,14.5502,126000
2023-05-29 18:49:44,42,B+R,0,False,False,False,W,-0.88,14.4234,126000
2023-05-29 18:49:57,43,W+R,0,False,False,False,B,-0.88,14.4337,126000
2023-05-29 18:50:10,43,W+R,4,False,False,False,B,-0.88,14.3944,126000
2023-05-29 18:50:23,43,W+R,2,False,False,False,B,-0.88,14.4086,126000
2023-05-29 18:50:39,49,W+R,0,False,False,False,B,-0.88,14.4125,126000
2023-05-29 18:50:57,57,W+R,0,False,False,False,B,-0.88,14.4835,126000
2023-05-29 18:51:17,81,B+6.5,7,True,True,False,W,-0.88,14.5197,126000
2023-05-29 18:51:29,43,W+R,0,False,False,False,B,-0.88,14.5009,126000
2023-05-29 18:51:51,65,W+R,0,False,False,False,B,-0.88,14.6199,126000
2023-05-29 18:52:05,42,B+R,0,False,False,False,W,-0.88,14.6362,126000
2023-05-29 18:52:20,46,B+R,0,False,False,False,W,-0.88,14.6623,126000
2023-05-29 18:52:31,42,B+R,1,False,False,False,W,-0.88,14.6151,126000
2023-05-29 18:52:42,42,B+R,0,False,False,False,W,-0.88,14.6339,126000
2023-05-29 18:52:54,42,B+R,0,False,False,False,W,-0.88,14.5811,126000
2023-05-29 18:53:07,42,B+R,0,False,False,False,W,-0.88,14.5799,126000
2023-05-29 18:53:17,43,W+R,1,False,False,False,B,-0.88,14.5204,126000
2023-05-29 18:53:39,88,W+0.5,10,True,True,False,B,-0.88,14.5976,126000
2023-05-29 18:53:51,42,B+R,0,False,False,False,W,-0.88,14.5339,126000
2023-05-29 18:54:04,47,W+R,0,False,False,False,B,-0.88,14.4116,126000
2023-05-29 18:54:16,43,W+R,0,False,False,False,B,-0.88,14.402,126000
2023-05-29 18:54:29,43,W+R,0,False,False,False,B,-0.88,14.4191,126000
2023-05-29 18:54:42,43,W+R,1,False,False,False,B,-0.88,14.4294,126000
2023-05-29 18:54:54,43,W+R,0,False,False,False,B,-0.88,14.3174,126000
2023-05-29 18:56:15,43,W+R,0,False,False,False,B,-0.88,14.3454,127000
2023-05-29 18:56:28,43,W+R,0,False,False,False,B,-0.88,14.377,127000
2023-05-29 18:56:41,43,W+R,0,False,False,False,B,-0.88,14.3725,127000
2023-05-29 18:56:52,43,W+R,0,False,False,False,B,-0.88,14.3724,127000
2023-05-29 18:57:08,55,W+R,0,False,False,False,B,-0.88,14.4011,127000
2023-05-29 18:57:33,90,B+21.5,11,True,True,False,W,-0.88,14.5562,127000
2023-05-29 18:57:46,42,B+R,0,False,False,False,W,-0.88,14.5591,127000
2023-05-29 18:58:04,65,B+0.5,11,True,True,False,W,-0.88,14.6348,127000
2023-05-29 18:58:26,91,B+3.5,13,True,True,False,W,-0.88,14.7265,127000
2023-05-29 18:58:37,43,W+R,1,False,False,False,B,-0.88,14.7338,127000
2023-05-29 18:58:57,53,W+R,0,False,False,False,B,-0.88,14.7479,127000
2023-05-29 18:59:08,43,W+R,0,False,False,False,B,-0.88,14.7443,127000
2023-05-29 18:59:19,42,B+R,0,False,False,False,W,-0.88,14.7158,127000
2023-05-29 18:59:34,56,B+R,0,False,False,False,W,-0.88,14.7177,127000
2023-05-29 18:59:47,43,W+R,0,False,False,False,B,-0.88,14.6379,127000
2023-05-29 19:00:04,51,W+R,0,False,False,False,B,-0.88,14.6866,127000
2023-05-29 19:00:33,85,W+R,0,False,False,False,B,-0.88,14.8645,127000
2023-05-29 19:00:45,42,B+R,0,False,False,False,W,-0.88,14.8712,127000
2023-05-29 19:00:58,42,B+R,0,False,False,False,W,-0.88,14.8723,127000
2023-05-29 19:01:32,97,B+3.5,11,True,True,False,W,-0.88,15.0728,127000
2023-05-29 19:01:45,43,W+R,0,False,False,False,B,-0.88,14.9398,127000
2023-05-29 19:02:01,47,W+R,0,False,False,False,B,-0.88,14.9728,127000
2023-05-29 19:02:12,43,W+R,0,False,False,False,B,-0.88,14.9083,127000
2023-05-29 19:02:25,43,W+R,0,False,False,False,B,-0.88,14.9074,127000
2023-05-29 19:02:36,43,W+R,0,False,False,False,B,-0.88,14.9263,127000
2023-05-29 19:02:49,43,W+R,0,False,False,False,B,-0.88,14.9469,127000
2023-05-29 19:03:11,68,B+R,4,False,False,False,W,-0.88,14.933,127000
2023-05-29 19:03:24,43,W+R,1,False,False,False,B,-0.88,14.9557,127000
2023-05-29 19:03:35,41,B+3.5,4,False,False,False,,-0.88,14.9739,127000
2023-05-29 19:04:07,162,W+16.5,41,True,True,False,B,-0.88,15.1614,127000
2023-05-29 19:04:24,54,B+R,0,False,False,False,W,-0.88,15.2097,127000
2023-05-29 19:04:35,43,W+R,0,False,False,False,B,-0.88,15.2095,127000
2023-05-29 19:04:49,43,W+R,0,False,False,False,B,-0.88,15.2235,127000
2023-05-29 19:05:00,43,W+R,0,False,False,False,B,-0.88,15.2407,127000
2023-05-29 19:05:11,42,B+R,0,False,False,False,W,-0.88,15.2396,127000
2023-05-29 19:05:24,43,W+R,3,False,False,False,B,-0.88,15.1733,127000
2023-05-29 19:05:51,80,B+R,4,False,False,False,W,-0.88,15.3287,127000
2023-05-29 19:06:04,42,B+R,0,False,False,False,W,-0.88,15.3284,127000
2023-05-29 19:06:25,66,B+R,0,False,False,False,W,-0.88,15.4393,127000
2023-05-29 19:06:37,43,W+R,0,False,False,False,B,-0.88,15.4387,127000
2023-05-29 19:06:51,42,B+R,0,False,False,False,W,-0.88,15.4538,127000
2023-05-29 19:06:59,43,W+R,0,False,False,False,B,-0.88,15.3443,127000
2023-05-29 19:08:07,43,W+R,0,False,False,False,B,-0.88,14.9956,128000
2023-05-29 19:08:26,84,W+1.5,5,True,True,False,B,-0.88,15.0446,128000
2023-05-29 19:08:36,42,B+R,0,False,False,False,W,-0.88,15.0258,128000
2023-05-29 19:08:48,43,W+R,0,False,False,False,B,-0.88,14.9482,128000
2023-05-29 19:09:31,162,W+5.5,32,True,True,False,B,-0.88,15.2596,128000
2023-05-29 19:09:53,83,W+4.5,4,True,True,False,B,-0.88,15.3602,128000
2023-05-29 19:10:14,101,W+2.5,16,True,True,False,B,-0.88,15.3696,128000
2023-05-29 19:10:34,74,W+2.5,7,True,True,False,B,-0.88,15.2591,128000
2023-05-29 19:10:47,42,B+R,0,False,False,False,W,-0.88,15.2646,128000
2023-05-29 19:10:57,42,B+R,0,False,False,False,W,-0.88,15.2037,128000
2023-05-29 19:11:09,42,B+R,0,False,False,False,W,-0.88,15.2176,128000
2023-05-29 19:11:22,43,W+R,0,False,False,False,B,-0.88,15.2253,128000
2023-05-29 19:11:46,76,B+R,1,False,False,False,W,-0.88,15.3254,128000
2023-05-29 19:12:04,63,W+R,1,False,False,False,B,-0.88,15.3145,128000
2023-05-29 19:12:17,64,B+R,0,False,False,False,W,-0.88,15.3285,128000
2023-05-29 19:12:25,43,W+R,0,False,False,False,B,-0.88,15.2212,128000
2023-05-29 19:12:39,42,B+R,0,False,False,False,W,-0.88,15.2204,128000
2023-05-29 19:12:57,57,W+R,0,False,False,False,B,-0.88,15.2673,128000
2023-05-29 19:13:21,72,B+R,0,False,False,False,W,-0.88,15.3836,128000
2023-05-29 19:13:39,48,B+R,0,False,False,False,W,-0.88,15.4174,128000
2023-05-29 19:13:52,42,B+R,0,False,False,False,W,-0.88,15.3353,128000
2023-05-29 19:14:05,42,B+R,0,False,False,False,W,-0.88,15.2508,128000
2023-05-29 19:14:22,50,B+R,0,False,False,False,W,-0.88,15.2918,128000
2023-05-29 19:14:36,43,W+R,0,False,False,False,B,-0.88,15.1827,128000
2023-05-29 19:15:07,111,B+3.5,19,True,True,False,W,-0.88,15.3777,128000
2023-05-29 19:15:21,43,W+R,0,False,False,False,B,-0.88,15.4068,128000
2023-05-29 19:15:33,43,W+R,0,False,False,False,B,-0.88,15.3768,128000
2023-05-29 19:15:45,42,B+R,0,False,False,False,W,-0.88,15.3813,128000
2023-05-29 19:15:59,43,W+R,0,False,False,False,B,-0.88,15.3991,128000
2023-05-29 19:16:11,43,W+R,0,False,False,False,B,-0.88,15.3602,128000
2023-05-29 19:16:21,42,B+R,0,False,False,False,W,-0.88,15.308,128000
2023-05-29 19:16:29,43,W+R,0,False,False,False,B,-0.88,15.255,128000
2023-05-29 19:16:37,43,W+R,1,False,False,False,B,-0.88,15.2272,128000
2023-05-29 19:16:48,42,B+R,0,False,False,False,W,-0.88,15.2416,128000
2023-05-29 19:17:01,42,B+R,0,False,False,False,W,-0.88,15.2378,128000
2023-05-29 19:17:14,42,B+R,0,False,False,False,W,-0.88,15.239,128000
2023-05-29 19:17:29,43,W+R,0,False,False,False,B,-0.88,15.2583,128000
2023-05-29 19:17:45,57,W+R,0,False,False,False,B,-0.88,15.2601,128000
2023-05-29 19:18:00,51,W+R,0,False,False,False,B,-0.88,15.2323,128000
2023-05-29 19:18:20,61,W+R,0,False,False,False,B,-0.88,15.2311,128000
2023-05-29 19:18:33,42,B+R,0,False,False,False,W,-0.88,15.2373,128000
2023-05-29 19:18:51,57,W+R,0,False,False,False,B,-0.88,15.1897,128000
2023-05-29 19:20:05,54,B+R,0,False,False,False,W,-0.88,15.1593,129000
2023-05-29 19:20:29,85,B+6.5,3,True,True,False,W,-0.88,15.2841,129000
2023-05-29 19:20:43,43,W+R,0,False,False,False,B,-0.88,15.3201,129000
2023-05-29 19:20:54,42,B+R,0,False,False,False,W,-0.88,15.3048,129000
2023-05-29 19:21:15,69,W+R,2,False,False,False,B,-0.88,15.3906,129000
2023-05-29 19:21:27,43,W+R,1,False,False,False,B,-0.88,15.405,129000
2023-05-29 19:21:43,90,W+3.5,10,True,True,False,B,-0.88,15.3442,129000
2023-05-29 19:21:55,44,B+R,0,False,False,False,W,-0.88,15.3526,129000
2023-05-29 19:22:08,42,B+R,0,False,False,False,W,-0.88,15.3444,129000
2023-05-29 19:22:20,43,W+R,0,False,False,False,B,-0.88,15.3477,129000
2023-05-29 19:22:38,54,B+R,0,False,False,False,W,-0.88,15.3906,129000
2023-05-29 19:22:50,43,W+R,0,False,False,False,B,-0.88,15.3914,129000
2023-05-29 19:23:02,43,W+R,0,False,False,False,B,-0.88,15.3925,129000
2023-05-29 19:23:15,43,W+R,0,False,False,False,B,-0.88,15.3755,129000
2023-05-29 19:23:27,43,W+R,1,False,False,False,B,-0.88,15.37,129000
2023-05-29 19:23:40,43,W+R,0,False,False,False,B,-0.88,15.3644,129000
2023-05-29 19:23:52,43,W+R,0,False,False,False,B,-0.88,15.3621,129000
2023-05-29 19:24:11,63,W+R,0,False,False,False,B,-0.88,15.4396,129000
2023-05-29 19:24:33,63,W+R,0,False,False,False,B,-0.88,15.5016,129000
2023-05-29 19:24:44,43,W+R,0,False,False,False,B,-0.88,15.3546,129000
2023-05-29 19:25:00,60,W+1.5,2,True,True,False,B,-0.88,15.389,129000
2023-05-29 19:25:13,43,W+R,4,False,False,False,B,-0.88,15.3333,129000
2023-05-29 19:25:33,60,B+R,0,False,False,False,W,-0.88,15.3199,129000
2023-05-29 19:25:52,89,W+5.5,11,True,True,False,B,-0.88,15.3914,129000
2023-05-29 19:26:04,43,W+R,0,False,False,False,B,-0.88,15.3228,129000
2023-05-29 19:26:25,60,B+R,0,False,False,False,W,-0.88,15.4121,129000
2023-05-29 19:26:45,78,W+3.5,9,True,True,False,B,-0.88,15.512,129000
2023-05-29 19:27:00,55,W+R,0,False,False,False,B,-0.88,15.502,129000
2023-05-29 19:27:13,45,W+R,0,False,False,False,B,-0.88,15.5092,129000
2023-05-29 19:27:24,43,W+R,0,False,False,False,B,-0.88,15.454,129000
2023-05-29 19:27:36,43,W+R,0,False,False,False,B,-0.88,15.2777,129000
2023-05-29 19:27:47,43,W+R,0,False,False,False,B,-0.88,15.2668,129000
2023-05-29 19:27:59,48,B+R,0,False,False,False,W,-0.88,15.2603,129000
2023-05-29 19:28:08,42,B+R,0,False,False,False,W,-0.88,15.0135,129000
2023-05-29 19:28:20,43,W+R,0,False,False,False,B,-0.88,14.9924,129000
2023-05-29 19:28:28,43,W+R,0,False,False,False,B,-0.88,14.9172,129000
2023-05-29 19:28:39,43,W+R,0,False,False,False,B,-0.88,14.9231,129000
2023-05-29 19:28:51,43,W+R,0,False,False,False,B,-0.88,14.9032,129000
2023-05-29 19:29:01,43,W+R,0,False,False,False,B,-0.88,14.9055,129000
2023-05-29 19:29:14,43,W+R,0,False,False,False,B,-0.88,14.8981,129000
2023-05-29 19:29:28,49,W+R,0,False,False,False,B,-0.88,14.8241,129000
2023-05-29 19:29:40,42,B+R,0,False,False,False,W,-0.88,14.8106,129000
2023-05-29 19:29:55,49,W+R,0,False,False,False,B,-0.88,14.8492,129000
2023-05-29 19:30:07,43,W+R,0,False,False,False,B,-0.88,14.6444,129000
2023-05-29 19:30:22,45,W+R,0,False,False,False,B,-0.88,14.6211,129000
2023-05-29 19:30:34,42,B+R,0,False,False,False,W,-0.88,14.6393,129000
2023-05-29 19:31:48,43,W+R,0,False,False,False,B,-0.88,14.6045,130000
2023-05-29 19:32:01,43,W+R,0,False,False,False,B,-0.88,14.6233,130000
2023-05-29 19:32:14,43,W+R,0,False,False,False,B,-0.88,14.6167,130000
2023-05-29 19:32:27,42,B+R,0,False,False,False,W,-0.88,14.4772,130000
2023-05-29 19:32:39,43,W+R,0,False,False,False,B,-0.88,14.4707,130000
2023-05-29 19:32:52,43,W+R,0,False,False,False,B,-0.88,14.3817,130000
2023-05-29 19:33:01,43,W+R,3,False,False,False,B,-0.88,14.357,130000
2023-05-29 19:33:22,62,B+R,0,False,False,False,W,-0.88,14.4292,130000
2023-05-29 19:33:35,49,W+R,0,False,False,False,B,-0.88,14.4814,130000
2023-05-29 19:33:47,42,B+R,0,False,False,False,W,-0.88,14.5123,130000
2023-05-29 19:34:10,76,B+2.5,2,True,True,False,W,-0.88,14.6155,130000
2023-05-29 19:34:29,62,B+R,0,False,False,False,W,-0.88,14.618,130000
2023-05-29 19:34:43,42,B+R,0,False,False,False,W,-0.88,14.6427,130000
2023-05-29 19:34:53,43,W+R,0,False,False,False,B,-0.88,14.6285,130000
2023-05-29 19:35:05,42,B+R,0,False,False,False,W,-0.88,14.3183,130000
2023-05-29 19:35:16,42,B+R,0,False,False,False,W,-0.88,14.2035,130000
2023-05-29 19:35:28,42,B+R,0,False,False,False,W,-0.88,14.1247,130000
2023-05-29 19:35:42,44,B+R,0,False,False,False,W,-0.88,14.0545,130000
2023-05-29 19:36:05,103,W+4.5,19,True,True,False,B,-0.88,14.1557,130000
2023-05-29 19:36:23,58,B+R,1,False,False,False,W,-0.88,14.2387,130000
2023-05-29 19:36:36,43,W+R,0,False,False,False,B,-0.88,14.2482,130000
2023-05-29 19:36:51,58,B+R,0,False,False,False,W,-0.88,14.279,130000
2023-05-29 19:37:06,43,W+R,0,False,False,False,B,-0.88,14.1787,130000
2023-05-29 19:37:18,42,B+R,0,False,False,False,W,-0.88,14.1259,130000
2023-05-29 19:37:36,53,W+R,0,False,False,False,B,-0.88,14.1731,130000
2023-05-29 19:37:48,43,W+R,0,False,False,False,B,-0.88,14.2122,130000
2023-05-29 19:38:01,43,W+R,0,False,False,False,B,-0.88,14.1978,130000
2023-05-29 19:38:19,55,W+R,0,False,False,False,B,-0.88,14.2013,130000
2023-05-29 19:38:37,51,W+R,0,False,False,False,B,-0.88,14.1367,130000
2023-05-29 19:38:49,43,W+R,0,False,False,False,B,-0.88,14.0835,130000
2023-05-29 19:39:00,43,W+R,0,False,False,False,B,-0.88,14.0673,130000
2023-05-29 19:39:18,56,B+R,0,False,False,False,W,-0.88,14.1091,130000
2023-05-29 19:39:31,42,B+R,0,False,False,False,W,-0.88,14.0654,130000
2023-05-29 19:39:41,53,W+R,0,False,False,False,B,-0.88,14.0314,130000
2023-05-29 19:39:52,43,W+R,0,False,False,False,B,-0.88,13.831,130000
2023-05-29 19:40:16,86,W+4.5,9,True,True,False,B,-0.88,13.9358,130000
2023-05-29 19:40:34,56,B+R,0,False,False,False,W,-0.88,13.9959,130000
2023-05-29 19:40:47,43,W+R,0,False,False,False,B,-0.88,13.9969,130000
2023-05-29 19:41:03,60,B+R,0,False,False,False,W,-0.88,14.0258,130000
2023-05-29 19:41:22,55,W+R,0,False,False,False,B,-0.88,14.0846,130000
2023-05-29 19:41:49,93,B+2.5,9,True,True,False,W,-0.88,14.2607,130000
2023-05-29 19:42:02,42,B+R,0,False,False,False,W,-0.88,14.3167,130000
2023-05-29 19:42:14,43,W+R,4,False,False,False,B,-0.88,14.3519,130000
2023-05-29 19:43:30,43,W+R,0,False,False,False,B,-0.88,14.4371,131000
2023-05-29 19:43:53,85,B+9.5,10,True,True,False,W,-0.88,14.5311,131000
2023-05-29 19:44:14,80,B+3.5,7,True,True,False,W,-0.88,14.5916,131000
2023-05-29 19:44:48,131,W+6.5,26,True,True,False,B,-0.88,14.7822,131000
2023-05-29 19:45:00,43,W+R,0,False,False,False,B,-0.88,14.7437,131000
2023-05-29 19:45:12,43,W+R,0,False,False,False,B,-0.88,14.6628,131000
2023-05-29 19:45:24,43,W+R,0,False,False,False,B,-0.88,14.6593,131000
2023-05-29 19:45:37,45,W+R,0,False,False,False,B,-0.88,14.615,131000
2023-05-29 19:45:51,43,W+R,2,False,False,False,B,-0.88,14.6416,131000
2023-05-29 19:46:12,67,W+R,0,False,False,False,B,-0.88,14.7148,131000
2023-05-29 19:46:25,43,W+R,0,False,False,False,B,-0.88,14.5954,131000
2023-05-29 19:46:40,53,W+R,0,False,False,False,B,-0.88,14.6135,131000
2023-05-29 19:46:59,57,W+R,0,False,False,False,B,-0.88,14.6926,131000
2023-05-29 19:47:10,42,B+R,0,False,False,False,W,-0.88,14.5833,131000
2023-05-29 19:47:27,50,B+R,0,False,False,False,W,-0.88,14.6371,131000
2023-05-29 19:47:42,49,W+R,0,False,False,False,B,-0.88,14.6362,131000
2023-05-29 19:47:59,54,B+R,1,False,False,False,W,-0.88,14.6788,131000
2023-05-29 19:48:13,43,W+R,0,False,False,False,B,-0.88,14.6885,131000
2023-05-29 19:48:27,50,B+R,0,False,False,False,W,-0.88,14.7036,131000
2023-05-29 19:48:37,43,W+R,0,False,False,False,B,-0.88,14.6373,131000
2023-05-29 19:48:49,43,W+R,0,False,False,False,B,-0.88,14.6277,131000
2023-05-29 19:49:02,43,W+R,0,False,False,False,B,-0.88,14.6408,131000
2023-05-29 19:49:16,51,W+7.5,6,True,True,False,B,-0.88,14.6492,131000
2023-05-29 19:49:28,42,B+R,0,False,False,False,W,-0.88,14.6453,131000
2023-05-29 19:49:40,43,W+R,0,False,False,False,B,-0.88,14.6367,131000
2023-05-29 19:50:02,83,B+8.5,10,True,True,False,W,-0.88,14.7431,131000
2023-05-29 19:50:14,43,W+R,0,False,False,False,B,-0.88,14.6691,131000
2023-05-29 19:50:25,42,B+R,0,False,False,False,W,-0.88,14.5611,131000
2023-05-29 19:50:42,50,B+R,0,False,False,False,W,-0.88,14.618,131000
2023-05-29 19:50:56,48,B+R,0,False,False,False,W,-0.88,14.5987,131000
2023-05-29 19:51:08,51,W+R,0,False,False,False,B,-0.88,14.5968,131000
2023-05-29 19:51:20,43,W+R,0,False,False,False,B,-0.88,14.5034,131000
2023-05-29 19:51:34,43,W+R,0,False,False,False,B,-0.88,14.4624,131000
2023-05-29 19:51:44,43,W+R,0,False,False,False,B,-0.88,14.4359,131000
2023-05-29 19:51:54,43,W+R,0,False,False,False,B,-0.88,14.3363,131000
2023-05-29 19:52:14,76,W+1.5,3,True,True,False,B,-0.88,14.3254,131000
2023-05-29 19:52:25,43,W+R,0,False,False,False,B,-0.88,14.2895,131000
2023-05-29 19:52:38,43,W+R,0,False,False,False,B,-0.88,14.294,131000
2023-05-29 19:52:53,50,B+R,0,False,False,False,W,-0.88,14.3276,131000
2023-05-29 19:53:06,43,W+R,0,False,False,False,B,-0.88,14.3416,131000
2023-05-29 19:53:44,162,W+2.5,31,True,True,False,B,-0.88,14.6067,131000
2023-05-29 19:53:55,43,W+R,0,False,False,False,B,-0.88,14.6039,131000
2023-05-29 19:55:16,42,B+R,0,False,False,False,W,-0.88,14.7167,132000
2023-05-29 19:55:26,43,W+R,0,False,False,False,B,-0.88,14.7452,132000
2023-05-29 19:55:40,51,W+R,0,False,False,False,B,-0.88,14.7664,132000
2023-05-29 19:55:51,43,W+R,3,False,False,False,B,-0.88,14.7551,132000
2023-05-29 19:56:01,42,B+R,0,False,False,False,W,-0.88,14.7576,132000
2023-05-29 19:56:13,43,W+R,0,False,False,False,B,-0.88,14.7475,132000
2023-05-29 19:56:27,46,B+R,0,False,False,False,W,-0.88,14.7393,132000
2023-05-29 19:56:40,49,W+R,0,False,False,False,B,-0.88,14.7595,132000
2023-05-29 19:57:01,68,B+R,0,False,False,False,W,-0.88,14.8131,132000
2023-05-29 19:57:12,43,W+R,0,False,False,False,B,-0.88,14.807,132000
2023-05-29 19:57:24,43,W+R,2,False,False,False,B,-0.88,14.7826,132000
2023-05-29 19:57:44,105,W+2.5,13,True,True,False,B,-0.88,14.8612,132000
2023-05-29 19:58:02,57,W+R,0,False,False,False,B,-0.88,14.9118,132000
2023-05-29 19:58:14,42,B+R,0,False,False,False,W,-0.88,14.9446,132000
2023-05-29 19:58:27,42,B+R,0,False,False,False,W,-0.88,14.9448,132000
2023-05-29 19:58:40,43,W+R,0,False,False,False,B,-0.88,14.9462,132000
2023-05-29 19:58:53,43,W+R,0,False,False,False,B,-0.88,14.9475,132000
2023-05-29 19:59:07,53,W+R,0,False,False,False,B,-0.88,14.9648,132000
2023-05-29 19:59:27,72,B+R,3,False,False,False,W,-0.88,15.0354,132000
2023-05-29 19:59:39,43,W+R,0,False,False,False,B,-0.88,15.0609,132000
2023-05-29 19:59:52,48,B+R,0,False,False,False,W,-0.88,14.9922,132000
2023-05-29 20:00:04,43,W+R,0,False,False,False,B,-0.88,14.9756,132000
2023-05-29 20:00:16,43,W+R,0,False,False,False,B,-0.88,14.9768,132000
2023-05-29 20:00:28,42,B+R,0,False,False,False,W,-0.88,14.8701,132000
2023-05-29 20:00:40,43,W+R,0,False,False,False,B,-0.88,14.7895,132000
2023-05-29 20:01:02,96,B+4.5,11,True,True,False,W,-0.88,14.8786,132000
2023-05-29 20:01:26,89,W+1.5,8,True,True,False,B,-0.88,15.0133,132000
2023-05-29 20:01:38,43,W+R,0,False,False,False,B,-0.88,15.0131,132000
2023-05-29 20:01:50,43,W+R,0,False,False,False,B,-0.88,15.0342,132000
2023-05-29 20:02:00,43,W+R,0,False,False,False,B,-0.88,15.0026,132000
2023-05-29 20:02:31,162,W+6.5,22,True,True,False,B,-0.88,15.1793,132000
2023-05-29 20:02:40,42,B+R,0,False,False,False,W,-0.88,15.0341,132000
2023-05-29 20:02:50,43,W+R,0,False,False,False,B,-0.88,14.9577,132000
2023-05-29 20:03:02,43,W+R,0,False,False,False,B,-0.88,14.9465,132000
2023-05-29 20:03:20,74,B+5.5,9,True,True,False,W,-0.88,14.9735,132000
2023-05-29 20:03:32,42,B+R,0,False,False,False,W,-0.88,14.9467,132000
2023-05-29 20:03:46,52,B+R,1,False,False,False,W,-0.88,14.9635,132000
2023-05-29 20:03:59,42,B+R,1,False,False,False,W,-0.88,14.9111,132000
2023-05-29 20:04:17,58,B+R,0,False,False,False,W,-0.88,14.9752,132000
2023-05-29 20:04:31,43,W+R,0,False,False,False,B,-0.88,14.9902,132000
2023-05-29 20:04:45,43,W+R,0,False,False,False,B,-0.88,14.941,132000
2023-05-29 20:04:56,42,B+R,0,False,False,False,W,-0.88,14.8701,132000
2023-05-29 20:05:07,42,B+R,0,False,False,False,W,-0.88,14.867,132000
2023-05-29 20:05:30,74,B+R,0,False,False,False,W,-0.88,14.9797,132000
2023-05-29 20:06:51,43,W+R,0,False,False,False,B,-0.88,15.0764,133000
2023-05-29 20:07:29,137,W+2.5,29,True,True,False,B,-0.88,15.3473,133000
2023-05-29 20:07:42,43,W+R,0,False,False,False,B,-0.88,15.3672,133000
2023-05-29 20:07:53,42,B+R,0,False,False,False,W,-0.88,15.2422,133000
2023-05-29 20:08:35,162,W+3.5,34,True,True,False,B,-0.88,15.4857,133000
2023-05-29 20:08:47,43,W+R,0,False,False,False,B,-0.88,15.4788,133000
2023-05-29 20:09:00,42,B+R,0,False,False,False,W,-0.88,15.4372,133000
2023-05-29 20:09:14,44,B+R,0,False,False,False,W,-0.88,15.392,133000
2023-05-29 20:09:31,56,B+R,0,False,False,False,W,-0.88,15.2893,133000
2023-05-29 20:09:46,49,W+R,4,False,False,False,B,-0.88,15.31,133000
2023-05-29 20:09:57,43,W+R,0,False,False,False,B,-0.88,15.309,133000
2023-05-29 20:10:10,43,W+R,0,False,False,False,B,-0.88,15.2164,133000
2023-05-29 20:10:40,101,W+0.5,15,True,True,False,B,-0.88,15.4069,133000
2023-05-29 20:11:01,84,W+2.5,7,True,True,False,B,-0.88,15.3923,133000
2023-05-29 20:11:12,43,W+R,0,False,False,False,B,-0.88,15.2938,133000
2023-05-29 20:11:24,43,W+R,0,False,False,False,B,-0.88,15.0629,133000
2023-05-29 20:11:39,47,W+R,0,False,False,False,B,-0.88,15.0979,133000
2023-05-29 20:11:49,42,B+R,0,False,False,False,W,-0.88,15.0801,133000
2023-05-29 20:11:57,43,W+R,0,False,False,False,B,-0.88,15.0421,133000
2023-05-29 20:12:07,43,W+R,0,False,False,False,B,-0.88,15.0044,133000
2023-05-29 20:12:29,69,W+R,1,False,False,False,B,-0.88,15.0895,133000
2023-05-29 20:12:53,89,B+3.5,7,True,True,False,W,-0.88,15.1153,133000
2023-05-29 20:13:06,43,W+R,0,False,False,False,B,-0.88,15.1211,133000
2023-05-29 20:13:18,42,B+R,0,False,False,False,W,-0.88,15.0811,133000
2023-05-29 20:13:34,49,W+R,0,False,False,False,B,-0.88,15.0561,133000
2023-05-29 20:13:52,60,B+R,0,False,False,False,W,-0.88,15.1268,133000
2023-05-29 20:14:17,97,B+4.5,12,True,True,False,W,-0.88,15.2054,133000
2023-05-29 20:14:30,42,B+R,0,False,False,False,W,-0.88,15.1775,133000
2023-05-29 20:14:48,73,W+R,3,False,False,False,B,-0.88,15.1932,133000
2023-05-29 20:15:00,43,W+R,0,False,False,False,B,-0.88,15.1777,133000
2023-05-29 20:15:18,60,B+R,0,False,False,False,W,-0.88,15.2176,133000
2023-05-29 20:15:31,43,W+R,0,False,False,False,B,-0.88,15.2373,133000
2023-05-29 20:15:47,57,W+R,0,False,False,False,B,-0.88,15.2839,133000
2023-05-29 20:15:58,46,B+R,0,False,False,False,W,-0.88,15.266,133000
2023-05-29 20:16:11,43,W+R,0,False,False,False,B,-0.88,15.2621,133000
2023-05-29 20:16:24,43,W+R,0,False,False,False,B,-0.88,15.269,133000
2023-05-29 20:16:35,43,W+R,4,False,False,False,B,-0.88,15.259,133000
2023-05-29 20:16:49,43,W+R,0,False,False,False,B,-0.88,15.168,133000
2023-05-29 20:17:01,43,W+R,0,False,False,False,B,-0.88,15.171,133000
2023-05-29 20:17:13,42,B+R,0,False,False,False,W,-0.88,15.1854,133000
2023-05-29 20:18:40,85,W+13.5,6,True,True,False,B,-0.88,15.2372,134000
2023-05-29 20:18:54,43,W+R,0,False,False,False,B,-0.88,15.2431,134000
2023-05-29 20:19:06,42,B+R,0,False,False,False,W,-0.88,15.2531,134000
2023-05-29 20:19:18,43,W+R,1,False,False,False,B,-0.88,15.2292,134000
2023-05-29 20:19:45,103,W+1.5,11,True,True,False,B,-0.88,15.4072,134000
2023-05-29 20:19:58,43,W+R,5,False,False,False,B,-0.88,15.4232,134000
2023-05-29 20:20:10,43,W+R,0,False,False,False,B,-0.88,15.3543,134000
2023-05-29 20:20:23,43,W+R,2,False,False,False,B,-0.88,15.3702,134000
2023-05-29 20:21:01,139,W+2.5,26,True,True,False,B,-0.88,15.6145,134000
2023-05-29 20:21:16,49,W+R,0,False,False,False,B,-0.88,15.6168,134000
2023-05-29 20:21:26,43,W+R,0,False,False,False,B,-0.88,15.5892,134000
2023-05-29 20:21:36,43,W+R,3,False,False,False,B,-0.88,15.3118,134000
2023-05-29 20:21:47,43,W+R,0,False,False,False,B,-0.88,15.3043,134000
2023-05-29 20:22:01,52,B+R,0,False,False,False,W,-0.88,15.2623,134000
2023-05-29 20:22:14,42,B+R,0,False,False,False,W,-0.88,15.2574,134000
2023-05-29 20:22:24,43,W+R,3,False,False,False,B,-0.88,15.2473,134000
2023-05-29 20:22:36,42,B+R,0,False,False,False,W,-0.88,15.2304,134000
2023-05-29 20:22:49,43,W+R,0,False,False,False,B,-0.88,15.2579,134000
2023-05-29 20:23:02,43,W+R,0,False,False,False,B,-0.88,15.275,134000
2023-05-29 20:23:21,71,B+3.5,8,True,True,False,W,-0.88,15.3567,134000
2023-05-29 20:23:37,63,W+R,0,False,False,False,B,-0.88,15.3805,134000
2023-05-29 20:24:00,93,W+8.5,11,True,True,False,B,-0.88,15.469,134000
2023-05-29 20:24:12,42,B+R,0,False,False,False,W,-0.88,15.3892,134000
2023-05-29 20:24:36,97,W+2.5,11,True,True,False,B,-0.88,15.515,134000
2023-05-29 20:24:51,47,W+R,0,False,False,False,B,-0.88,15.5371,134000
2023-05-29 20:25:02,43,W+R,0,False,False,False,B,-0.88,15.4509,134000
2023-05-29 20:25:21,63,W+R,0,False,False,False,B,-0.88,15.4687,134000
2023-05-29 20:25:33,42,B+R,0,False,False,False,W,-0.88,15.459,134000
2023-05-29 20:25:56,77,B+3.5,3,True,True,False,W,-0.88,15.5654,134000
2023-05-29 20:26:10,43,W+R,0,False,False,False,B,-0.88,15.5764,134000
2023-05-29 20:26:22,41,W+0.5,2,False,False,False,,-0.88,15.5664,134000
2023-05-29 20:26:34,43,W+R,0,False,False,False,B,-0.88,15.5476,134000
2023-05-29 20:26:47,43,W+R,0,False,False,False,B,-0.88,15.4781,134000
2023-05-29 20:26:59,43,W+R,0,False,False,False,B,-0.88,15.4809,134000
2023-05-29 20:27:14,55,W+R,0,False,False,False,B,-0.88,15.4921,134000
2023-05-29 20:27:26,43,W+R,0,False,False,False,B,-0.88,15.4921,134000
2023-05-29 20:27:34,43,W+R,0,False,False,False,B,-0.88,15.4491,134000
2023-05-29 20:27:43,46,B+R,0,False,False,False,W,-0.88,15.4181,134000
2023-05-29 20:27:52,43,W+R,0,False,False,False,B,-0.88,15.3922,134000
2023-05-29 20:28:06,43,W+R,0,False,False,False,B,-0.88,15.311,134000
2023-05-29 20:28:23,64,W+0.5,5,True,True,False,B,-0.88,15.248,134000
2023-05-29 20:28:36,42,B+R,0,False,False,False,W,-0.88,15.2566,134000
2023-05-29 20:28:57,77,W+1.5,5,True,True,False,B,-0.88,15.3432,134000
2023-05-29 20:30:10,43,W+R,0,False,False,False,B,-0.88,15.2036,135000
2023-05-29 20:30:23,43,W+R,0,False,False,False,B,-0.88,15.2429,135000
2023-05-29 20:30:34,43,W+R,0,False,False,False,B,-0.88,15.252,135000
2023-05-29 20:30:46,43,W+R,0,False,False,False,B,-0.88,15.257,135000
2023-05-29 20:30:59,43,W+R,0,False,False,False,B,-0.88,15.2048,135000
2023-05-29 20:31:10,43,W+R,0,False,False,False,B,-0.88,15.1891,135000
2023-05-29 20:31:31,59,W+R,0,False,False,False,B,-0.88,15.2631,135000
2023-05-29 20:31:50,70,B+R,0,False,False,False,W,-0.88,15.3194,135000
2023-05-29 20:32:01,43,W+R,0,False,False,False,B,-0.88,15.2513,135000
2023-05-29 20:32:15,44,B+R,0,False,False,False,W,-0.88,15.2521,135000
2023-05-29 20:32:28,43,W+R,0,False,False,False,B,-0.88,15.2423,135000
2023-05-29 20:32:48,76,W+4.5,4,True,True,False,B,-0.88,15.3382,135000
2023-05-29 20:33:01,43,W+R,0,False,False,False,B,-0.88,15.3493,135000
2023-05-29 20:33:21,62,B+R,0,False,False,False,W,-0.88,15.3241,135000
2023-05-29 20:33:35,42,B+R,0,False,False,False,W,-0.88,15.1871,135000
2023-05-29 20:33:46,43,W+R,0,False,False,False,B,-0.88,15.1755,135000
2023-05-29 20:33:58,43,W+R,0,False,False,False,B,-0.88,14.9174,135000
2023-05-29 20:34:22,79,W+R,1,False,False,False,B,-0.88,15.0279,135000
2023-05-29 20:34:31,43,W+R,0,False,False,False,B,-0.88,15.0005,135000
2023-05-29 20:34:44,47,W+R,2,False,False,False,B,-0.88,14.7153,135000
2023-05-29 20:34:58,42,B+R,0,False,False,False,W,-0.88,14.73,135000
2023-05-29 20:35:14,52,B+R,2,False,False,False,W,-0.88,14.7634,135000
2023-05-29 20:35:28,50,B+R,0,False,False,False,W,-0.88,14.7672,135000
2023-05-29 20:35:39,43,W+R,0,False,False,False,B,-0.88,14.7064,135000
2023-05-29 20:35:47,43,W+R,0,False,False,False,B,-0.88,14.6389,135000
2023-05-29 20:35:59,43,W+R,0,False,False,False,B,-0.88,14.64,135000
2023-05-29 20:36:12,42,B+R,0,False,False,False,W,-0.88,14.6457,135000
2023-05-29 20:36:45,137,W+2.5,21,True,True,False,B,-0.88,14.6745,135000
2023-05-29 20:36:57,43,W+R,2,False,False,False,B,-0.88,14.5836,135000
2023-05-29 20:37:11,43,W+R,0,False,False,False,B,-0.88,14.6064,135000
2023-05-29 20:37:23,43,W+R,0,False,False,False,B,-0.88,14.6117,135000
2023-05-29 20:37:35,43,W+R,0,False,False,False,B,-0.88,14.5847,135000
2023-05-29 20:37:46,42,B+R,0,False,False,False,W,-0.88,14.5966,135000
2023-05-29 20:37:58,42,B+R,0,False,False,False,W,-0.88,14.6269,135000
2023-05-29 20:38:10,43,W+R,0,False,False,False,B,-0.88,14.6556,135000
2023-05-29 20:38:23,43,W+R,0,False,False,False,B,-0.88,14.563,135000
2023-05-29 20:38:36,43,W+R,2,False,False,False,B,-0.88,14.4512,135000
2023-05-29 20:38:49,43,W+R,3,False,False,False,B,-0.88,14.4544,135000
2023-05-29 20:39:09,66,B+R,0,False,False,False,W,-0.88,14.5345,135000
2023-05-29 20:39:17,43,W+R,0,False,False,False,B,-0.88,14.4543,135000
2023-05-29 20:39:28,43,W+R,0,False,False,False,B,-0.88,14.3903,135000
2023-05-29 20:39:40,43,W+R,0,False,False,False,B,-0.88,14.2571,135000
2023-05-29 20:39:50,43,W+R,0,False,False,False,B,-0.88,14.2288,135000
2023-05-29 20:40:01,43,W+R,3,False,False,False,B,-0.88,14.1476,135000
2023-05-29 20:40:12,43,W+R,2,False,False,False,B,-0.88,14.1458,135000
2023-05-29 20:40:24,43,W+R,0,False,False,False,B,-0.88,14.0837,135000
2023-05-29 20:41:46,43,W+R,0,False,False,False,B,-0.88,14.0895,136000
2023-05-29 20:41:56,45,W+R,0,False,False,False,B,-0.88,14.0738,136000
2023-05-29 20:42:27,162,W+10.5,38,True,True,False,B,-0.88,14.2595,136000
2023-05-29 20:42:44,52,B+R,0,False,False,False,W,-0.88,14.2949,136000
2023-05-29 20:42:56,43,W+R,0,False,False,False,B,-0.88,14.313,136000
2023-05-29 20:43:08,43,W+R,0,False,False,False,B,-0.88,14.2892,136000
2023-05-29 20:43:19,43,W+R,0,False,False,False,B,-0.88,14.28,136000
2023-05-29 20:43:41,70,B+R,0,False,False,False,W,-0.88,14.3779,136000
2023-05-29 20:43:53,43,W+R,0,False,False,False,B,-0.88,14.369,136000
2023-05-29 20:44:05,43,W+R,1,False,False,False,B,-0.88,14.262,136000
2023-05-29 20:44:17,43,W+R,0,False,False,False,B,-0.88,14.2451,136000
2023-05-29 20:44:28,43,W+R,0,False,False,False,B,-0.88,14.2403,136000
2023-05-29 20:44:41,43,W+R,0,False,False,False,B,-0.88,14.2427,136000
2023-05-29 20:44:53,43,W+R,0,False,False,False,B,-0.88,14.0917,136000
2023-05-29 20:45:06,43,W+R,0,False,False,False,B,-0.88,14.0953,136000
2023-05-29 20:45:25,63,W+R,0,False,False,False,B,-0.88,14.1618,136000
2023-05-29 20:45:37,43,W+R,0,False,False,False,B,-0.88,14.1556,136000
2023-05-29 20:45:48,43,W+R,0,False,False,False,B,-0.88,13.8888,136000
2023-05-29 20:46:02,42,B+R,0,False,False,False,W,-0.88,13.8704,136000
2023-05-29 20:46:15,43,W+R,2,False,False,False,B,-0.88,13.9015,136000
2023-05-29 20:46:27,43,W+R,0,False,False,False,B,-0.88,13.9257,136000
2023-05-29 20:46:46,69,B+4.5,2,True,True,False,W,-0.88,14.0055,136000
2023-05-29 20:46:56,43,W+R,0,False,False,False,B,-0.88,13.963,136000
2023-05-29 20:47:05,43,W+R,0,False,False,False,B,-0.88,13.9194,136000
2023-05-29 20:47:16,43,W+R,0,False,False,False,B,-0.88,13.9349,136000
2023-05-29 20:47:29,44,B+R,0,False,False,False,W,-0.88,13.9444,136000
2023-05-29 20:47:40,43,W+R,0,False,False,False,B,-0.88,13.9181,136000
2023-05-29 20:47:48,43,W+R,0,False,False,False,B,-0.88,13.8776,136000
2023-05-29 20:47:55,42,B+R,0,False,False,False,W,-0.88,13.7495,136000
2023-05-29 20:48:08,42,B+R,0,False,False,False,W,-0.88,13.7174,136000
2023-05-29 20:48:18,43,W+R,0,False,False,False,B,-0.88,13.5901,136000
2023-05-29 20:48:30,43,W+R,0,False,False,False,B,-0.88,13.5948,136000
2023-05-29 20:48:51,65,W+R,0,False,False,False,B,-0.88,13.5644,136000
2023-05-29 20:49:02,43,W+R,2,False,False,False,B,-0.88,13.5285,136000
2023-05-29 20:49:23,68,W+2.5,5,True,True,False,B,-0.88,13.621,136000
2023-05-29 20:49:35,43,W+R,0,False,False,False,B,-0.88,13.545,136000
2023-05-29 20:49:48,45,W+R,0,False,False,False,B,-0.88,13.5657,136000
2023-05-29 20:50:00,43,W+R,0,False,False,False,B,-0.88,13.4497,136000
2023-05-29 20:50:11,43,W+R,0,False,False,False,B,-0.88,13.4222,136000
2023-05-29 20:50:23,43,W+R,0,False,False,False,B,-0.88,13.4227,136000
2023-05-29 20:50:34,43,W+R,0,False,False,False,B,-0.88,13.4123,136000
2023-05-29 20:50:47,43,W+R,0,False,False,False,B,-0.88,13.4132,136000
2023-05-29 20:50:57,43,W+R,0,False,False,False,B,-0.88,13.391,136000
2023-05-29 20:51:09,43,W+R,0,False,False,False,B,-0.88,13.3624,136000
2023-05-29 20:51:21,43,W+R,2,False,False,False,B,-0.88,13.3619,136000
2023-05-29 20:51:53,134,W+4.5,24,True,True,False,B,-0.88,13.6059,136000
2023-05-29 20:52:12,62,B+R,0,False,False,False,W,-0.88,13.703,136000
2023-05-29 20:53:21,43,W+R,6,False,False,False,B,-0.88,13.6739,137000
2023-05-29 20:53:42,66,B+R,0,False,False,False,W,-0.88,13.7089,137000
2023-05-29 20:54:10,90,B+R,2,False,False,False,W,-0.88,13.8593,137000
2023-05-29 20:54:26,53,W+R,0,False,False,False,B,-0.88,13.8021,137000
2023-05-29 20:54:35,43,W+R,1,False,False,False,B,-0.88,13.7447,137000
2023-05-29 20:54:51,56,B+R,0,False,False,False,W,-0.88,13.7852,137000
2023-05-29 20:55:03,42,B+R,0,False,False,False,W,-0.88,13.7845,137000
2023-05-29 20:55:17,47,W+R,0,False,False,False,B,-0.88,13.8032,137000
2023-05-29 20:55:34,54,B+R,0,False,False,False,W,-0.88,13.8586,137000
2023-05-29 20:55:43,42,B+R,0,False,False,False,W,-0.88,13.8162,137000
2023-05-29 20:55:51,43,W+R,1,False,False,False,B,-0.88,13.7976,137000
2023-05-29 20:56:03,43,W+R,0,False,False,False,B,-0.88,13.6987,137000
2023-05-29 20:56:36,162,W+6.5,36,True,True,False,B,-0.88,13.848,137000
2023-05-29 20:56:58,61,W+R,0,False,False,False,B,-0.88,13.9476,137000
2023-05-29 20:57:11,43,W+R,0,False,False,False,B,-0.88,13.9381,137000
2023-05-29 20:57:36,75,W+R,0,False,False,False,B,-0.88,14.0658,137000
2023-05-29 20:58:01,76,B+1.5,2,True,True,False,W,-0.88,14.1106,137000
2023-05-29 20:58:14,43,W+R,0,False,False,False,B,-0.88,14.1174,137000
2023-05-29 20:58:29,54,B+R,0,False,False,False,W,-0.88,14.0648,137000
2023-05-29 20:58:38,43,W+R,0,False,False,False,B,-0.88,14.0144,137000
2023-05-29 20:58:53,45,W+R,0,False,False,False,B,-0.88,14.0449,137000
2023-05-29 20:59:05,56,B+R,0,False,False,False,W,-0.88,14.0557,137000
2023-05-29 20:59:18,43,W+R,0,False,False,False,B,-0.88,13.9417,137000
2023-05-29 20:59:32,47,W+R,3,False,False,False,B,-0.88,13.9917,137000
2023-05-29 20:59:44,43,W+R,1,False,False,False,B,-0.88,13.9713,137000
2023-05-29 20:59:56,53,W+R,0,False,False,False,B,-0.88,13.9659,137000
2023-05-29 21:00:09,43,W+R,0,False,False,False,B,-0.88,13.9283,137000
2023-05-29 21:00:22,43,W+R,0,False,False,False,B,-0.88,13.915,137000
2023-05-29 21:00:36,58,W+0.5,3,True,True,False,B,-0.88,13.9547,137000
2023-05-29 21:00:47,43,W+R,0,False,False,False,B,-0.88,13.9729,137000
2023-05-29 21:00:58,43,W+R,0,False,False,False,B,-0.88,13.9755,137000
2023-05-29 21:01:11,43,W+R,0,False,False,False,B,-0.88,13.9719,137000
2023-05-29 21:01:20,43,W+R,0,False,False,False,B,-0.88,13.7311,137000
2023-05-29 21:01:30,43,W+R,0,False,False,False,B,-0.88,13.7089,137000
2023-05-29 21:01:41,42,B+R,0,False,False,False,W,-0.88,13.6821,137000
2023-05-29 21:01:52,45,W+R,0,False,False,False,B,-0.88,13.6703,137000
2023-05-29 21:02:05,43,W+R,0,False,False,False,B,-0.88,13.6806,137000
2023-05-29 21:02:27,68,B+R,4,False,False,False,W,-0.88,13.7852,137000
2023-05-29 21:02:41,49,W+R,0,False,False,False,B,-0.88,13.817,137000
2023-05-29 21:02:52,42,B+R,0,False,False,False,W,-0.88,13.7949,137000
2023-05-29 21:03:10,56,B+R,1,False,False,False,W,-0.88,13.8428,137000
2023-05-29 21:03:23,43,W+R,0,False,False,False,B,-0.88,13.8449,137000
2023-05-29 21:03:36,43,W+R,0,False,False,False,B,-0.88,13.844,137000
2023-05-29 21:03:49,43,W+R,0,False,False,False,B,-0.88,13.7791,137000
2023-05-29 21:05:06,43,W+R,0,False,False,False,B,-0.88,13.8647,138000
2023-05-29 21:05:22,49,W+R,0,False,False,False,B,-0.88,13.902,138000
2023-05-29 21:05:35,46,B+R,0,False,False,False,W,-0.88,13.9364,138000
2023-05-29 21:05:53,60,B+R,0,False,False,False,W,-0.88,14.0051,138000
2023-05-29 21:06:04,43,W+R,0,False,False,False,B,-0.88,14.005,138000
2023-05-29 21:06:19,45,W+R,0,False,False,False,B,-0.88,14.0336,138000
2023-05-29 21:06:30,43,W+R,0,False,False,False,B,-0.88,13.9572,138000
2023-05-29 21:06:40,42,B+R,0,False,False,False,W,-0.88,13.9488,138000
2023-05-29 21:06:51,43,W+R,0,False,False,False,B,-0.88,13.9596,138000
2023-05-29 21:07:02,43,W+R,0,False,False,False,B,-0.88,13.7595,138000
2023-05-29 21:07:15,43,W+R,0,False,False,False,B,-0.88,13.7243,138000
2023-05-29 21:07:27,43,W+R,0,False,False,False,B,-0.88,13.7174,138000
2023-05-29 21:07:38,43,W+R,0,False,False,False,B,-0.88,13.7101,138000
2023-05-29 21:07:49,42,B+R,0,False,False,False,W,-0.88,13.7115,138000
2023-05-29 21:08:01,46,B+R,0,False,False,False,W,-0.88,13.6138,138000
2023-05-29 21:08:15,43,W+R,0,False,False,False,B,-0.88,13.629,138000
2023-05-29 21:08:27,43,W+R,0,False,False,False,B,-0.88,13.6246,138000
2023-05-29 21:08:39,43,W+R,0,False,False,False,B,-0.88,13.6295,138000
2023-05-29 21:08:53,49,W+R,0,False,False,False,B,-0.88,13.659,138000
2023-05-29 21:09:25,130,B+2.5,28,True,True,False,W,-0.88,13.8561,138000
2023-05-29 21:09:38,43,W+R,0,False,False,False,B,-0.88,13.8577,138000
2023-05-29 21:09:55,61,W+R,0,False,False,False,B,-0.88,13.9017,138000
2023-05-29 21:10:06,43,W+R,1,False,False,False,B,-0.88,13.8227,138000
2023-05-29 21:10:16,43,W+R,1,False,False,False,B,-0.88,13.8045,138000
2023-05-29 21:10:32,53,W+R,0,False,False,False,B,-0.88,13.8435,138000
2023-05-29 21:10:44,43,W+R,0,False,False,False,B,-0.88,13.8309,138000
2023-05-29 21:11:06,88,W+1.5,10,True,True,False,B,-0.88,13.9228,138000
2023-05-29 21:11:22,65,W+R,0,False,False,False,B,-0.88,13.9595,138000
2023-05-29 21:11:31,43,W+R,0,False,False,False,B,-0.88,13.8557,138000
2023-05-29 21:11:38,43,W+R,0,False,False,False,B,-0.88,13.8237,138000
2023-05-29 21:11:50,43,W+R,0,False,False,False,B,-0.88,13.8667,138000
2023-05-29 21:12:01,43,W+R,0,False,False,False,B,-0.88,13.8575,138000
2023-05-29 21:12:15,59,B+0.5,2,True,True,False,W,-0.88,13.8681,138000
2023-05-29 21:12:40,75,W+R,1,False,False,False,B,-0.88,14.009,138000
2023-05-29 21:13:00,67,W+R,0,False,False,False,B,-0.88,14.1297,138000
2023-05-29 21:13:14,43,W+R,1,False,False,False,B,-0.88,14.1986,138000
2023-05-29 21:13:34,68,B+R,0,False,False,False,W,-0.88,14.2712,138000
2023-05-29 21:13:50,53,W+R,0,False,False,False,B,-0.88,14.3352,138000
2023-05-29 21:14:02,43,W+R,0,False,False,False,B,-0.88,14.331,138000
2023-05-29 21:14:21,61,W+R,0,False,False,False,B,-0.88,14.3048,138000
2023-05-29 21:14:29,45,W+R,0,False,False,False,B,-0.88,14.2798,138000
2023-05-29 21:14:37,43,W+R,1,False,False,False,B,-0.88,14.1542,138000
2023-05-29 21:14:50,43,W+R,0,False,False,False,B,-0.88,14.1631,138000
2023-05-29 21:15:05,52,B+R,0,False,False,False,W,-0.88,14.1745,138000
2023-05-29 21:15:17,42,B+R,0,False,False,False,W,-0.88,14.1758,138000
2023-05-29 21:15:30,49,W+R,0,False,False,False,B,-0.88,14.1954,138000
2023-05-29 21:16:51,57,W+R,0,False,False,False,B,-0.88,14.2764,139000
2023-05-29 21:17:16,77,W+R,0,False,False,False,B,-0.88,14.3986,139000
2023-05-29 21:17:30,51,W+R,0,False,False,False,B,-0.88,14.4371,139000
2023-05-29 21:17:42,43,W+R,0,False,False,False,B,-0.88,14.4323,139000
2023-05-29 21:17:53,43,W+R,0,False,False,False,B,-0.88,14.4239,139000
2023-05-29 21:18:05,43,W+R,2,False,False,False,B,-0.88,14.2246,139000
2023-05-29 21:18:17,43,W+R,0,False,False,False,B,-0.88,14.1626,139000
2023-05-29 21:18:31,43,W+R,0,False,False,False,B,-0.88,14.1867,139000
2023-05-29 21:18:43,43,W+R,0,False,False,False,B,-0.88,14.2248,139000
2023-05-29 21:18:55,43,W+R,0,False,False,False,B,-0.88,14.1326,139000
2023-05-29 21:19:09,43,W+R,0,False,False,False,B,-0.88,13.9892,139000
2023-05-29 21:19:31,71,B+1.5,4,True,True,False,W,-0.88,14.0561,139000
2023-05-29 21:19:44,43,W+R,1,False,False,False,B,-0.88,14.089,139000
2023-05-29 21:20:05,66,B+R,0,False,False,False,W,-0.88,14.1444,139000
2023-05-29 21:20:17,42,B+R,0,False,False,False,W,-0.88,14.1386,139000
2023-05-29 21:20:30,43,W+R,0,False,False,False,B,-0.88,14.1313,139000
2023-05-29 21:20:50,81,B+1.5,5,True,True,False,W,-0.88,14.1671,139000
2023-05-29 21:20:59,42,B+R,0,False,False,False,W,-0.88,14.1657,139000
2023-05-29 21:21:14,45,W+R,0,False,False,False,B,-0.88,14.224,139000
2023-05-29 21:21:27,43,W+R,0,False,False,False,B,-0.88,14.2442,139000
2023-05-29 21:21:40,43,W+R,0,False,False,False,B,-0.88,14.0394,139000
2023-05-29 21:21:53,45,W+R,0,False,False,False,B,-0.88,13.9502,139000
2023-05-29 21:22:02,43,W+R,4,False,False,False,B,-0.88,13.9101,139000
2023-05-29 21:22:18,62,B+R,0,False,False,False,W,-0.88,13.8214,139000
2023-05-29 21:22:31,43,W+R,0,False,False,False,B,-0.88,13.6977,139000
2023-05-29 21:22:55,91,B+5.5,7,True,True,False,W,-0.88,13.8078,139000
2023-05-29 21:23:14,57,W+R,0,False,False,False,B,-0.88,13.849,139000
2023-05-29 21:23:26,43,W+R,0,False,False,False,B,-0.88,13.8828,139000
2023-05-29 21:23:45,64,B+R,0,False,False,False,W,-0.88,13.9309,139000
2023-05-29 21:23:58,48,B+R,0,False,False,False,W,-0.88,13.9319,139000
2023-05-29 21:24:10,43,W+R,0,False,False,False,B,-0.88,13.9186,139000
2023-05-29 21:24:22,43,W+R,1,False,False,False,B,-0.88,13.9025,139000
2023-05-29 21:24:34,43,W+R,0,False,False,False,B,-0.88,13.908,139000
2023-05-29 21:24:44,43,W+R,0,False,False,False,B,-0.88,13.8786,139000
2023-05-29 21:24:57,45,W+R,0,False,False,False,B,-0.88,13.8832,139000
2023-05-29 21:25:09,43,W+R,1,False,False,False,B,-0.88,13.8815,139000
2023-05-29 21:25:23,42,B+R,0,False,False,False,W,-0.88,13.8694,139000
2023-05-29 21:25:45,78,B+R,7,False,False,False,W,-0.88,13.985,139000
2023-05-29 21:25:58,42,B+R,0,False,False,False,W,-0.88,13.9938,139000
2023-05-29 21:26:27,83,W+R,0,False,False,False,B,-0.88,14.1632,139000
2023-05-29 21:26:39,43,W+R,1,False,False,False,B,-0.88,14.1869,139000
2023-05-29 21:26:50,43,W+R,2,False,False,False,B,-0.88,14.198,139000
2023-05-29 21:27:02,43,W+R,2,False,False,False,B,-0.88,14.2138,139000
2023-05-29 21:28:31,43,W+R,0,False,False,False,B,-0.88,14.4105,140000
2023-05-29 21:28:44,47,W+R,0,False,False,False,B,-0.88,14.3266,140000
2023-05-29 21:28:56,43,W+R,0,False,False,False,B,-0.88,14.2999,140000
2023-05-29 21:29:40,144,W+4.5,27,True,True,False,B,-0.88,14.6404,140000
2023-05-29 21:29:55,53,W+R,0,False,False,False,B,-0.88,14.6124,140000
2023-05-29 21:30:05,43,W+R,0,False,False,False,B,-0.88,14.5842,140000
2023-05-29 21:30:20,49,W+R,0,False,False,False,B,-0.88,14.6037,140000
2023-05-29 21:30:45,96,W+2.5,19,True,True,False,B,-0.88,14.725,140000
2023-05-29 21:31:00,48,B+R,0,False,False,False,W,-0.88,14.7107,140000
2023-05-29 21:31:11,43,W+R,0,False,False,False,B,-0.88,14.6984,140000
2023-05-29 21:31:23,42,B+R,0,False,False,False,W,-0.88,14.6663,140000
2023-05-29 21:31:36,43,W+R,1,False,False,False,B,-0.88,14.6632,140000
2023-05-29 21:31:44,43,W+R,0,False,False,False,B,-0.88,14.567,140000
2023-05-29 21:31:59,57,W+R,0,False,False,False,B,-0.88,14.6002,140000
2023-05-29 21:32:08,44,B+R,0,False,False,False,W,-0.88,14.5505,140000
2023-05-29 21:32:18,43,W+R,0,False,False,False,B,-0.88,14.5259,140000
2023-05-29 21:32:27,42,B+R,0,False,False,False,W,-0.88,14.5225,140000
2023-05-29 21:32:37,43,W+R,0,False,False,False,B,-0.88,14.5178,140000
2023-05-29 21:32:46,43,W+R,0,False,False,False,B,-0.88,14.4877,140000
2023-05-29 21:32:57,43,W+R,0,False,False,False,B,-0.88,14.4723,140000
2023-05-29 21:33:09,43,W+R,0,False,False,False,B,-0.88,14.472,140000
2023-05-29 21:33:20,42,B+R,0,False,False,False,W,-0.88,14.4765,140000
2023-05-29 21:33:51,112,W+5.5,18,True,True,False,B,-0.88,14.6667,140000
2023-05-29 21:34:01,43,W+R,0,False,False,False,B,-0.88,14.6517,140000
2023-05-29 21:34:14,43,W+R,0,False,False,False,B,-0.88,14.6452,140000
2023-05-29 21:34:27,43,W+R,0,False,False,False,B,-0.88,14.6551,140000
2023-05-29 21:34:39,43,W+R,0,False,False,False,B,-0.88,14.6589,140000
2023-05-29 21:35:01,68,B+R,0,False,False,False,W,-0.88,14.7278,140000
2023-05-29 21:35:13,43,W+R,0,False,False,False,B,-0.88,14.5326,140000
2023-05-29 21:35:27,43,W+R,1,False,False,False,B,-0.88,14.5381,140000
2023-05-29 21:35:40,43,W+R,3,False,False,False,B,-0.88,14.5003,140000
2023-05-29 21:36:08,108,B+5.5,12,True,True,False,W,-0.88,14.6681,140000
2023-05-29 21:36:20,43,W+R,1,False,False,False,B,-0.88,14.6875,140000
2023-05-29 21:36:33,43,W+R,0,False,False,False,B,-0.88,14.6638,140000
2023-05-29 21:36:51,106,W+0.5,17,True,True,False,B,-0.88,14.7286,140000
2023-05-29 21:37:02,43,W+R,1,False,False,False,B,-0.88,14.6124,140000
2023-05-29 21:37:15,43,W+R,0,False,False,False,B,-0.88,14.5751,140000
2023-05-29 21:37:26,43,W+R,0,False,False,False,B,-0.88,14.6087,140000
2023-05-29 21:37:43,53,W+R,0,False,False,False,B,-0.88,14.7083,140000
2023-05-29 21:38:04,61,W+R,0,False,False,False,B,-0.88,14.7854,140000
2023-05-29 21:38:20,57,B+5.5,4,True,True,False,W,-0.88,14.8422,140000
2023-05-29 21:38:43,68,B+R,0,False,False,False,W,-0.88,14.9338,140000
2023-05-29 21:38:55,52,B+R,0,False,False,False,W,-0.88,14.808,140000
2023-05-29 21:40:05,43,W+R,2,False,False,False,B,-0.88,14.6892,141000
2023-05-29 21:40:16,43,W+R,0,False,False,False,B,-0.88,14.5997,141000
2023-05-29 21:40:42,103,W+3.5,14,True,True,False,B,-0.88,14.6884,141000
2023-05-29 21:41:05,98,W+2.5,15,True,True,False,B,-0.88,14.8019,141000
2023-05-29 21:41:19,61,W+R,0,False,False,False,B,-0.88,14.7547,141000
2023-05-29 21:41:32,43,W+R,0,False,False,False,B,-0.88,14.8002,141000
2023-05-29 21:41:45,43,W+R,0,False,False,False,B,-0.88,14.8476,141000
2023-05-29 21:41:56,43,W+R,0,False,False,False,B,-0.88,14.8394,141000
2023-05-29 21:42:08,42,B+R,0,False,False,False,W,-0.88,14.8091,141000
2023-05-29 21:42:21,43,W+R,0,False,False,False,B,-0.88,14.8191,141000
2023-05-29 21:42:32,43,W+R,0,False,False,False,B,-0.88,14.7964,141000
2023-05-29 21:42:43,43,W+R,0,False,False,False,B,-0.88,14.7849,141000
2023-05-29 21:42:57,47,W+R,0,False,False,False,B,-0.88,14.7431,141000
2023-05-29 21:43:33,162,W+3.5,3,True,True,False,B,-0.88,14.843,141000
2023-05-29 21:43:46,43,W+R,2,False,False,False,B,-0.88,14.8325,141000
2023-05-29 21:43:58,49,W+R,0,False,False,False,B,-0.88,14.8417,141000
2023-05-29 21:44:07,43,W+R,0,False,False,False,B,-0.88,14.8167,141000
2023-05-29 21:44:18,43,W+R,0,False,False,False,B,-0.88,14.81,141000
2023-05-29 21:44:30,43,W+R,0,False,False,False,B,-0.88,14.8035,141000
2023-05-29 21:44:41,43,W+R,0,False,False,False,B,-0.88,14.7778,141000
2023-05-29 21:44:53,42,B+R,0,False,False,False,W,-0.88,14.7731,141000
2023-05-29 21:45:23,112,B+2.5,17,True,True,False,W,-0.88,14.9512,141000
2023-05-29 21:45:42,51,W+R,0,False,False,False,B,-0.88,15.0036,141000
2023-05-29 21:45:53,43,W+R,0,False,False,False,B,-0.88,14.8922,141000
2023-05-29 21:46:26,107,B+2.5,13,True,True,False,W,-0.88,15.0967,141000
2023-05-29 21:46:35,43,W+R,0,False,False,False,B,-0.88,14.9765,141000
2023-05-29 21:46:55,60,B+R,0,False,False,False,W,-0.88,15.055,141000
2023-05-29 21:47:08,43,W+R,0,False,False,False,B,-0.88,15.0573,141000
2023-05-29 21:47:30,67,W+R,2,False,False,False,B,-0.88,15.072,141000
2023-05-29 21:47:40,42,B+R,0,False,False,False,W,-0.88,15.0848,141000
2023-05-29 21:47:59,86,W+0.5,4,False,False,False,,-0.88,15.1289,141000
2023-05-29 21:48:12,43,W+R,0,False,False,False,B,-0.88,15.1194,141000
2023-05-29 21:48:22,43,W+R,0,False,False,False,B,-0.88,15.0933,141000
2023-05-29 21:48:31,43,W+R,0,False,False,False,B,-0.88,15.0594,141000
2023-05-29 21:48:44,43,W+R,0,False,False,False,B,-0.88,15.0977,141000
2023-05-29 21:48:56,43,W+R,0,False,False,False,B,-0.88,15.0506,141000
2023-05-29 21:49:09,43,W+R,0,False,False,False,B,-0.88,15.0579,141000
2023-05-29 21:49:21,43,W+R,0,False,False,False,B,-0.88,14.9318,141000
2023-05-29 21:49:32,43,W+R,0,False,False,False,B,-0.88,14.8554,141000
2023-05-29 21:49:44,42,B+R,0,False,False,False,W,-0.88,14.8514,141000
2023-05-29 21:50:06,76,B+R,4,False,False,False,W,-0.88,14.8837,141000
2023-05-29 21:50:18,43,W+R,0,False,False,False,B,-0.88,14.8742,141000
2023-05-29 21:51:37,43,W+R,0,False,False,False,B,-0.88,14.8973,142000
2023-05-29 21:51:48,43,W+R,0,False,False,False,B,-0.88,14.8827,142000
2023-05-29 21:51:57,43,W+R,0,False,False,False,B,-0.88,14.8775,142000
2023-05-29 21:52:12,64,B+R,0,False,False,False,W,-0.88,14.9061,142000
2023-05-29 21:52:27,43,W+R,0,False,False,False,B,-0.88,14.9202,142000
2023-05-29 21:52:38,43,W+R,0,False,False,False,B,-0.88,14.8968,142000
2023-05-29 21:52:55,68,B+R,0,False,False,False,W,-0.88,14.8489,142000
2023-05-29 21:53:07,42,B+R,0,False,False,False,W,-0.88,14.8465,142000
2023-05-29 21:53:20,43,W+R,0,False,False,False,B,-0.88,14.6752,142000
2023-05-29 21:53:31,43,W+R,0,False,False,False,B,-0.88,14.6685,142000
2023-05-29 21:53:38,43,W+R,0,False,False,False,B,-0.88,14.6299,142000
2023-05-29 21:54:10,117,W+17.5,19,True,True,False,B,-0.88,14.8301,142000
2023-05-29 21:54:19,43,W+R,0,False,False,False,B,-0.88,14.6195,142000
2023-05-29 21:54:27,43,W+R,0,False,False,False,B,-0.88,14.5554,142000
2023-05-29 21:54:38,60,B+R,0,False,False,False,W,-0.88,14.538,142000
2023-05-29 21:54:50,43,W+R,0,False,False,False,B,-0.88,14.5387,142000
2023-05-29 21:55:01,43,W+R,0,False,False,False,B,-0.88,14.2049,142000
2023-05-29 21:55:14,43,W+R,0,False,False,False,B,-0.88,14.1811,142000
2023-05-29 21:55:27,42,B+R,0,False,False,False,W,-0.88,14.2053,142000
2023-05-29 21:55:43,52,B+R,0,False,False,False,W,-0.88,14.2224,142000
2023-05-29 21:55:54,43,W+R,0,False,False,False,B,-0.88,14.0827,142000
2023-05-29 21:56:06,43,W+R,0,False,False,False,B,-0.88,14.0556,142000
2023-05-29 21:56:21,50,B+R,0,False,False,False,W,-0.88,14.0955,142000
2023-05-29 21:56:38,59,W+R,2,False,False,False,B,-0.88,14.1384,142000
2023-05-29 21:56:49,43,W+R,1,False,False,False,B,-0.88,14.1215,142000
2023-05-29 21:57:02,45,W+R,0,False,False,False,B,-0.88,14.1766,142000
2023-05-29 21:57:14,43,W+R,0,False,False,False,B,-0.88,14.1431,142000
2023-05-29 21:57:23,43,W+R,0,False,False,False,B,-0.88,14.1334,142000
2023-05-29 21:57:45,67,W+R,0,False,False,False,B,-0.88,14.2685,142000
2023-05-29 21:57:57,43,W+R,0,False,False,False,B,-0.88,14.2927,142000
2023-05-29 21:58:08,42,B+R,0,False,False,False,W,-0.88,14.2951,142000
2023-05-29 21:58:30,91,W+1.5,7,True,True,False,B,-0.88,14.4307,142000
2023-05-29 21:58:39,43,W+R,0,False,False,False,B,-0.88,14.41,142000
2023-05-29 21:58:52,42,B+R,0,False,False,False,W,-0.88,14.425,142000
2023-05-29 21:59:21,112,W+2.5,11,True,True,False,B,-0.88,14.5994,142000
2023-05-29 21:59:33,43,W+R,0,False,False,False,B,-0.88,14.4183,142000
2023-05-29 21:59:45,42,B+R,0,False,False,False,W,-0.88,14.4268,142000
2023-05-29 22:00:00,44,B+R,0,False,False,False,W,-0.88,14.4493,142000
2023-05-29 22:00:17,58,B+R,0,False,False,False,W,-0.88,14.4878,142000
2023-05-29 22:00:28,43,W+R,0,False,False,False,B,-0.88,14.478,142000
2023-05-29 22:00:51,82,B+R,3,False,False,False,W,-0.88,14.4898,142000
2023-05-29 22:01:03,43,W+R,0,False,False,False,B,-0.88,14.4935,142000
2023-05-29 22:01:15,43,W+R,0,False,False,False,B,-0.88,14.4716,142000
2023-05-29 22:01:35,72,B+R,4,False,False,False,W,-0.88,14.5444,142000
2023-05-29 22:01:49,49,W+R,0,False,False,False,B,-0.88,14.4013,142000
2023-05-29 22:02:02,55,W+0.5,2,True,True,False,B,-0.88,14.4139,142000
2023-05-29 22:03:28,90,W+2.5,16,True,True,False,B,-0.88,14.4349,143000
2023-05-29 22:03:46,59,W+R,0,False,False,False,B,-0.88,14.512,143000
2023-05-29 22:04:04,60,W+0.5,2,True,True,False,B,-0.88,14.564,143000
2023-05-29 22:04:24,63,W+R,0,False,False,False,B,-0.88,14.6447,143000
2023-05-29 22:04:57,162,W+9.5,40,True,True,False,B,-0.88,14.807,143000
2023-05-29 22:05:10,42,B+R,0,False,False,False,W,-0.88,14.7356,143000
2023-05-29 22:05:24,43,W+R,0,False,False,False,B,-0.88,14.7139,143000
2023-05-29 22:05:35,43,W+R,0,False,False,False,B,-0.88,14.5871,143000
2023-05-29 22:05:47,43,W+R,0,False,False,False,B,-0.88,14.5902,143000
2023-05-29 22:05:59,43,W+R,0,False,False,False,B,-0.88,14.6071,143000
2023-05-29 22:06:10,43,W+R,4,False,False,False,B,-0.88,14.5976,143000
2023-05-29 22:06:29,61,W+R,0,False,False,False,B,-0.88,14.6699,143000
2023-05-29 22:06:41,42,B+R,0,False,False,False,W,-0.88,14.5385,143000
2023-05-29 22:06:52,43,W+R,0,False,False,False,B,-0.88,14.421,143000
2023-05-29 22:07:03,43,W+R,1,False,False,False,B,-0.88,14.3919,143000
2023-05-29 22:07:15,43,W+R,0,False,False,False,B,-0.88,14.38,143000
2023-05-29 22:07:28,43,W+R,0,False,False,False,B,-0.88,14.3843,143000
2023-05-29 22:07:40,43,W+R,0,False,False,False,B,-0.88,14.3823,143000
2023-05-29 22:07:52,43,W+R,0,False,False,False,B,-0.88,14.3863,143000
2023-05-29 22:08:03,43,W+R,1,False,False,False,B,-0.88,14.3711,143000
2023-05-29 22:08:17,43,W+R,2,False,False,False,B,-0.88,14.3987,143000
2023-05-29 22:08:44,82,B+R,0,False,False,False,W,-0.88,14.5549,143000
2023-05-29 22:09:02,62,B+R,0,False,False,False,W,-0.88,14.5978,143000
2023-05-29 22:09:16,43,W+R,0,False,False,False,B,-0.88,14.3792,143000
2023-05-29 22:09:29,45,W+R,0,False,False,False,B,-0.88,14.3849,143000
2023-05-29 22:09:53,70,B+R,4,False,False,False,W,-0.88,14.496,143000
2023-05-29 22:10:12,60,B+R,2,False,False,False,W,-0.88,14.5988,143000
2023-05-29 22:10:25,43,W+R,0,False,False,False,B,-0.88,14.6219,143000
2023-05-29 22:10:37,43,W+R,0,False,False,False,B,-0.88,14.6135,143000
2023-05-29 22:10:50,43,W+R,0,False,False,False,B,-0.88,14.6413,143000
2023-05-29 22:11:03,42,B+R,0,False,False,False,W,-0.88,14.6469,143000
2023-05-29 22:11:28,85,W+R,2,False,False,False,B,-0.88,14.5989,143000
2023-05-29 22:11:40,43,W+R,0,False,False,False,B,-0.88,14.5282,143000
2023-05-29 22:11:53,51,W+R,0,False,False,False,B,-0.88,14.5468,143000
2023-05-29 22:12:04,42,B+R,0,False,False,False,W,-0.88,14.334,143000
2023-05-29 22:12:16,43,W+R,0,False,False,False,B,-0.88,14.3624,143000
2023-05-29 22:12:28,42,B+R,1,False,False,False,W,-0.88,14.2842,143000
2023-05-29 22:12:40,43,W+R,0,False,False,False,B,-0.88,14.2752,143000
2023-05-29 22:12:51,42,B+R,0,False,False,False,W,-0.88,14.1625,143000
2023-05-29 22:13:02,43,W+R,0,False,False,False,B,-0.88,14.1651,143000
2023-05-29 22:13:11,43,W+R,0,False,False,False,B,-0.88,14.0742,143000
2023-05-29 22:13:27,61,W+7.5,3,True,True,False,B,-0.88,14.1057,143000
2023-05-29 22:13:42,44,B+R,0,False,False,False,W,-0.88,14.1525,143000
2023-05-29 22:13:54,43,W+R,0,False,False,False,B,-0.88,14.1809,143000
2023-05-29 22:15:00,43,W+R,0,False,False,False,B,-0.88,14.139,144000
2023-05-29 22:15:18,56,B+R,0,False,False,False,W,-0.88,14.189,144000
2023-05-29 22:15:34,54,B+R,0,False,False,False,W,-0.88,14.2335,144000
2023-05-29 22:15:45,42,B+R,0,False,False,False,W,-0.88,14.2239,144000
2023-05-29 22:16:01,76,W+4.5,6,True,True,False,B,-0.88,14.2675,144000
2023-05-29 22:16:13,43,W+R,0,False,False,False,B,-0.88,14.1628,144000
2023-05-29 22:16:24,43,W+R,1,False,False,False,B,-0.88,14.1581,144000
2023-05-29 22:16:34,42,B+R,0,False,False,False,W,-0.88,14.123,144000
2023-05-29 22:16:43,42,B+R,0,False,False,False,W,-0.88,14.0824,144000
2023-05-29 22:17:05,78,W+0.5,5,True,True,False,B,-0.88,14.1986,144000
2023-05-29 22:17:17,43,W+R,0,False,False,False,B,-0.88,14.227,144000
2023-05-29 22:17:30,43,W+R,0,False,False,False,B,-0.88,14.1989,144000
2023-05-29 22:17:42,43,W+R,0,False,False,False,B,-0.88,14.175,144000
2023-05-29 22:18:04,103,W+1.5,16,True,True,False,B,-0.88,14.2807,144000
2023-05-29 22:18:16,42,B+R,0,False,False,False,W,-0.88,14.2301,144000
2023-05-29 22:18:27,42,B+R,0,False,False,False,W,-0.88,14.2186,144000
2023-05-29 22:18:38,42,B+R,0,False,False,False,W,-0.88,14.2078,144000
2023-05-29 22:18:50,43,W+R,0,False,False,False,B,-0.88,14.2221,144000
2023-05-29 22:19:02,43,W+R,0,False,False,False,B,-0.88,14.2685,144000
2023-05-29 22:19:28,103,W+1.5,17,True,True,False,B,-0.88,14.1992,144000
2023-05-29 22:19:40,43,W+R,0,False,False,False,B,-0.88,14.2342,144000
2023-05-29 22:19:53,42,B+R,0,False,False,False,W,-0.88,14.2822,144000
2023-05-29 22:20:11,65,W+R,6,False,False,False,B,-0.88,14.3494,144000
2023-05-29 22:20:23,43,W+R,0,False,False,False,B,-0.88,14.3531,144000
2023-05-29 22:20:32,43,W+R,0,False,False,False,B,-0.88,14.3335,144000
2023-05-29 22:20:45,42,B+R,0,False,False,False,W,-0.88,14.3348,144000
2023-05-29 22:20:55,42,B+R,0,False,False,False,W,-0.88,14.3105,144000
2023-05-29 22:21:13,58,B+R,0,False,False,False,W,-0.88,14.3209,144000
2023-05-29 22:21:25,43,W+R,1,False,False,False,B,-0.88,14.3265,144000
2023-05-29 22:21:46,71,W+R,0,False,False,False,B,-0.88,14.4243,144000
2023-05-29 22:22:07,98,W+7.5,12,True,True,False,B,-0.88,14.4858,144000
2023-05-29 22:22:51,162,W+2.5,23,False,False,False,,-0.88,14.7566,144000
2023-05-29 22:23:20,91,W+0.5,14,True,True,False,B,-0.88,14.9316,144000
2023-05-29 22:23:32,42,B+R,0,False,False,False,W,-0.88,14.9209,144000
2023-05-29 22:23:48,57,W+R,0,False,False,False,B,-0.88,14.9613,144000
2023-05-29 22:24:01,42,B+R,0,False,False,False,W,-0.88,15.004,144000
2023-05-29 22:24:13,43,W+R,0,False,False,False,B,-0.88,14.8961,144000
2023-05-29 22:24:24,43,W+R,0,False,False,False,B,-0.88,14.8982,144000
2023-05-29 22:24:36,43,W+R,0,False,False,False,B,-0.88,14.9126,144000
2023-05-29 22:24:47,43,W+R,0,False,False,False,B,-0.88,14.8003,144000
2023-05-29 22:24:58,43,W+R,0,False,False,False,B,-0.88,14.82,144000
2023-05-29 22:25:12,43,W+R,0,False,False,False,B,-0.88,14.8161,144000
2023-05-29 22:26:29,43,W+R,1,False,False,False,B,-0.88,14.6473,145000
2023-05-29 22:26:48,63,W+R,0,False,False,False,B,-0.88,14.7158,145000
2023-05-29 22:27:12,78,W+0.5,3,True,True,False,B,-0.88,14.809,145000
2023-05-29 22:27:25,42,B+R,0,False,False,False,W,-0.88,14.7669,145000
2023-05-29 22:27:38,43,W+R,1,False,False,False,B,-0.88,14.7842,145000
2023-05-29 22:27:50,43,W+R,0,False,False,False,B,-0.88,14.6767,145000
2023-05-29 22:28:01,43,W+R,0,False,False,False,B,-0.88,14.6664,145000
2023-05-29 22:28:14,42,B+R,0,False,False,False,W,-0.88,14.685,145000
2023-05-29 22:28:29,45,W+R,0,False,False,False,B,-0.88,14.6248,145000
2023-05-29 22:28:42,43,W+R,0,False,False,False,B,-0.88,14.6251,145000
2023-05-29 22:29:06,76,B+R,0,False,False,False,W,-0.88,14.7254,145000
2023-05-29 22:29:19,42,B+R,0,False,False,False,W,-0.88,14.7068,145000
2023-05-29 22:29:30,43,W+R,0,False,False,False,B,-0.88,14.6334,145000
2023-05-29 22:29:41,43,W+R,0,False,False,False,B,-0.88,14.56,145000
2023-05-29 22:29:53,43,W+R,0,False,False,False,B,-0.88,14.5037,145000
2023-05-29 22:30:05,43,W+R,0,False,False,False,B,-0.88,14.4272,145000
2023-05-29 22:30:15,43,W+R,0,False,False,False,B,-0.88,14.1913,145000
2023-05-29 22:30:32,59,W+R,0,False,False,False,B,-0.88,14.2299,145000
2023-05-29 22:30:46,44,B+R,0,False,False,False,W,-0.88,14.2268,145000
2023-05-29 22:30:57,42,B+R,0,False,False,False,W,-0.88,14.2297,145000
2023-05-29 22:31:09,43,W+R,2,False,False,False,B,-0.88,14.2281,145000
2023-05-29 22:31:23,43,W+R,0,False,False,False,B,-0.88,14.2551,145000
2023-05-29 22:31:49,86,B+R,3,False,False,False,W,-0.88,14.3995,145000
2023-05-29 22:32:03,42,B+R,0,False,False,False,W,-0.88,14.3562,145000
2023-05-29 22:32:14,43,W+R,0,False,False,False,B,-0.88,14.346,145000
2023-05-29 22:32:27,43,W+R,0,False,False,False,B,-0.88,14.3534,145000
2023-05-29 22:32:39,43,W+R,0,False,False,False,B,-0.88,14.3669,145000
2023-05-29 22:32:50,43,W+R,0,False,False,False,B,-0.88,14.3635,145000
2023-05-29 22:33:03,43,W+R,0,False,False,False,B,-0.88,14.3531,145000
2023-05-29 22:33:17,59,W+R,0,False,False,False,B,-0.88,14.3856,145000
2023-05-29 22:33:28,43,W+R,0,False,False,False,B,-0.88,14.3744,145000
2023-05-29 22:33:39,43,W+R,0,False,False,False,B,-0.88,14.3633,145000
2023-05-29 22:33:52,42,B+R,0,False,False,False,W,-0.88,14.3638,145000
2023-05-29 22:34:08,51,W+R,0,False,False,False,B,-0.88,14.248,145000
2023-05-29 22:34:20,43,W+R,0,False,False,False,B,-0.88,14.1853,145000
2023-05-29 22:34:32,42,B+R,0,False,False,False,W,-0.88,14.1714,145000
2023-05-29 22:34:45,43,W+R,0,False,False,False,B,-0.88,14.1599,145000
2023-05-29 22:34:56,43,W+R,0,False,False,False,B,-0.88,14.0386,145000
2023-05-29 22:35:11,47,W+R,0,False,False,False,B,-0.88,14.0037,145000
2023-05-29 22:35:31,67,W+R,0,False,False,False,B,-0.88,14.0697,145000
2023-05-29 22:35:43,43,W+R,0,False,False,False,B,-0.88,14.0693,145000
2023-05-29 22:35:56,43,W+R,0,False,False,False,B,-0.88,14.0634,145000
2023-05-29 22:36:11,55,W+R,0,False,False,False,B,-0.88,14.0913,145000
2023-05-29 22:36:24,43,W+R,0,False,False,False,B,-0.88,13.9717,145000
2023-05-29 22:36:47,96,W+5.5,7,True,True,False,B,-0.88,14.0777,145000
2023-05-29 22:38:02,43,W+R,0,False,False,False,B,-0.88,14.0848,146000
2023-05-29 22:38:33,119,W+0.5,21,True,True,False,B,-0.88,14.277,146000
2023-05-29 22:38:47,45,W+R,0,False,False,False,B,-0.88,14.3023,146000
2023-05-29 22:39:10,89,W+7.5,8,True,True,False,B,-0.88,14.4026,146000
2023-05-29 22:39:30,65,W+R,0,False,False,False,B,-0.88,14.4907,146000
2023-05-29 22:39:42,43,W+R,0,False,False,False,B,-0.88,14.5116,146000
2023-05-29 22:39:55,43,W+R,0,False,False,False,B,-0.88,14.5434,146000
2023-05-29 22:40:06,43,W+R,0,False,False,False,B,-0.88,14.4991,146000
2023-05-29 22:40:20,43,W+R,0,False,False,False,B,-0.88,14.4837,146000
2023-05-29 22:40:29,42,B+R,0,False,False,False,W,-0.88,14.4566,146000
2023-05-29 22:40:52,63,W+R,0,False,False,False,B,-0.88,14.6033,146000
2023-05-29 22:41:03,43,W+R,0,False,False,False,B,-0.88,14.5957,146000
2023-05-29 22:41:20,64,W+0.5,4,True,True,False,B,-0.88,14.5843,146000
2023-05-29 22:41:41,66,W+0.5,2,False,False,False,,-0.88,14.6327,146000
2023-05-29 22:42:12,111,W+2.5,22,True,True,False,B,-0.88,14.8315,146000
2023-05-29 22:42:31,81,W+2.5,7,True,True,False,B,-0.88,14.8607,146000
2023-05-29 22:42:42,43,W+R,0,False,False,False,B,-0.88,14.8526,146000
2023-05-29 22:43:04,85,W+1.5,7,True,True,False,B,-0.88,14.9562,146000
2023-05-29 22:43:25,77,W+R,7,False,False,False,B,-0.88,15.0714,146000
2023-05-29 22:43:42,52,B+R,0,False,False,False,W,-0.88,15.1557,146000
2023-05-29 22:43:54,43,W+R,0,False,False,False,B,-0.88,15.0534,146000
2023-05-29 22:44:07,43,W+R,0,False,False,False,B,-0.88,15.0599,146000
2023-05-29 22:44:20,43,W+R,0,False,False,False,B,-0.88,15.0609,146000
2023-05-29 22:44:32,43,W+R,1,False,False,False,B,-0.88,15.0648,146000
2023-05-29 22:44:42,42,W+8.5,5,False,False,False,,-0.88,14.9455,146000
2023-05-29 22:45:02,75,W+1.5,3,True,True,False,B,-0.88,15.0229,146000
2023-05-29 22:45:17,56,B+R,0,False,False,False,W,-0.88,15.0598,146000
2023-05-29 22:45:37,88,W+3.5,9,True,True,False,B,-0.88,15.1472,146000
2023-05-29 22:45:56,85,W+0.5,14,True,True,False,B,-0.88,15.2211,146000
2023-05-29 22:46:09,43,W+R,0,False,False,False,B,-0.88,15.224,146000
2023-05-29 22:46:20,42,B+R,0,False,False,False,W,-0.88,15.0892,146000
2023-05-29 22:46:31,42,B+R,0,False,False,False,W,-0.88,15.0763,146000
2023-05-29 22:46:43,42,B+R,0,False,False,False,W,-0.88,15.0653,146000
2023-05-29 22:46:54,43,W+R,0,False,False,False,B,-0.88,14.9957,146000
2023-05-29 22:47:03,43,W+R,0,False,False,False,B,-0.88,14.9621,146000
2023-05-29 22:47:12,45,W+R,0,False,False,False,B,-0.88,14.9628,146000
2023-05-29 22:47:21,43,W+R,5,False,False,False,B,-0.88,14.925,146000
2023-05-29 22:47:39,60,B+R,0,False,False,False,W,-0.88,15.0015,146000
2023-05-29 22:47:52,43,W+R,0,False,False,False,B,-0.88,14.951,146000
2023-05-29 22:48:04,43,W+R,0,False,False,False,B,-0.88,14.9565,146000
2023-05-29 22:48:22,68,W+4.5,3,True,True,False,B,-0.88,14.9191,146000
2023-05-29 22:49:47,91,W+1.5,9,True,True,False,B,-0.88,14.6111,147000
2023-05-29 22:50:07,65,W+R,0,False,False,False,B,-0.88,14.5196,147000
2023-05-29 22:50:19,42,B+R,0,False,False,False,W,-0.88,14.5158,147000
2023-05-29 22:50:32,43,W+R,0,False,False,False,B,-0.88,14.491,147000
2023-05-29 22:50:46,43,W+R,0,False,False,False,B,-0.88,14.498,147000
2023-05-29 22:50:58,43,W+R,0,False,False,False,B,-0.88,14.5039,147000
2023-05-29 22:51:11,43,W+R,1,False,False,False,B,-0.88,14.5141,147000
2023-05-29 22:51:23,43,W+R,0,False,False,False,B,-0.88,14.5147,147000
2023-05-29 22:51:35,43,W+R,0,False,False,False,B,-0.88,14.5285,147000
2023-05-29 22:51:48,43,W+R,0,False,False,False,B,-0.88,14.5394,147000
2023-05-29 22:52:08,84,W+3.5,8,True,True,False,B,-0.88,14.612,147000
2023-05-29 22:52:20,43,W+R,0,False,False,False,B,-0.88,14.62,147000
2023-05-29 22:52:39,65,W+R,0,False,False,False,B,-0.88,14.6848,147000
2023-05-29 22:52:52,43,W+R,1,False,False,False,B,-0.88,14.6214,147000
2023-05-29 22:53:05,46,B+R,0,False,False,False,W,-0.88,14.5155,147000
2023-05-29 22:53:17,42,B+R,0,False,False,False,W,-0.88,14.5064,147000
2023-05-29 22:53:32,52,B+R,0,False,False,False,W,-0.88,14.5233,147000
2023-05-29 22:53:43,43,W+R,4,False,False,False,B,-0.88,14.5192,147000
2023-05-29 22:53:57,47,W+R,0,False,False,False,B,-0.88,14.5382,147000
2023-05-29 22:54:09,43,W+R,0,False,False,False,B,-0.88,14.533,147000
2023-05-29 22:54:21,42,B+R,0,False,False,False,W,-0.88,14.5036,147000
2023-05-29 22:54:45,76,B+R,3,False,False,False,W,-0.88,14.6078,147000
2023-05-29 22:55:22,162,W+2.5,29,True,True,False,B,-0.88,14.748,147000
2023-05-29 22:55:44,67,W+R,0,False,False,False,B,-0.88,14.834,147000
2023-05-29 22:55:56,43,W+R,0,False,False,False,B,-0.88,14.8455,147000
2023-05-29 22:56:09,43,W+R,3,False,False,False,B,-0.88,14.858,147000
2023-05-29 22:56:21,42,B+R,0,False,False,False,W,-0.88,14.8623,147000
2023-05-29 22:56:31,42,B+R,0,False,False,False,W,-0.88,14.8393,147000
2023-05-29 22:56:48,56,B+R,0,False,False,False,W,-0.88,14.9144,147000
2023-05-29 22:57:01,43,W+R,0,False,False,False,B,-0.88,14.87,147000
2023-05-29 22:57:13,43,W+R,0,False,False,False,B,-0.88,14.8518,147000
2023-05-29 22:57:28,52,B+R,0,False,False,False,W,-0.88,14.8931,147000
2023-05-29 22:57:43,54,B+R,0,False,False,False,W,-0.88,14.9216,147000
2023-05-29 22:57:55,43,W+R,0,False,False,False,B,-0.88,14.9009,147000
2023-05-29 22:58:09,51,W+R,0,False,False,False,B,-0.88,14.7831,147000
2023-05-29 22:58:27,67,B+1.5,4,True,True,False,W,-0.88,14.8209,147000
2023-05-29 22:58:40,43,W+R,0,False,False,False,B,-0.88,14.8361,147000
2023-05-29 22:58:53,43,W+R,0,False,False,False,B,-0.88,14.8439,147000
2023-05-29 22:59:05,45,W+R,0,False,False,False,B,-0.88,14.8435,147000
2023-05-29 22:59:23,57,W+R,0,False,False,False,B,-0.88,14.9059,147000
2023-05-29 22:59:36,50,B+R,0,False,False,False,W,-0.88,14.9172,147000
2023-05-29 22:59:50,51,W+R,0,False,False,False,B,-0.88,14.9126,147000
2023-05-29 23:01:08,42,B+R,1,False,False,False,W,-0.88,14.9608,148000
2023-05-29 23:01:21,42,B+R,0,False,False,False,W,-0.88,14.9584,148000
2023-05-29 23:01:33,43,W+R,0,False,False,False,B,-0.88,14.927,148000
2023-05-29 23:01:45,43,W+R,0,False,False,False,B,-0.88,14.9218,148000
2023-05-29 23:01:56,43,W+R,0,False,False,False,B,-0.88,14.9127,148000
2023-05-29 23:02:07,42,B+R,0,False,False,False,W,-0.88,14.8992,148000
2023-05-29 23:02:19,42,B+R,0,False,False,False,W,-0.88,14.9017,148000
2023-05-29 23:02:33,43,W+R,2,False,False,False,B,-0.88,14.8895,148000
2023-05-29 23:02:46,43,W+R,0,False,False,False,B,-0.88,14.8179,148000
2023-05-29 23:02:59,43,W+R,0,False,False,False,B,-0.88,14.8396,148000
2023-05-29 23:03:12,43,W+R,0,False,False,False,B,-0.88,14.8337,148000
2023-05-29 23:03:24,43,W+R,0,False,False,False,B,-0.88,14.8018,148000
2023-05-29 23:03:38,49,W+R,0,False,False,False,B,-0.88,14.8128,148000
2023-05-29 23:03:51,43,W+R,0,False,False,False,B,-0.88,14.7168,148000
2023-05-29 23:04:00,43,W+R,0,False,False,False,B,-0.88,14.6748,148000
2023-05-29 23:04:16,62,B+R,0,False,False,False,W,-0.88,14.7161,148000
2023-05-29 23:04:28,43,W+R,0,False,False,False,B,-0.88,14.5176,148000
2023-05-29 23:04:44,53,W+R,0,False,False,False,B,-0.88,14.5351,148000
2023-05-29 23:05:06,72,W+6.5,3,True,True,False,B,-0.88,14.5331,148000
2023-05-29 23:05:25,64,B+R,1,False,False,False,W,-0.88,14.5271,148000
2023-05-29 23:05:38,43,W+R,0,False,False,False,B,-0.88,14.5247,148000
2023-05-29 23:05:48,42,B+R,0,False,False,False,W,-0.88,14.5009,148000
2023-05-29 23:05:55,43,W+R,0,False,False,False,B,-0.88,14.46,148000
2023-05-29 23:06:30,162,B+3.5,29,True,True,False,W,-0.88,14.6787,148000
2023-05-29 23:06:45,50,B+R,0,False,False,False,W,-0.88,14.7267,148000
2023-05-29 23:06:56,42,B+R,0,False,False,False,W,-0.88,14.6128,148000
2023-05-29 23:07:36,162,W+12.5,32,True,True,False,B,-0.88,14.8967,148000
2023-05-29 23:07:47,43,W+R,0,False,False,False,B,-0.88,14.8349,148000
2023-05-29 23:07:59,42,B+R,0,False,False,False,W,-0.88,14.7422,148000
2023-05-29 23:08:11,43,W+R,0,False,False,False,B,-0.88,14.5662,148000
2023-05-29 23:08:24,42,B+R,0,False,False,False,W,-0.88,14.5,148000
2023-05-29 23:08:36,43,W+R,2,False,False,False,B,-0.88,14.5104,148000
2023-05-29 23:08:49,43,W+R,0,False,False,False,B,-0.88,14.4237,148000
2023-05-29 23:09:01,43,W+R,0,False,False,False,B,-0.88,14.3369,148000
2023-05-29 23:09:17,54,B+R,0,False,False,False,W,-0.88,14.3243,148000
2023-05-29 23:09:29,43,W+R,0,False,False,False,B,-0.88,14.322,148000
2023-05-29 23:09:42,42,B+R,0,False,False,False,W,-0.88,14.3202,148000
2023-05-29 23:09:54,43,W+R,0,False,False,False,B,-0.88,14.315,148000
2023-05-29 23:10:06,43,W+R,0,False,False,False,B,-0.88,14.3127,148000
2023-05-29 23:10:19,43,W+R,0,False,False,False,B,-0.88,14.3462,148000
2023-05-29 23:10:30,43,W+R,0,False,False,False,B,-0.88,14.2575,148000
2023-05-29 23:10:43,43,W+R,0,False,False,False,B,-0.88,14.2385,148000
2023-05-29 23:10:57,42,B+R,0,False,False,False,W,-0.88,14.1757,148000
2023-05-29 23:11:09,43,W+R,0,False,False,False,B,-0.88,14.0938,148000
2023-05-29 23:11:20,43,W+R,0,False,False,False,B,-0.88,14.0886,148000
2023-05-29 23:12:30,43,W+R,0,False,False,False,B,-0.88,14.092,149000
2023-05-29 23:12:43,43,W+R,0,False,False,False,B,-0.88,14.107,149000
2023-05-29 23:12:54,42,B+R,0,False,False,False,W,-0.88,14.1048,149000
2023-05-29 23:13:06,43,W+R,0,False,False,False,B,-0.88,14.1357,149000
2023-05-29 23:13:20,42,B+R,0,False,False,False,W,-0.88,14.1791,149000
2023-05-29 23:13:32,43,W+R,0,False,False,False,B,-0.88,14.2141,149000
2023-05-29 23:13:43,43,W+R,0,False,False,False,B,-0.88,14.1485,149000
2023-05-29 23:13:56,51,W+R,0,False,False,False,B,-0.88,14.1487,149000
2023-05-29 23:14:09,43,W+R,0,False,False,False,B,-0.88,14.1557,149000
2023-05-29 23:14:21,43,W+R,0,False,False,False,B,-0.88,14.1054,149000
2023-05-29 23:14:36,49,W+R,0,False,False,False,B,-0.88,14.1439,149000
2023-05-29 23:14:58,68,B+R,0,False,False,False,W,-0.88,14.1337,149000
2023-05-29 23:15:09,43,W+R,0,False,False,False,B,-0.88,14.0398,149000
2023-05-29 23:15:21,43,W+R,0,False,False,False,B,-0.88,14.0432,149000
2023-05-29 23:15:33,43,W+R,0,False,False,False,B,-0.88,14.0307,149000
2023-05-29 23:15:46,43,W+R,0,False,False,False,B,-0.88,14.031,149000
2023-05-29 23:15:57,43,W+R,0,False,False,False,B,-0.88,14.0145,149000
2023-05-29 23:16:10,45,W+R,0,False,False,False,B,-0.88,14.012,149000
2023-05-29 23:16:23,42,B+R,0,False,False,False,W,-0.88,14.0182,149000
2023-05-29 23:16:40,56,B+R,0,False,False,False,W,-0.88,14.0638,149000
2023-05-29 23:16:54,46,B+R,0,False,False,False,W,-0.88,14.0848,149000
2023-05-29 23:17:04,43,W+R,0,False,False,False,B,-0.88,13.9815,149000
2023-05-29 23:17:15,42,B+R,2,False,False,False,W,-0.88,13.9665,149000
2023-05-29 23:17:23,43,W+R,0,False,False,False,B,-0.88,13.8591,149000
2023-05-29 23:17:32,43,W+R,0,False,False,False,B,-0.88,13.8287,149000
2023-05-29 23:17:58,111,W+3.5,18,True,True,False,B,-0.88,13.9567,149000
2023-05-29 23:18:07,43,W+R,0,False,False,False,B,-0.88,13.9254,149000
2023-05-29 23:18:19,43,W+R,0,False,False,False,B,-0.88,13.8927,149000
2023-05-29 23:18:35,64,B+1.5,3,True,True,False,W,-0.88,13.9438,149000
2023-05-29 23:18:52,55,W+R,0,False,False,False,B,-0.88,13.97,149000
2023-05-29 23:19:05,43,W+R,0,False,False,False,B,-0.88,13.984,149000
2023-05-29 23:19:36,101,B+4.5,4,True,True,False,W,-0.88,14.1709,149000
2023-05-29 23:19:48,43,W+R,0,False,False,False,B,-0.88,14.0547,149000
2023-05-29 23:20:00,43,W+R,0,False,False,False,B,-0.88,13.8017,149000
2023-05-29 23:20:12,43,W+R,0,False,False,False,B,-0.88,13.7025,149000
2023-05-29 23:20:46,162,B+7.5,26,True,True,False,W,-0.88,13.919,149000
2023-05-29 23:21:03,61,W+R,1,False,False,False,B,-0.88,13.9611,149000
2023-05-29 23:21:21,67,W+R,0,False,False,False,B,-0.88,14.0182,149000
2023-05-29 23:21:39,58,B+R,0,False,False,False,W,-0.88,14.1026,149000
2023-05-29 23:21:55,51,W+R,0,False,False,False,B,-0.88,14.0879,149000
2023-05-29 23:22:07,43,W+R,0,False,False,False,B,-0.88,14.0877,149000
2023-05-29 23:22:26,64,B+R,2,False,False,False,W,-0.88,14.1556,149000
2023-05-29 23:22:40,42,B+R,0,False,False,False,W,-0.88,14.1481,149000
2023-05-29 23:24:01,42,B+R,0,False,False,False,W,-0.88,14.1989,150000
2023-05-29 23:24:27,113,W+3.5,22,True,True,False,B,-0.88,14.3194,150000
2023-05-29 23:24:39,43,W+R,0,False,False,False,B,-0.88,14.2568,150000
2023-05-29 23:24:51,43,W+R,0,False,False,False,B,-0.88,14.2487,150000
2023-05-29 23:25:06,59,W+R,0,False,False,False,B,-0.88,14.2672,150000
2023-05-29 23:25:19,42,B+R,0,False,False,False,W,-0.88,14.2762,150000
2023-05-29 23:25:33,43,W+R,0,False,False,False,B,-0.88,14.2404,150000
2023-05-29 23:25:56,67,W+R,0,False,False,False,B,-0.88,14.334,150000
2023-05-29 23:26:05,43,W+R,0,False,False,False,B,-0.88,14.288,150000
2023-05-29 23:26:27,88,W+6.5,9,True,True,False,B,-0.88,14.3839,150000
2023-05-29 23:26:44,56,B+R,0,False,False,False,W,-0.88,14.4144,150000
2023-05-29 23:26:58,43,W+R,0,False,False,False,B,-0.88,14.4163,150000
2023-05-29 23:27:10,43,W+R,0,False,False,False,B,-0.88,14.4222,150000
2023-05-29 23:27:25,51,W+R,0,False,False,False,B,-0.88,14.4504,150000
2023-05-29 23:27:36,43,W+R,1,False,False,False,B,-0.88,14.4499,150000
2023-05-29 23:27:46,43,W+R,1,False,False,False,B,-0.88,14.4402,150000
2023-05-29 23:27:58,42,B+R,0,False,False,False,W,-0.88,14.4422,150000
2023-05-29 23:28:27,88,B+R,5,False,False,False,W,-0.88,14.5863,150000
2023-05-29 23:28:45,57,W+R,0,False,False,False,B,-0.88,14.6366,150000
2023-05-29 23:28:57,43,W+R,0,False,False,False,B,-0.88,14.6305,150000
2023-05-29 23:29:11,43,W+R,0,False,False,False,B,-0.88,14.641,150000
2023-05-29 23:29:22,43,W+R,0,False,False,False,B,-0.88,14.6279,150000
2023-05-29 23:29:33,42,B+R,0,False,False,False,W,-0.88,14.5975,150000
2023-05-29 23:29:45,43,W+R,0,False,False,False,B,-0.88,14.5893,150000
2023-05-29 23:29:55,42,B+R,0,False,False,False,W,-0.88,14.6011,150000
2023-05-29 23:30:15,64,B+R,0,False,False,False,W,-0.88,14.642,150000
2023-05-29 23:30:29,43,W+R,0,False,False,False,B,-0.88,14.6658,150000
2023-05-29 23:30:48,54,B+R,0,False,False,False,W,-0.88,14.6889,150000
2023-05-29 23:31:27,162,W+13.5,39,True,True,False,B,-0.88,14.859,150000
2023-05-29 23:31:42,52,B+R,0,False,False,False,W,-0.88,14.8163,150000
2023-05-29 23:31:59,55,W+R,0,False,False,False,B,-0.88,14.8646,150000
2023-05-29 23:32:12,43,W+R,2,False,False,False,B,-0.88,14.8933,150000
2023-05-29 23:32:25,45,W+R,0,False,False,False,B,-0.88,14.9467,150000
2023-05-29 23:32:37,42,B+R,0,False,False,False,W,-0.88,14.7206,150000
2023-05-29 23:32:50,43,W+R,0,False,False,False,B,-0.88,14.706,150000
2023-05-29 23:33:05,47,W+R,1,False,False,False,B,-0.88,14.74,150000
2023-05-29 23:33:19,43,W+R,2,False,False,False,B,-0.88,14.4772,150000
2023-05-29 23:33:31,43,W+R,0,False,False,False,B,-0.88,14.4893,150000
2023-05-29 23:33:43,43,W+R,0,False,False,False,B,-0.88,14.4979,150000
2023-05-29 23:33:55,42,B+R,0,False,False,False,W,-0.88,14.4908,150000
2023-05-29 23:34:17,66,B+R,0,False,False,False,W,-0.88,14.578,150000
2023-05-29 23:35:29,43,W+R,0,False,False,False,B,-0.88,14.573,151000
2023-05-29 23:35:41,43,W+R,0,False,False,False,B,-0.88,14.5709,151000
2023-05-29 23:35:53,42,B+R,0,False,False,False,W,-0.88,14.5275,151000
2023-05-29 23:36:12,61,W+R,0,False,False,False,B,-0.88,14.5991,151000
2023-05-29 23:36:25,43,W+R,0,False,False,False,B,-0.88,14.6004,151000
2023-05-29 23:36:37,43,W+R,2,False,False,False,B,-0.88,14.6003,151000
2023-05-29 23:36:49,43,W+R,0,False,False,False,B,-0.88,14.5966,151000
2023-05-29 23:36:58,43,W+R,0,False,False,False,B,-0.88,14.5558,151000
2023-05-29 23:37:06,43,W+R,0,False,False,False,B,-0.88,14.5284,151000
2023-05-29 23:37:18,43,W+R,0,False,False,False,B,-0.88,14.515,151000
2023-05-29 23:37:32,43,W+R,0,False,False,False,B,-0.88,14.5193,151000
2023-05-29 23:37:44,43,W+R,0,False,False,False,B,-0.88,14.5209,151000
2023-05-29 23:37:56,43,W+R,0,False,False,False,B,-0.88,14.531,151000
2023-05-29 23:38:10,47,W+R,0,False,False,False,B,-0.88,14.556,151000
2023-05-29 23:38:21,43,W+R,0,False,False,False,B,-0.88,14.5434,151000
2023-05-29 23:38:34,43,W+R,0,False,False,False,B,-0.88,14.5446,151000
2023-05-29 23:38:46,43,W+R,0,False,False,False,B,-0.88,14.5507,151000
2023-05-29 23:38:55,42,B+R,0,False,False,False,W,-0.88,14.5227,151000
2023-05-29 23:39:46,162,W+31.5,23,False,False,False,,-0.88,14.9018,151000
2023-05-29 23:39:59,47,W+R,0,False,False,False,B,-0.88,14.9091,151000
2023-05-29 23:40:13,43,W+R,0,False,False,False,B,-0.88,14.9315,151000
2023-05-29 23:40:25,42,B+R,0,False,False,False,W,-0.88,14.9253,151000
2023-05-29 23:40:38,46,B+R,0,False,False,False,W,-0.88,14.9278,151000
2023-05-29 23:40:51,43,W+R,0,False,False,False,B,-0.88,14.9257,151000
2023-05-29 23:41:01,43,W+R,0,False,False,False,B,-0.88,14.8846,151000
2023-05-29 23:41:12,38,B+5.5,2,False,False,False,,-0.88,14.7705,151000
2023-05-29 23:41:34,67,W+R,0,False,False,False,B,-0.88,14.8845,151000
2023-05-29 23:41:54,63,W+R,0,False,False,False,B,-0.88,14.9616,151000
2023-05-29 23:42:08,49,W+R,0,False,False,False,B,-0.88,14.9837,151000
2023-05-29 23:42:21,43,W+R,0,False,False,False,B,-0.88,14.9755,151000
2023-05-29 23:42:31,43,W+R,0,False,False,False,B,-0.88,14.9665,151000
2023-05-29 23:42:42,43,W+R,0,False,False,False,B,-0.88,14.9501,151000
2023-05-29 23:43:09,116,W+1.5,21,True,True,False,B,-0.88,15.095,151000
2023-05-29 23:43:33,74,B+R,3,False,False,False,W,-0.88,15.1667,151000
2023-05-29 23:43:55,90,W+10.5,13,True,True,False,B,-0.88,15.2473,151000
2023-05-29 23:44:14,65,W+R,0,False,False,False,B,-0.88,15.333,151000
2023-05-29 23:44:25,43,W+R,0,False,False,False,B,-0.88,15.3394,151000
2023-05-29 23:44:37,43,W+R,0,False,False,False,B,-0.88,15.3709,151000
2023-05-29 23:44:49,49,W+R,0,False,False,False,B,-0.88,15.4043,151000
2023-05-29 23:44:59,43,W+R,1,False,False,False,B,-0.88,15.2455,151000
2023-05-29 23:45:18,61,W+R,0,False,False,False,B,-0.88,15.3392,151000
2023-05-29 23:45:29,43,W+R,0,False,False,False,B,-0.88,15.3417,151000
2023-05-29 23:45:41,42,B+R,0,False,False,False,W,-0.88,15.2911,151000
2023-05-29 23:46:53,42,B+R,0,False,False,False,W,-0.88,15.2158,152000
2023-05-29 23:47:06,48,B+R,0,False,False,False,W,-0.88,15.0511,152000
2023-05-29 23:47:23,65,B+1.5,4,True,True,False,W,-0.88,15.0901,152000
2023-05-29 23:47:47,105,W+2.5,18,True,True,False,B,-0.88,15.2092,152000
2023-05-29 23:48:05,59,W+R,0,False,False,False,B,-0.88,15.2726,152000
2023-05-29 23:48:16,43,W+R,0,False,False,False,B,-0.88,15.0412,152000
2023-05-29 23:48:28,43,W+R,0,False,False,False,B,-0.88,14.9946,152000
2023-05-29 23:48:40,43,W+R,0,False,False,False,B,-0.88,14.9375,152000
2023-05-29 23:48:52,43,W+R,1,False,False,False,B,-0.88,14.872,152000
2023-05-29 23:49:03,43,W+R,2,False,False,False,B,-0.88,14.8307,152000
2023-05-29 23:49:16,42,B+R,0,False,False,False,W,-0.88,14.8257,152000
2023-05-29 23:49:29,47,W+R,0,False,False,False,B,-0.88,14.7738,152000
2023-05-29 23:49:50,66,B+R,0,False,False,False,W,-0.88,14.8363,152000
2023-05-29 23:50:05,53,W+R,0,False,False,False,B,-0.88,14.7911,152000
2023-05-29 23:50:20,51,W+R,0,False,False,False,B,-0.88,14.8179,152000
2023-05-29 23:50:32,43,W+R,0,False,False,False,B,-0.88,14.6779,152000
2023-05-29 23:50:44,43,W+R,0,False,False,False,B,-0.88,14.6786,152000
2023-05-29 23:51:09,95,B+4.5,13,True,True,False,W,-0.88,14.8089,152000
2023-05-29 23:51:21,43,W+R,0,False,False,False,B,-0.88,14.7793,152000
2023-05-29 23:51:41,80,B+0.5,8,True,True,False,W,-0.88,14.8544,152000
2023-05-29 23:51:54,42,B+R,0,False,False,False,W,-0.88,14.8407,152000
2023-05-29 23:52:14,76,W+3.5,4,True,True,False,B,-0.88,14.8124,152000
2023-05-29 23:52:27,43,W+R,0,False,False,False,B,-0.88,14.8434,152000
2023-05-29 23:52:42,67,W+5.5,2,True,True,False,B,-0.88,14.7759,152000
2023-05-29 23:52:55,43,W+R,0,False,False,False,B,-0.88,14.7402,152000
2023-05-29 23:53:14,62,B+R,4,False,False,False,W,-0.88,14.792,152000
2023-05-29 23:53:35,89,W+6.5,10,True,True,False,B,-0.88,14.8692,152000
2023-05-29 23:53:47,43,W+R,0,False,False,False,B,-0.88,14.8436,152000
2023-05-29 23:54:07,68,B+R,0,False,False,False,W,-0.88,14.9406,152000
2023-05-29 23:54:19,43,W+R,0,False,False,False,B,-0.88,14.9565,152000
2023-05-29 23:54:31,43,W+R,0,False,False,False,B,-0.88,14.9547,152000
2023-05-29 23:54:45,64,B+4.5,4,True,True,False,W,-0.88,14.8147,152000
2023-05-29 23:55:09,96,B+15.5,11,True,True,False,W,-0.88,14.8724,152000
2023-05-29 23:55:45,146,W+1.5,30,True,True,False,B,-0.88,15.1028,152000
2023-05-29 23:55:58,43,W+R,0,False,False,False,B,-0.88,15.0979,152000
2023-05-29 23:56:14,56,B+R,0,False,False,False,W,-0.88,15.1434,152000
2023-05-29 23:56:26,42,B+R,0,False,False,False,W,-0.88,15.1604,152000
2023-05-29 23:56:37,53,W+R,0,False,False,False,B,-0.88,15.151,152000
2023-05-29 23:56:48,54,B+R,0,False,False,False,W,-0.88,15.1535,152000
2023-05-29 23:56:55,43,W+R,0,False,False,False,B,-0.88,15.027,152000
2023-05-29 23:58:14,44,B+R,0,False,False,False,W,-0.88,14.9991,153000
2023-05-29 23:58:26,42,B+R,0,False,False,False,W,-0.88,14.7319,153000
2023-05-29 23:58:50,79,B+3.5,5,True,True,False,W,-0.88,14.8251,153000
2023-05-29 23:59:01,45,W+R,0,False,False,False,B,-0.88,14.7586,153000
2023-05-29 23:59:13,42,B+R,0,False,False,False,W,-0.88,14.748,153000
2023-05-29 23:59:22,42,B+R,0,False,False,False,W,-0.88,14.7072,153000
2023-05-29 23:59:42,72,B+R,0,False,False,False,W,-0.88,14.7832,153000
2023-05-29 23:59:54,43,W+R,0,False,False,False,B,-0.88,14.7723,153000
2023-05-30 00:00:06,43,W+R,0,False,False,False,B,-0.88,14.7508,153000
2023-05-30 00:00:19,47,W+R,0,False,False,False,B,-0.88,14.7395,153000
2023-05-30 00:00:36,53,W+R,0,False,False,False,B,-0.88,14.7875,153000
2023-05-30 00:00:48,43,W+R,0,False,False,False,B,-0.88,14.7888,153000
2023-05-30 00:01:08,84,W+2.5,9,True,True,False,B,-0.88,14.8693,153000
2023-05-30 00:01:24,48,B+R,0,False,False,False,W,-0.88,14.8087,153000
2023-05-30 00:01:36,42,B+R,0,False,False,False,W,-0.88,14.8054,153000
2023-05-30 00:01:49,42,B+R,0,False,False,False,W,-0.88,14.8112,153000
2023-05-30 00:02:14,95,W+3.5,10,True,True,False,B,-0.88,14.9432,153000
2023-05-30 00:02:24,43,W+R,0,False,False,False,B,-0.88,14.9288,153000
2023-05-30 00:02:36,43,W+R,0,False,False,False,B,-0.88,14.8593,153000
2023-05-30 00:02:46,37,W+2.5,2,False,False,False,,-0.88,14.8334,153000
2023-05-30 00:02:58,43,W+R,0,False,False,False,B,-0.88,14.823,153000
2023-05-30 00:03:17,67,W+R,0,False,False,False,B,-0.88,14.9,153000
2023-05-30 00:03:26,43,W+R,3,False,False,False,B,-0.88,14.8992,153000
2023-05-30 00:03:40,51,W+R,0,False,False,False,B,-0.88,14.9545,153000
2023-05-30 00:03:49,42,B+R,0,False,False,False,W,-0.88,14.9333,153000
2023-05-30 00:04:03,63,B+19.5,8,True,True,False,W,-0.88,14.9332,153000
2023-05-30 00:04:12,42,B+R,0,False,False,False,W,-0.88,14.9074,153000
2023-05-30 00:04:23,43,W+R,0,False,False,False,B,-0.88,14.8889,153000
2023-05-30 00:04:35,43,W+R,1,False,False,False,B,-0.88,14.8686,153000
2023-05-30 00:04:57,70,B+R,2,False,False,False,W,-0.88,14.9864,153000
2023-05-30 00:05:09,43,W+R,0,False,False,False,B,-0.88,14.9712,153000
2023-05-30 00:05:25,49,W+R,0,False,False,False,B,-0.88,15.014,153000
2023-05-30 00:05:36,42,B+R,0,False,False,False,W,-0.88,15.0289,153000
2023-05-30 00:05:45,42,B+R,0,False,False,False,W,-0.88,14.6047,153000
2023-05-30 00:05:54,43,W+R,0,False,False,False,B,-0.88,14.5615,153000
2023-05-30 00:06:06,43,W+R,0,False,False,False,B,-0.88,14.5475,153000
2023-05-30 00:06:17,43,W+R,0,False,False,False,B,-0.88,14.533,153000
2023-05-30 00:06:30,43,W+R,0,False,False,False,B,-0.88,14.5376,153000
2023-05-30 00:06:44,42,B+R,0,False,False,False,W,-0.88,14.5507,153000
2023-05-30 00:06:55,43,W+R,0,False,False,False,B,-0.88,14.5547,153000
2023-05-30 00:07:06,43,W+R,0,False,False,False,B,-0.88,14.5576,153000
2023-05-30 00:07:19,43,W+R,0,False,False,False,B,-0.88,14.4712,153000
2023-05-30 00:07:32,43,W+R,0,False,False,False,B,-0.88,14.3966,153000
2023-05-30 00:07:44,43,W+R,0,False,False,False,B,-0.88,14.3771,153000
2023-05-30 00:07:56,42,B+R,0,False,False,False,W,-0.88,14.3777,153000
2023-05-30 00:08:10,48,B+R,0,False,False,False,W,-0.88,14.4144,153000
2023-05-30 00:09:41,43,W+R,1,False,False,False,B,-0.88,14.4849,154000
2023-05-30 00:09:53,42,B+R,0,False,False,False,W,-0.88,14.3608,154000
2023-05-30 00:10:11,63,W+R,0,False,False,False,B,-0.88,14.3223,154000
2023-05-30 00:10:23,42,B+R,0,False,False,False,W,-0.88,14.2486,154000
2023-05-30 00:10:41,51,W+R,0,False,False,False,B,-0.88,14.3139,154000
2023-05-30 00:10:52,43,W+R,0,False,False,False,B,-0.88,14.3137,154000
2023-05-30 00:11:04,43,W+R,0,False,False,False,B,-0.88,14.3073,154000
2023-05-30 00:11:15,42,B+R,0,False,False,False,W,-0.88,14.3113,154000
2023-05-30 00:11:27,48,B+R,0,False,False,False,W,-0.88,14.2538,154000
2023-05-30 00:12:00,112,B+7.5,9,True,True,False,W,-0.88,14.4666,154000
2023-05-30 00:12:13,42,B+R,0,False,False,False,W,-0.88,14.4802,154000
2023-05-30 00:12:26,42,B+R,0,False,False,False,W,-0.88,14.4981,154000
2023-05-30 00:12:40,43,W+R,0,False,False,False,B,-0.88,14.522,154000
2023-05-30 00:12:51,43,W+R,0,False,False,False,B,-0.88,14.4966,154000
2023-05-30 00:13:04,43,W+R,0,False,False,False,B,-0.88,14.4607,154000
2023-05-30 00:13:16,43,W+R,0,False,False,False,B,-0.88,14.3412,154000
2023-05-30 00:13:28,43,W+R,0,False,False,False,B,-0.88,14.282,154000
2023-05-30 00:13:52,76,B+R,1,False,False,False,W,-0.88,14.4149,154000
2023-05-30 00:14:15,100,W+2.5,18,True,True,False,B,-0.88,14.5288,154000
2023-05-30 00:14:28,42,B+R,0,False,False,False,W,-0.88,14.5296,154000
2023-05-30 00:14:41,43,W+R,0,False,False,False,B,-0.88,14.5438,154000
2023-05-30 00:14:54,43,W+R,0,False,False,False,B,-0.88,14.555,154000
2023-05-30 00:15:10,57,W+R,0,False,False,False,B,-0.88,14.5998,154000
2023-05-30 00:15:22,43,W+R,0,False,False,False,B,-0.88,14.5861,154000
2023-05-30 00:15:35,43,W+R,0,False,False,False,B,-0.88,14.5008,154000
2023-05-30 00:15:45,43,W+R,0,False,False,False,B,-0.88,14.4571,154000
2023-05-30 00:15:59,43,W+R,0,False,False,False,B,-0.88,14.442,154000
2023-05-30 00:16:12,43,W+R,0,False,False,False,B,-0.88,14.4483,154000
2023-05-30 00:16:24,43,W+R,0,False,False,False,B,-0.88,14.453,154000
2023-05-30 00:16:36,43,W+R,0,False,False,False,B,-0.88,14.3274,154000
2023-05-30 00:16:50,42,B+R,0,False,False,False,W,-0.88,14.3456,154000
2023-05-30 00:17:00,42,B+R,0,False,False,False,W,-0.88,14.2339,154000
2023-05-30 00:17:11,43,W+R,0,False,False,False,B,-0.88,14.2227,154000
2023-05-30 00:17:23,42,B+R,0,False,False,False,W,-0.88,14.1367,154000
2023-05-30 00:17:35,42,B+R,4,False,False,False,W,-0.88,14.1321,154000
2023-05-30 00:17:47,43,W+R,1,False,False,False,B,-0.88,14.0981,154000
2023-05-30 00:17:58,42,B+R,0,False,False,False,W,-0.88,14.0797,154000
2023-05-30 00:18:08,42,B+R,1,False,False,False,W,-0.88,13.9902,154000
2023-05-30 00:18:17,43,W+R,0,False,False,False,B,-0.88,13.8783,154000
2023-05-30 00:18:45,85,W+R,0,False,False,False,B,-0.88,14.03,154000
2023-05-30 00:18:57,50,B+R,0,False,False,False,W,-0.88,13.943,154000
2023-05-30 00:19:09,43,W+R,0,False,False,False,B,-0.88,13.947,154000
2023-05-30 00:19:23,45,W+R,0,False,False,False,B,-0.88,13.968,154000
2023-05-30 00:19:35,43,W+R,0,False,False,False,B,-0.88,13.9456,154000
2023-05-30 00:19:45,43,W+R,0,False,False,False,B,-0.88,13.816,154000
2023-05-30 00:19:56,43,W+R,0,False,False,False,B,-0.88,13.5619,154000
2023-05-30 00:21:12,43,W+R,0,False,False,False,B,-0.88,13.5229,155000
2023-05-30 00:21:25,43,W+R,0,False,False,False,B,-0.88,13.5229,155000
2023-05-30 00:21:37,43,W+R,0,False,False,False,B,-0.88,13.5328,155000
2023-05-30 00:21:52,48,B+R,0,False,False,False,W,-0.88,13.5828,155000
2023-05-30 00:22:02,42,B+R,0,False,False,False,W,-0.88,13.608,155000
2023-05-30 00:22:17,56,B+R,0,False,False,False,W,-0.88,13.5616,155000
2023-05-30 00:22:31,42,B+R,0,False,False,False,W,-0.88,13.5977,155000
2023-05-30 00:22:42,43,W+R,0,False,False,False,B,-0.88,13.5895,155000
2023-05-30 00:22:55,43,W+R,0,False,False,False,B,-0.88,13.4712,155000
2023-05-30 00:23:08,42,B+R,0,False,False,False,W,-0.88,13.5014,155000
2023-05-30 00:23:21,42,B+R,0,False,False,False,W,-0.88,13.5049,155000
2023-05-30 00:23:50,104,B+5.5,13,True,True,False,W,-0.88,13.7141,155000
2023-05-30 00:24:03,47,W+R,0,False,False,False,B,-0.88,13.6395,155000
2023-05-30 00:24:15,43,W+R,0,False,False,False,B,-0.88,13.6429,155000
2023-05-30 00:24:28,42,B+R,1,False,False,False,W,-0.88,13.6458,155000
2023-05-30 00:24:40,42,B+R,0,False,False,False,W,-0.88,13.6365,155000
2023-05-30 00:24:57,59,W+R,0,False,False,False,B,-0.88,13.6402,155000
2023-05-30 00:25:09,42,B+R,0,False,False,False,W,-0.88,13.6329,155000
2023-05-30 00:25:33,90,W+0.5,8,True,True,False,B,-0.88,13.6687,155000
2023-05-30 00:25:45,42,B+R,0,False,False,False,W,-0.88,13.6409,155000
2023-05-30 00:26:00,48,W+0.5,2,False,False,False,,-0.88,13.6664,155000
2023-05-30 00:26:12,43,W+R,1,False,False,False,B,-0.88,13.6646,155000
2023-05-30 00:26:25,42,B+R,0,False,False,False,W,-0.88,13.5358,155000
2023-05-30 00:26:35,43,W+R,1,False,False,False,B,-0.88,13.5365,155000
2023-05-30 00:26:47,42,B+R,0,False,False,False,W,-0.88,13.5338,155000
2023-05-30 00:26:59,42,B+R,0,False,False,False,W,-0.88,13.5535,155000
2023-05-30 00:27:11,43,W+R,0,False,False,False,B,-0.88,13.5579,155000
2023-05-30 00:27:34,73,B+1.5,2,True,True,False,W,-0.88,13.5994,155000
2023-05-30 00:27:48,43,W+R,0,False,False,False,B,-0.88,13.6423,155000
2023-05-30 00:28:16,92,B+7.5,8,True,True,False,W,-0.88,13.7873,155000
2023-05-30 00:28:27,43,W+R,0,False,False,False,B,-0.88,13.809,155000
2023-05-30 00:28:39,42,B+R,0,False,False,False,W,-0.88,13.7848,155000
2023-05-30 00:28:52,43,W+R,1,False,False,False,B,-0.88,13.82,155000
2023-05-30 00:29:02,43,W+R,0,False,False,False,B,-0.88,13.8175,155000
2023-05-30 00:29:19,49,W+R,0,False,False,False,B,-0.88,13.8676,155000
2023-05-30 00:29:27,43,W+R,0,False,False,False,B,-0.88,13.7201,155000
2023-05-30 00:30:01,162,W+10.5,38,True,True,False,B,-0.88,13.9418,155000
2023-05-30 00:30:12,42,B+R,0,False,False,False,W,-0.88,13.8999,155000
2023-05-30 00:30:25,49,W+R,0,False,False,False,B,-0.88,13.9236,155000
2023-05-30 00:30:39,43,W+R,0,False,False,False,B,-0.88,13.9721,155000
2023-05-30 00:30:49,43,W+R,0,False,False,False,B,-0.88,13.9849,155000
2023-05-30 00:31:05,53,W+R,0,False,False,False,B,-0.88,14.0186,155000
2023-05-30 00:31:27,72,B+R,0,False,False,False,W,-0.88,14.1373,155000
2023-05-30 00:32:52,80,W+14.5,7,True,True,False,B,-0.88,14.177,156000
2023-05-30 00:33:06,44,B+R,0,False,False,False,W,-0.88,14.2012,156000
2023-05-30 00:33:17,42,B+R,0,False,False,False,W,-0.88,14.2078,156000
2023-05-30 00:33:31,43,W+R,0,False,False,False,B,-0.88,14.2097,156000
2023-05-30 00:33:43,43,W+R,0,False,False,False,B,-0.88,14.2083,156000
2023-05-30 00:34:00,83,B+1.5,14,True,True,False,W,-0.88,14.2578,156000
2023-05-30 00:34:13,42,B+R,1,False,False,False,W,-0.88,14.2521,156000
2023-05-30 00:34:26,43,W+R,0,False,False,False,B,-0.88,14.2515,156000
2023-05-30 00:34:37,39,B+15.5,2,False,False,False,,-0.88,14.0278,156000
2023-05-30 00:34:50,43,W+R,0,False,False,False,B,-0.88,14.0362,156000
2023-05-30 00:35:08,53,W+R,0,False,False,False,B,-0.88,14.0994,156000
2023-05-30 00:35:28,64,B+R,0,False,False,False,W,-0.88,14.114,156000
2023-05-30 00:35:40,42,B+R,0,False,False,False,W,-0.88,14.119,156000
2023-05-30 00:35:51,43,W+R,0,False,False,False,B,-0.88,14.0561,156000
2023-05-30 00:36:02,42,B+R,0,False,False,False,W,-0.88,14.0543,156000
2023-05-30 00:36:17,51,W+R,0,False,False,False,B,-0.88,14.0821,156000
2023-05-30 00:36:35,55,W+R,0,False,False,False,B,-0.88,14.1535,156000
2023-05-30 00:36:50,49,W+R,0,False,False,False,B,-0.88,14.1791,156000
2023-05-30 00:37:02,43,W+R,4,False,False,False,B,-0.88,13.967,156000
2023-05-30 00:37:15,43,W+R,2,False,False,False,B,-0.88,13.9688,156000
2023-05-30 00:37:30,48,B+R,0,False,False,False,W,-0.88,13.9827,156000
2023-05-30 00:37:42,42,B+R,0,False,False,False,W,-0.88,13.9679,156000
2023-05-30 00:37:53,42,B+R,0,False,False,False,W,-0.88,13.9745,156000
2023-05-30 00:38:14,93,W+2.5,10,True,True,False,B,-0.88,14.0504,156000
2023-05-30 00:38:21,42,B+R,0,False,False,False,W,-0.88,14.0047,156000
2023-05-30 00:38:34,42,B+R,0,False,False,False,W,-0.88,14.0104,156000
2023-05-30 00:38:48,43,W+R,0,False,False,False,B,-0.88,13.9068,156000
2023-05-30 00:38:59,42,B+R,0,False,False,False,W,-0.88,13.7888,156000
2023-05-30 00:39:10,42,B+R,0,False,False,False,W,-0.88,13.7684,156000
2023-05-30 00:39:21,43,W+R,0,False,False,False,B,-0.88,13.75,156000
2023-05-30 00:39:35,43,W+R,0,False,False,False,B,-0.88,13.7601,156000
2023-05-30 00:39:47,47,W+R,0,False,False,False,B,-0.88,13.7184,156000
2023-05-30 00:39:59,43,W+R,0,False,False,False,B,-0.88,13.719,156000
2023-05-30 00:40:19,70,W+2.5,3,True,True,False,B,-0.88,13.7975,156000
2023-05-30 00:40:31,43,W+R,0,False,False,False,B,-0.88,13.8094,156000
2023-05-30 00:40:45,43,W+R,0,False,False,False,B,-0.88,13.8048,156000
2023-05-30 00:40:56,42,B+R,0,False,False,False,W,-0.88,13.7854,156000
2023-05-30 00:41:20,77,W+R,3,False,False,False,B,-0.88,13.9052,156000
2023-05-30 00:41:31,43,W+R,0,False,False,False,B,-0.88,13.8931,156000
2023-05-30 00:41:44,42,B+R,0,False,False,False,W,-0.88,13.8852,156000
2023-05-30 00:42:06,64,B+R,0,False,False,False,W,-0.88,14.0131,156000
2023-05-30 00:42:18,42,B+R,0,False,False,False,W,-0.88,14.0138,156000
2023-05-30 00:42:31,42,B+R,0,False,False,False,W,-0.88,14.0322,156000
2023-05-30 00:42:53,67,W+R,3,False,False,False,B,-0.88,14.1297,156000
2023-05-30 00:43:09,80,W+3.5,9,True,True,False,B,-0.88,14.1725,156000
2023-05-30 00:44:16,37,B+0.5,2,False,False,False,,-0.88,14.1603,157000
2023-05-30 00:44:29,43,W+R,0,False,False,False,B,-0.88,14.2007,157000
2023-05-30 00:44:42,43,W+R,1,False,False,False,B,-0.88,14.0535,157000
2023-05-30 00:44:55,42,B+R,0,False,False,False,W,-0.88,14.064,157000
2023-05-30 00:45:06,42,B+R,0,False,False,False,W,-0.88,14.0603,157000
2023-05-30 00:45:18,42,B+R,0,False,False,False,W,-0.88,14.0351,157000
2023-05-30 00:45:31,43,W+R,1,False,False,False,B,-0.88,14.0409,157000
2023-05-30 00:45:42,43,W+R,0,False,False,False,B,-0.88,14.0459,157000
2023-05-30 00:45:54,42,B+R,0,False,False,False,W,-0.88,14.0644,157000
2023-05-30 00:46:13,72,B+12.5,6,True,True,False,W,-0.88,14.1147,157000
2023-05-30 00:46:24,42,B+R,0,False,False,False,W,-0.88,14.1117,157000
2023-05-30 00:46:44,60,B+R,0,False,False,False,W,-0.88,14.186,157000
2023-05-30 00:47:03,55,W+R,0,False,False,False,B,-0.88,14.2554,157000
2023-05-30 00:47:19,55,W+R,0,False,False,False,B,-0.88,14.2597,157000
2023-05-30 00:47:30,42,B+R,0,False,False,False,W,-0.88,14.2689,157000
2023-05-30 00:47:39,43,W+R,0,False,False,False,B,-0.88,14.2106,157000
2023-05-30 00:47:51,42,B+R,0,False,False,False,W,-0.88,14.1953,157000
2023-05-30 00:48:03,42,B+R,2,False,False,False,W,-0.88,14.2067,157000
2023-05-30 00:48:16,43,W+R,1,False,False,False,B,-0.88,14.2036,157000
2023-05-30 00:48:29,42,B+R,0,False,False,False,W,-0.88,14.2024,157000
2023-05-30 00:48:51,79,B+4.5,4,True,True,False,W,-0.88,14.2938,157000
2023-05-30 00:49:03,42,B+R,0,False,False,False,W,-0.88,14.1181,157000
2023-05-30 00:49:15,43,W+R,0,False,False,False,B,-0.88,14.1193,157000
2023-05-30 00:49:29,46,B+R,0,False,False,False,W,-0.88,14.1371,157000
2023-05-30 00:49:39,42,B+R,0,False,False,False,W,-0.88,14.1054,157000
2023-05-30 00:49:51,43,W+R,0,False,False,False,B,-0.88,14.1097,157000
2023-05-30 00:50:03,43,W+R,2,False,False,False,B,-0.88,14.058,157000
2023-05-30 00:50:13,46,B+R,0,False,False,False,W,-0.88,14.0426,157000
2023-05-30 00:50:27,42,B+R,0,False,False,False,W,-0.88,13.937,157000
2023-05-30 00:50:38,47,W+10.5,3,True,True,False,B,-0.88,13.9281,157000
2023-05-30 00:50:51,42,B+R,0,False,False,False,W,-0.88,13.9045,157000
2023-05-30 00:51:03,42,B+R,0,False,False,False,W,-0.88,13.898,157000
2023-05-30 00:51:14,42,B+R,0,False,False,False,W,-0.88,13.8924,157000
2023-05-30 00:51:26,41,B+11.5,5,False,False,False,,-0.88,13.9098,157000
2023-05-30 00:51:39,42,B+R,0,False,False,False,W,-0.88,13.9191,157000
2023-05-30 00:51:52,43,W+R,0,False,False,False,B,-0.88,13.926,157000
2023-05-30 00:52:05,43,W+R,0,False,False,False,B,-0.88,13.9387,157000
2023-05-30 00:52:18,43,W+R,0,False,False,False,B,-0.88,13.8374,157000
2023-05-30 00:52:30,42,B+R,0,False,False,False,W,-0.88,13.8249,157000
2023-05-30 00:52:42,42,B+R,0,False,False,False,W,-0.88,13.659,157000
2023-05-30 00:53:03,67,W+R,2,False,False,False,B,-0.88,13.7511,157000
2023-05-30 00:53:25,62,B+R,0,False,False,False,W,-0.88,13.8503,157000
2023-05-30 00:53:38,43,W+R,0,False,False,False,B,-0.88,13.8609,157000
2023-05-30 00:53:54,56,B+R,0,False,False,False,W,-0.88,13.9073,157000
2023-05-30 00:54:04,42,B+R,0,False,False,False,W,-0.88,13.8454,157000
2023-05-30 00:54:12,42,B+R,0,False,False,False,W,-0.88,13.853,157000
2023-05-30 00:55:31,42,B+R,0,False,False,False,W,-0.88,13.6426,158000
2023-05-30 00:55:44,42,B+R,0,False,False,False,W,-0.88,13.639,158000
2023-05-30 00:56:09,81,B+3.5,3,True,True,False,W,-0.88,13.7476,158000
2023-05-30 00:56:22,42,B+R,0,False,False,False,W,-0.88,13.7768,158000
2023-05-30 00:56:34,42,B+R,0,False,False,False,W,-0.88,13.7456,158000
2023-05-30 00:56:47,43,W+R,0,False,False,False,B,-0.88,13.6481,158000
2023-05-30 00:56:59,43,W+R,0,False,False,False,B,-0.88,13.65,158000
2023-05-30 00:57:09,43,W+R,0,False,False,False,B,-0.88,13.5586,158000
2023-05-30 00:57:23,43,W+R,0,False,False,False,B,-0.88,13.5594,158000
2023-05-30 00:57:34,43,W+R,0,False,False,False,B,-0.88,13.5527,158000
2023-05-30 00:57:49,67,W+3.5,3,True,True,False,B,-0.88,13.5642,158000
2023-05-30 00:58:01,42,B+R,0,False,False,False,W,-0.88,13.5676,158000
2023-05-30 00:58:13,43,W+R,0,False,False,False,B,-0.88,13.5116,158000
2023-05-30 00:58:24,42,B+R,0,False,False,False,W,-0.88,13.4999,158000
2023-05-30 00:58:48,80,B+R,6,False,False,False,W,-0.88,13.6062,158000
2023-05-30 00:59:10,89,W+4.5,19,True,True,False,B,-0.88,13.7212,158000
2023-05-30 00:59:27,55,W+R,0,False,False,False,B,-0.88,13.7578,158000
2023-05-30 00:59:38,43,W+R,0,False,False,False,B,-0.88,13.6883,158000
2023-05-30 00:59:52,42,B+R,0,False,False,False,W,-0.88,13.6286,158000
2023-05-30 01:00:05,43,W+R,0,False,False,False,B,-0.88,13.6476,158000
2023-05-30 01:00:16,42,B+R,0,False,False,False,W,-0.88,13.6361,158000
2023-05-30 01:00:27,42,B+R,0,False,False,False,W,-0.88,13.6396,158000
2023-05-30 01:00:37,42,B+R,0,False,False,False,W,-0.88,13.586,158000
2023-05-30 01:00:49,42,B+R,0,False,False,False,W,-0.88,13.526,158000
2023-05-30 01:01:01,42,B+R,0,False,False,False,W,-0.88,13.5008,158000
2023-05-30 01:01:11,42,B+R,0,False,False,False,W,-0.88,13.4872,158000
2023-05-30 01:01:24,43,W+R,0,False,False,False,B,-0.88,13.4812,158000
2023-05-30 01:01:45,63,W+R,0,False,False,False,B,-0.88,13.5403,158000
2023-05-30 01:02:00,48,B+R,0,False,False,False,W,-0.88,13.5782,158000
2023-05-30 01:02:16,62,W+1.5,4,True,True,False,B,-0.88,13.6114,158000
2023-05-30 01:02:29,45,W+R,0,False,False,False,B,-0.88,13.5462,158000
2023-05-30 01:02:42,42,B+R,0,False,False,False,W,-0.88,13.5939,158000
2023-05-30 01:02:53,43,W+R,0,False,False,False,B,-0.88,13.5858,158000
2023-05-30 01:03:07,43,W+R,0,False,False,False,B,-0.88,13.5783,158000
2023-05-30 01:03:27,61,W+R,0,False,False,False,B,-0.88,13.6711,158000
2023-05-30 01:03:40,43,W+R,0,False,False,False,B,-0.88,13.6875,158000
2023-05-30 01:03:53,42,B+R,0,False,False,False,W,-0.88,13.707,158000
2023-05-30 01:04:06,44,B+R,0,False,False,False,W,-0.88,13.7014,158000
2023-05-30 01:04:19,43,W+R,0,False,False,False,B,-0.88,13.706,158000
2023-05-30 01:04:35,55,W+R,0,False,False,False,B,-0.88,13.7429,158000
2023-05-30 01:04:47,42,B+R,0,False,False,False,W,-0.88,13.6623,158000
2023-05-30 01:04:59,44,B+R,0,False,False,False,W,-0.88,13.6613,158000
2023-05-30 01:05:10,42,B+R,0,False,False,False,W,-0.88,13.6395,158000
2023-05-30 01:05:21,43,W+R,0,False,False,False,B,-0.88,13.6417,158000
2023-05-30 01:05:34,43,W+R,0,False,False,False,B,-0.88,13.529,158000
2023-05-30 01:06:54,94,W+2.5,9,True,True,False,B,-0.88,13.6195,159000
2023-05-30 01:07:06,43,W+R,0,False,False,False,B,-0.88,13.5223,159000
2023-05-30 01:07:26,66,B+R,0,False,False,False,W,-0.88,13.6043,159000
2023-05-30 01:07:38,43,W+R,0,False,False,False,B,-0.88,13.5943,159000
2023-05-30 01:07:50,42,B+R,0,False,False,False,W,-0.88,13.4948,159000
2023-05-30 01:08:02,42,B+R,0,False,False,False,W,-0.88,13.4445,159000
2023-05-30 01:08:11,42,B+R,0,False,False,False,W,-0.88,13.4328,159000
2023-05-30 01:08:20,44,B+R,0,False,False,False,W,-0.88,13.4307,159000
2023-05-30 01:08:31,43,W+R,0,False,False,False,B,-0.88,13.4107,159000
2023-05-30 01:08:41,43,W+R,2,False,False,False,B,-0.88,13.3804,159000
2023-05-30 01:08:50,42,B+R,0,False,False,False,W,-0.88,13.3421,159000
2023-05-30 01:09:01,43,W+R,0,False,False,False,B,-0.88,13.3315,159000
2023-05-30 01:09:20,65,W+R,0,False,False,False,B,-0.88,13.4088,159000
2023-05-30 01:09:34,52,B+R,0,False,False,False,W,-0.88,13.4172,159000
2023-05-30 01:09:50,70,W+1.5,7,True,True,False,B,-0.88,13.472,159000
2023-05-30 01:10:03,43,W+R,0,False,False,False,B,-0.88,13.4741,159000
2023-05-30 01:10:15,43,W+R,0,False,False,False,B,-0.88,13.405,159000
2023-05-30 01:10:27,42,B+R,0,False,False,False,W,-0.88,13.4174,159000
2023-05-30 01:10:43,57,W+R,0,False,False,False,B,-0.88,13.3811,159000
2023-05-30 01:11:06,79,B+2.5,6,True,True,False,W,-0.88,13.42,159000
2023-05-30 01:11:19,43,W+R,0,False,False,False,B,-0.88,13.3858,159000
2023-05-30 01:11:27,43,W+R,0,False,False,False,B,-0.88,13.3639,159000
2023-05-30 01:11:40,43,W+R,0,False,False,False,B,-0.88,13.3949,159000
2023-05-30 01:11:51,43,W+R,0,False,False,False,B,-0.88,13.3934,159000
2023-05-30 01:12:05,44,B+R,0,False,False,False,W,-0.88,13.3991,159000
2023-05-30 01:12:17,42,B+R,0,False,False,False,W,-0.88,13.4011,159000
2023-05-30 01:12:28,43,W+R,0,False,False,False,B,-0.88,13.3783,159000
2023-05-30 01:12:44,57,W+R,1,False,False,False,B,-0.88,13.3208,159000
2023-05-30 01:12:57,43,W+R,0,False,False,False,B,-0.88,13.3296,159000
2023-05-30 01:13:11,49,W+R,0,False,False,False,B,-0.88,13.3375,159000
2023-05-30 01:13:22,42,B+R,0,False,False,False,W,-0.88,13.3173,159000
2023-05-30 01:13:33,43,W+R,0,False,False,False,B,-0.88,13.3242,159000
2023-05-30 01:13:44,43,W+R,0,False,False,False,B,-0.88,13.318,159000
2023-05-30 01:14:02,57,W+R,0,False,False,False,B,-0.88,13.375,159000
2023-05-30 01:14:23,63,W+R,0,False,False,False,B,-0.88,13.4823,159000
2023-05-30 01:14:34,42,B+R,0,False,False,False,W,-0.88,13.4587,159000
2023-05-30 01:14:50,55,W+R,0,False,False,False,B,-0.88,13.5068,159000
2023-05-30 01:15:05,48,B+R,0,False,False,False,W,-0.88,13.5312,159000
2023-05-30 01:15:18,42,B+R,0,False,False,False,W,-0.88,13.5386,159000
2023-05-30 01:15:33,54,B+R,0,False,False,False,W,-0.88,13.5737,159000
2023-05-30 01:15:44,42,B+R,0,False,False,False,W,-0.88,13.5648,159000
2023-05-30 01:15:56,43,W+R,0,False,False,False,B,-0.88,13.5577,159000
2023-05-30 01:16:07,42,B+R,0,False,False,False,W,-0.88,13.5323,159000
2023-05-30 01:16:35,95,B+5.5,10,True,True,False,W,-0.88,13.6834,159000
2023-05-30 01:16:48,42,B+R,0,False,False,False,W,-0.88,13.6803,159000
2023-05-30 01:18:08,45,W+R,0,False,False,False,B,-0.88,13.7231,160000
2023-05-30 01:18:22,46,B+R,0,False,False,False,W,-0.88,13.6616,160000
2023-05-30 01:18:35,46,W+0.5,6,False,False,False,,-0.88,13.5689,160000
2023-05-30 01:18:44,43,W+R,0,False,False,False,B,-0.88,13.5296,160000
2023-05-30 01:18:56,42,B+R,0,False,False,False,W,-0.88,13.4889,160000
2023-05-30 01:19:07,42,B+R,0,False,False,False,W,-0.88,13.505,160000
2023-05-30 01:19:19,43,W+R,1,False,False,False,B,-0.88,13.5326,160000
2023-05-30 01:19:33,43,W+R,0,False,False,False,B,-0.88,13.5602,160000
2023-05-30 01:19:44,42,B+R,0,False,False,False,W,-0.88,13.5343,160000
2023-05-30 01:20:04,95,W+7.5,9,True,True,False,B,-0.88,13.6059,160000
2023-05-30 01:20:17,43,W+R,0,False,False,False,B,-0.88,13.4961,160000
2023-05-30 01:20:30,43,W+R,0,False,False,False,B,-0.88,13.4954,160000
2023-05-30 01:20:41,42,B+R,0,False,False,False,W,-0.88,13.4787,160000
2023-05-30 01:21:12,109,W+2.5,14,True,True,False,B,-0.88,13.6555,160000
2023-05-30 01:21:24,43,W+R,0,False,False,False,B,-0.88,13.6575,160000
2023-05-30 01:21:35,42,B+R,0,False,False,False,W,-0.88,13.6686,160000
2023-05-30 01:21:47,42,B+R,0,False,False,False,W,-0.88,13.6517,160000
2023-05-30 01:21:57,42,B+R,0,False,False,False,W,-0.88,13.6447,160000
2023-05-30 01:22:10,42,B+R,0,False,False,False,W,-0.88,13.6195,160000
2023-05-30 01:22:22,42,B+R,0,False,False,False,W,-0.88,13.6214,160000
2023-05-30 01:22:34,42,B+R,0,False,False,False,W,-0.88,13.6265,160000
2023-05-30 01:22:54,63,W+R,2,False,False,False,B,-0.88,13.713,160000
2023-05-30 01:23:05,43,W+R,0,False,False,False,B,-0.88,13.5783,160000
2023-05-30 01:23:17,43,W+R,0,False,False,False,B,-0.88,13.4781,160000
2023-05-30 01:23:29,43,W+R,0,False,False,False,B,-0.88,13.4354,160000
2023-05-30 01:23:41,42,B+R,0,False,False,False,W,-0.88,13.4429,160000
2023-05-30 01:23:52,42,B+R,0,False,False,False,W,-0.88,13.4132,160000
2023-05-30 01:24:04,42,B+R,0,False,False,False,W,-0.88,13.3918,160000
2023-05-30 01:24:15,42,B+R,0,False,False,False,W,-0.88,13.3997,160000
2023-05-30 01:24:28,42,B+R,0,False,False,False,W,-0.88,13.4157,160000
2023-05-30 01:24:40,43,W+R,0,False,False,False,B,-0.88,13.4429,160000
2023-05-30 01:24:52,43,W+R,0,False,False,False,B,-0.88,13.4483,160000
2023-05-30 01:25:05,42,B+R,0,False,False,False,W,-0.88,13.4448,160000
2023-05-30 01:25:18,42,B+R,0,False,False,False,W,-0.88,13.4723,160000
2023-05-30 01:25:31,42,B+R,0,False,False,False,W,-0.88,13.4774,160000
2023-05-30 01:25:44,42,B+R,0,False,False,False,W,-0.88,13.4034,160000
2023-05-30 01:26:00,58,B+R,0,False,False,False,W,-0.88,13.409,160000
2023-05-30 01:26:12,42,B+R,0,False,False,False,W,-0.88,13.3747,160000
2023-05-30 01:26:23,43,W+R,0,False,False,False,B,-0.88,13.3491,160000
2023-05-30 01:26:36,42,B+R,0,False,False,False,W,-0.88,13.3491,160000
2023-05-30 01:26:47,43,W+R,0,False,False,False,B,-0.88,13.3459,160000
2023-05-30 01:26:59,42,B+R,0,False,False,False,W,-0.88,13.3364,160000
2023-05-30 01:27:20,75,B+10.5,3,True,True,False,W,-0.88,13.3336,160000
2023-05-30 01:27:35,50,B+R,0,False,False,False,W,-0.88,13.3635,160000
2023-05-30 01:27:47,42,B+R,0,False,False,False,W,-0.88,13.3477,160000
2023-05-30 01:28:03,46,B+R,0,False,False,False,W,-0.88,13.3758,160000
2023-05-30 01:28:15,43,W+R,0,False,False,False,B,-0.88,13.3713,160000
2023-05-30 01:29:31,60,B+R,0,False,False,False,W,-0.88,13.3753,161000
2023-05-30 01:29:43,43,W+R,0,False,False,False,B,-0.88,13.3738,161000
2023-05-30 01:29:55,42,B+R,0,False,False,False,W,-0.88,13.3838,161000
2023-05-30 01:30:07,43,W+R,0,False,False,False,B,-0.88,13.3924,161000
2023-05-30 01:30:19,43,W+R,0,False,False,False,B,-0.88,13.3816,161000
2023-05-30 01:30:38,57,W+R,1,False,False,False,B,-0.88,13.4676,161000
2023-05-30 01:30:52,46,B+R,0,False,False,False,W,-0.88,13.3788,161000
2023-05-30 01:31:04,43,W+R,0,False,False,False,B,-0.88,13.3739,161000
2023-05-30 01:31:17,45,W+R,0,False,False,False,B,-0.88,13.3098,161000
2023-05-30 01:31:35,71,B+1.5,7,True,True,False,W,-0.88,13.3652,161000
2023-05-30 01:32:10,162,W+10.5,39,True,True,False,B,-0.88,13.5942,161000
2023-05-30 01:32:22,54,B+R,0,False,False,False,W,-0.88,13.6059,161000
2023-05-30 01:32:34,42,B+R,0,False,False,False,W,-0.88,13.6388,161000
2023-05-30 01:32:43,42,B+R,0,False,False,False,W,-0.88,13.6328,161000
2023-05-30 01:32:55,42,B+R,0,False,False,False,W,-0.88,13.6327,161000
2023-05-30 01:33:14,67,W+R,0,False,False,False,B,-0.88,13.7275,161000
2023-05-30 01:33:23,43,W+R,0,False,False,False,B,-0.88,13.7279,161000
2023-05-30 01:33:35,42,B+R,0,False,False,False,W,-0.88,13.7374,161000
2023-05-30 01:33:45,42,B+R,0,False,False,False,W,-0.88,13.6494,161000
2023-05-30 01:33:52,42,B+R,0,False,False,False,W,-0.88,13.5838,161000
2023-05-30 01:34:04,42,B+R,0,False,False,False,W,-0.88,13.5335,161000
2023-05-30 01:34:15,42,B+R,0,False,False,False,W,-0.88,13.525,161000
2023-05-30 01:34:32,81,B+8.5,4,True,True,False,W,-0.88,13.5738,161000
2023-05-30 01:34:41,43,W+R,1,False,False,False,B,-0.88,13.5482,161000
2023-05-30 01:35:00,58,B+R,0,False,False,False,W,-0.88,13.5652,161000
2023-05-30 01:35:13,42,B+R,0,False,False,False,W,-0.88,13.4712,161000
2023-05-30 01:35:32,58,B+R,0,False,False,False,W,-0.88,13.536,161000
2023-05-30 01:35:45,42,B+R,0,False,False,False,W,-0.88,13.5756,161000
2023-05-30 01:35:57,42,B+R,0,False,False,False,W,-0.88,13.5755,161000
2023-05-30 01:36:09,42,B+R,0,False,False,False,W,-0.88,13.5791,161000
2023-05-30 01:36:21,43,W+R,0,False,False,False,B,-0.88,13.5656,161000
2023-05-30 01:36:36,44,B+R,0,False,False,False,W,-0.88,13.5864,161000
2023-05-30 01:36:47,43,W+R,0,False,False,False,B,-0.88,13.5915,161000
2023-05-30 01:36:59,42,B+R,0,False,False,False,W,-0.88,13.5459,161000
2023-05-30 01:37:10,44,B+R,0,False,False,False,W,-0.88,13.5327,161000
2023-05-30 01:37:18,42,B+R,0,False,False,False,W,-0.88,13.4723,161000
2023-05-30 01:37:28,43,W+R,0,False,False,False,B,-0.88,13.453,161000
2023-05-30 01:37:43,54,B+R,0,False,False,False,W,-0.88,13.5039,161000
2023-05-30 01:37:53,43,W+R,0,False,False,False,B,-0.88,13.4878,161000
2023-05-30 01:38:06,53,W+R,0,False,False,False,B,-0.88,13.4419,161000
2023-05-30 01:38:15,43,W+R,0,False,False,False,B,-0.88,13.3201,161000
2023-05-30 01:38:26,43,W+R,0,False,False,False,B,-0.88,13.3247,161000
2023-05-30 01:38:37,43,W+R,0,False,False,False,B,-0.88,13.2711,161000
2023-05-30 01:38:48,43,W+R,0,False,False,False,B,-0.88,13.2295,161000
2023-05-30 01:38:57,42,B+R,0,False,False,False,W,-0.88,13.1932,161000
2023-05-30 01:39:07,42,B+R,0,False,False,False,W,-0.88,13.1414,161000
2023-05-30 01:39:20,43,W+R,0,False,False,False,B,-0.88,13.1604,161000
2023-05-30 01:40:41,42,B+R,0,False,False,False,W,-0.88,13.2813,162000
2023-05-30 01:40:53,43,W+R,0,False,False,False,B,-0.88,13.1216,162000
2023-05-30 01:41:04,42,B+R,0,False,False,False,W,-0.88,13.1065,162000
2023-05-30 01:41:24,63,W+R,0,False,False,False,B,-0.88,13.1769,162000
2023-05-30 01:41:38,43,W+R,0,False,False,False,B,-0.88,13.1611,162000
2023-05-30 01:41:50,42,B+R,0,False,False,False,W,-0.88,13.1304,162000
2023-05-30 01:42:02,42,B+R,0,False,False,False,W,-0.88,13.1346,162000
2023-05-30 01:42:14,42,B+R,2,False,False,False,W,-0.88,13.1539,162000
2023-05-30 01:42:26,42,B+R,0,False,False,False,W,-0.88,13.1635,162000
2023-05-30 01:42:39,44,B+R,0,False,False,False,W,-0.88,13.1699,162000
2023-05-30 01:42:51,42,B+R,0,False,False,False,W,-0.88,13.1819,162000
2023-05-30 01:43:03,42,B+R,0,False,False,False,W,-0.88,13.1628,162000
2023-05-30 01:43:18,58,B+R,0,False,False,False,W,-0.88,13.2007,162000
2023-05-30 01:43:30,43,W+R,0,False,False,False,B,-0.88,13.1179,162000
2023-05-30 01:43:40,42,B+R,0,False,False,False,W,-0.88,13.0808,162000
2023-05-30 01:44:04,93,B+3.5,8,True,True,False,W,-0.88,13.1993,162000
2023-05-30 01:44:21,51,W+R,0,False,False,False,B,-0.88,13.2636,162000
2023-05-30 01:44:34,43,W+R,0,False,False,False,B,-0.88,13.0805,162000
2023-05-30 01:44:46,42,B+R,0,False,False,False,W,-0.88,13.083,162000
2023-05-30 01:45:20,162,W+6.5,36,True,True,False,B,-0.88,13.3063,162000
2023-05-30 01:45:31,42,B+R,1,False,False,False,W,-0.88,13.2944,162000
2023-05-30 01:45:43,43,W+R,2,False,False,False,B,-0.88,13.3119,162000
2023-05-30 01:45:56,43,W+R,3,False,False,False,B,-0.88,13.3194,162000
2023-05-30 01:46:08,43,W+R,0,False,False,False,B,-0.88,13.3154,162000
2023-05-30 01:46:20,42,B+R,0,False,False,False,W,-0.88,13.318,162000
2023-05-30 01:46:36,59,B+5.5,4,True,True,False,W,-0.88,13.2836,162000
2023-05-30 01:46:57,66,B+R,0,False,False,False,W,-0.88,13.3788,162000
2023-05-30 01:47:13,50,B+R,0,False,False,False,W,-0.88,13.4187,162000
2023-05-30 01:47:24,43,W+R,0,False,False,False,B,-0.88,13.4027,162000
2023-05-30 01:47:40,47,W+R,0,False,False,False,B,-0.88,13.4472,162000
2023-05-30 01:47:54,56,B+R,0,False,False,False,W,-0.88,13.4769,162000
2023-05-30 01:48:05,42,B+R,0,False,False,False,W,-0.88,13.472,162000
2023-05-30 01:48:22,57,W+R,0,False,False,False,B,-0.88,13.5272,162000
2023-05-30 01:48:37,55,W+R,0,False,False,False,B,-0.88,13.5513,162000
2023-05-30 01:48:49,42,B+R,0,False,False,False,W,-0.88,13.5439,162000
2023-05-30 01:49:03,47,W+R,0,False,False,False,B,-0.88,13.5636,162000
2023-05-30 01:49:14,43,W+R,0,False,False,False,B,-0.88,13.5498,162000
2023-05-30 01:49:30,65,B+7.5,4,True,True,False,W,-0.88,13.5781,162000
2023-05-30 01:49:41,42,B+R,0,False,False,False,W,-0.88,13.5651,162000
2023-05-30 01:49:54,42,B+R,0,False,False,False,W,-0.88,13.5547,162000
2023-05-30 01:50:06,42,B+R,0,False,False,False,W,-0.88,13.5126,162000
2023-05-30 01:50:21,61,B+5.5,5,True,True,False,W,-0.88,13.5473,162000
2023-05-30 01:50:34,57,B+13.5,8,True,True,False,W,-0.88,13.5626,162000
2023-05-30 01:50:46,43,W+R,0,False,False,False,B,-0.88,13.5599,162000
2023-05-30 01:51:58,42,B+R,0,False,False,False,W,-0.88,13.5528,163000
2023-05-30 01:52:24,81,B+1.5,3,True,True,False,W,-0.88,13.6073,163000
2023-05-30 01:52:49,82,B+R,15,False,False,False,W,-0.88,13.7128,163000
2023-05-30 01:53:05,57,W+R,0,False,False,False,B,-0.88,13.7526,163000
2023-05-30 01:53:17,42,B+R,0,False,False,False,W,-0.88,13.718,163000
2023-05-30 01:53:31,49,W+R,0,False,False,False,B,-0.88,13.7289,163000
2023-05-30 01:53:41,41,B+3.5,8,False,False,False,,-0.88,13.7257,163000
2023-05-30 01:53:59,71,B+5.5,5,True,True,False,W,-0.88,13.7263,163000
2023-05-30 01:54:11,42,B+R,0,False,False,False,W,-0.88,13.7262,163000
2023-05-30 01:54:30,67,W+R,5,False,False,False,B,-0.88,13.8035,163000
2023-05-30 01:54:42,42,B+R,0,False,False,False,W,-0.88,13.7948,163000
2023-05-30 01:55:07,70,B+R,0,False,False,False,W,-0.88,13.9296,163000
2023-05-30 01:55:19,43,W+R,0,False,False,False,B,-0.88,13.8574,163000
2023-05-30 01:55:32,42,B+R,0,False,False,False,W,-0.88,13.8473,163000
2023-05-30 01:55:44,42,B+R,0,False,False,False,W,-0.88,13.8478,163000
2023-05-30 01:55:51,42,B+R,0,False,False,False,W,-0.88,13.7896,163000
2023-05-30 01:56:02,44,B+R,0,False,False,False,W,-0.88,13.7239,163000
2023-05-30 01:56:22,73,B+5.5,5,True,True,False,W,-0.88,13.5681,163000
2023-05-30 01:56:34,42,B+R,0,False,False,False,W,-0.88,13.5675,163000
2023-05-30 01:56:45,42,B+R,0,False,False,False,W,-0.88,13.5567,163000
2023-05-30 01:56:56,42,B+R,0,False,False,False,W,-0.88,13.5747,163000
2023-05-30 01:57:07,42,B+R,0,False,False,False,W,-0.88,13.5694,163000
2023-05-30 01:57:19,43,W+R,0,False,False,False,B,-0.88,13.4982,163000
2023-05-30 01:57:29,42,B+R,0,False,False,False,W,-0.88,13.5078,163000
2023-05-30 01:57:40,42,B+R,0,False,False,False,W,-0.88,13.5062,163000
2023-05-30 01:57:54,42,B+R,0,False,False,False,W,-0.88,13.5388,163000
2023-05-30 01:58:23,111,B+8.5,15,True,True,False,W,-0.88,13.7595,163000
2023-05-30 01:58:35,42,B+R,0,False,False,False,W,-0.88,13.7564,163000
2023-05-30 01:58:46,42,B+R,0,False,False,False,W,-0.88,13.7574,163000
2023-05-30 01:58:58,42,B+R,0,False,False,False,W,-0.88,13.7048,163000
2023-05-30 01:59:09,43,W+R,1,False,False,False,B,-0.88,13.7258,163000
2023-05-30 01:59:22,42,B+R,0,False,False,False,W,-0.88,13.6677,163000
2023-05-30 01:59:34,43,W+R,0,False,False,False,B,-0.88,13.6565,163000
2023-05-30 01:59:45,42,B+R,0,False,False,False,W,-0.88,13.574,163000
2023-05-30 01:59:55,42,B+R,0,False,False,False,W,-0.88,13.5476,163000
2023-05-30 02:00:06,42,B+R,0,False,False,False,W,-0.88,13.5326,163000
2023-05-30 02:00:18,43,W+R,1,False,False,False,B,-0.88,13.5397,163000
2023-05-30 02:00:38,59,W+R,0,False,False,False,B,-0.88,13.6132,163000
2023-05-30 02:00:48,42,B+R,0,False,False,False,W,-0.88,13.5701,163000
2023-05-30 02:01:28,162,B+6.5,31,True,True,False,W,-0.88,13.86,163000
2023-05-30 02:01:50,68,B+R,2,False,False,False,W,-0.88,13.9662,163000
2023-05-30 02:02:03,42,B+R,0,False,False,False,W,-0.88,13.98,163000
2023-05-30 02:03:26,64,B+R,0,False,False,False,W,-0.88,14.1344,164000
2023-05-30 02:03:38,42,B+R,0,False,False,False,W,-0.88,14.0958,164000
2023-05-30 02:03:48,42,B+R,0,False,False,False,W,-0.88,14.1076,164000
2023-05-30 02:03:59,42,B+R,0,False,False,False,W,-0.88,14.083,164000
2023-05-30 02:04:12,43,W+R,0,False,False,False,B,-0.88,14.1199,164000
2023-05-30 02:04:28,50,B+R,0,False,False,False,W,-0.88,14.174,164000
2023-05-30 02:04:48,77,B+0.5,4,True,True,False,W,-0.88,14.2601,164000
2023-05-30 02:05:01,45,W+R,0,False,False,False,B,-0.88,14.2876,164000
2023-05-30 02:05:12,43,W+R,0,False,False,False,B,-0.88,14.2992,164000
2023-05-30 02:05:39,74,B+R,0,False,False,False,W,-0.88,14.4716,164000
2023-05-30 02:05:52,46,B+R,0,False,False,False,W,-0.88,14.4675,164000
2023-05-30 02:06:02,42,B+R,0,False,False,False,W,-0.88,14.3256,164000
2023-05-30 02:06:17,56,B+R,0,False,False,False,W,-0.88,14.3779,164000
2023-05-30 02:06:29,42,B+R,0,False,False,False,W,-0.88,14.3706,164000
2023-05-30 02:06:46,51,W+R,0,False,False,False,B,-0.88,14.4318,164000
2023-05-30 02:06:59,43,W+R,0,False,False,False,B,-0.88,14.3621,164000
2023-05-30 02:07:09,43,W+R,0,False,False,False,B,-0.88,14.3297,164000
2023-05-30 02:07:19,42,B+R,0,False,False,False,W,-0.88,14.3102,164000
2023-05-30 02:07:32,43,W+R,2,False,False,False,B,-0.88,14.3066,164000
2023-05-30 02:07:43,42,B+R,0,False,False,False,W,-0.88,14.3076,164000
2023-05-30 02:08:00,54,B+R,0,False,False,False,W,-0.88,14.3561,164000
2023-05-30 02:08:12,42,B+R,0,False,False,False,W,-0.88,14.3513,164000
2023-05-30 02:08:26,59,B+4.5,3,True,True,False,W,-0.88,14.3639,164000
2023-05-30 02:08:37,42,B+R,3,False,False,False,W,-0.88,14.3553,164000
2023-05-30 02:08:50,42,B+R,0,False,False,False,W,-0.88,14.3303,164000
2023-05-30 02:09:06,54,B+R,1,False,False,False,W,-0.88,14.3796,164000
2023-05-30 02:09:18,42,B+R,1,False,False,False,W,-0.88,14.3989,164000
2023-05-30 02:09:31,53,B+5.5,11,True,True,False,W,-0.88,14.2822,164000
2023-05-30 02:09:42,42,B+R,0,False,False,False,W,-0.88,14.2213,164000
2023-05-30 02:09:55,43,W+R,0,False,False,False,B,-0.88,14.2238,164000
2023-05-30 02:10:10,62,B+R,0,False,False,False,W,-0.88,14.2551,164000
2023-05-30 02:10:19,43,W+R,3,False,False,False,B,-0.88,14.01,164000
2023-05-30 02:10:27,43,W+R,0,False,False,False,B,-0.88,13.9744,164000
2023-05-30 02:10:39,42,B+R,0,False,False,False,W,-0.88,13.9772,164000
2023-05-30 02:10:52,43,W+R,0,False,False,False,B,-0.88,13.9818,164000
2023-05-30 02:11:04,43,W+R,0,False,False,False,B,-0.88,13.9724,164000
2023-05-30 02:11:26,76,W+2.5,4,True,True,False,B,-0.88,14.0721,164000
2023-05-30 02:11:38,42,B+R,0,False,False,False,W,-0.88,14.0336,164000
2023-05-30 02:11:49,42,B+R,0,False,False,False,W,-0.88,13.9403,164000
2023-05-30 02:12:00,42,B+R,0,False,False,False,W,-0.88,13.8791,164000
2023-05-30 02:12:17,62,B+R,0,False,False,False,W,-0.88,13.9475,164000
2023-05-30 02:12:29,43,W+R,0,False,False,False,B,-0.88,13.9041,164000
2023-05-30 02:12:41,42,B+R,0,False,False,False,W,-0.88,13.8887,164000
2023-05-30 02:12:59,61,W+R,0,False,False,False,B,-0.88,13.9528,164000
2023-05-30 02:13:10,42,B+R,0,False,False,False,W,-0.88,13.8999,164000
2023-05-30 02:13:21,42,B+R,0,False,False,False,W,-0.88,13.852,164000
2023-05-30 02:14:38,42,B+R,0,False,False,False,W,-0.88,13.8346,165000
2023-05-30 02:14:47,43,W+R,0,False,False,False,B,-0.88,13.8194,165000
2023-05-30 02:14:58,43,W+R,0,False,False,False,B,-0.88,13.7641,165000
2023-05-30 02:15:13,50,B+R,0,False,False,False,W,-0.88,13.7989,165000
2023-05-30 02:15:25,42,B+R,0,False,False,False,W,-0.88,13.7968,165000
2023-05-30 02:15:34,43,W+R,1,False,False,False,B,-0.88,13.7688,165000
2023-05-30 02:15:46,42,B+R,0,False,False,False,W,-0.88,13.7358,165000
2023-05-30 02:16:00,44,B+R,0,False,False,False,W,-0.88,13.7434,165000
2023-05-30 02:16:34,116,B+5.5,10,True,True,False,W,-0.88,13.97,165000
2023-05-30 02:16:47,42,B+R,0,False,False,False,W,-0.88,13.9896,165000
2023-05-30 02:16:58,39,B+1.5,2,True,False,False,,-0.88,13.9803,165000
2023-05-30 02:17:31,125,W+4.5,27,True,True,False,B,-0.88,14.0501,165000
2023-05-30 02:17:43,42,B+R,0,False,False,False,W,-0.88,13.9057,165000
2023-05-30 02:17:54,42,B+R,0,False,False,False,W,-0.88,13.8642,165000
2023-05-30 02:18:08,50,B+R,0,False,False,False,W,-0.88,13.8786,165000
2023-05-30 02:18:21,43,W+R,0,False,False,False,B,-0.88,13.8705,165000
2023-05-30 02:18:33,43,W+R,0,False,False,False,B,-0.88,13.8955,165000
2023-05-30 02:18:50,54,B+R,0,False,False,False,W,-0.88,13.8873,165000
2023-05-30 02:19:22,162,W+14.5,27,True,True,False,B,-0.88,14.0905,165000
2023-05-30 02:19:33,42,B+R,0,False,False,False,W,-0.88,14.0035,165000
2023-05-30 02:19:47,48,B+R,0,False,False,False,W,-0.88,14.0283,165000
2023-05-30 02:19:58,42,B+R,4,False,False,False,W,-0.88,13.888,165000
2023-05-30 02:20:11,42,B+R,0,False,False,False,W,-0.88,13.8963,165000
2023-05-30 02:20:22,43,W+R,0,False,False,False,B,-0.88,13.8716,165000
2023-05-30 02:20:39,72,W+2.5,4,True,True,False,B,-0.88,13.9329,165000
2023-05-30 02:20:48,42,B+R,0,False,False,False,W,-0.88,13.9435,165000
2023-05-30 02:20:57,42,B+R,0,False,False,False,W,-0.88,13.92,165000
2023-05-30 02:21:10,43,W+R,0,False,False,False,B,-0.88,13.8586,165000
2023-05-30 02:21:21,42,B+R,0,False,False,False,W,-0.88,13.845,165000
2023-05-30 02:21:33,42,B+R,2,False,False,False,W,-0.88,13.8526,165000
2023-05-30 02:21:43,42,B+R,0,False,False,False,W,-0.88,13.8399,165000
2023-05-30 02:21:55,42,B+R,0,False,False,False,W,-0.88,13.8523,165000
2023-05-30 02:22:06,43,W+R,0,False,False,False,B,-0.88,13.8456,165000
2023-05-30 02:22:18,42,B+R,0,False,False,False,W,-0.88,13.858,165000
2023-05-30 02:22:29,42,B+R,0,False,False,False,W,-0.88,13.8622,165000
2023-05-30 02:22:42,44,B+R,0,False,False,False,W,-0.88,13.8545,165000
2023-05-30 02:22:55,43,W+R,0,False,False,False,B,-0.88,13.6885,165000
2023-05-30 02:23:06,42,B+R,0,False,False,False,W,-0.88,13.688,165000
2023-05-30 02:23:18,42,B+R,0,False,False,False,W,-0.88,13.6895,165000
2023-05-30 02:23:29,42,B+R,0,False,False,False,W,-0.88,13.6856,165000
2023-05-30 02:23:45,52,B+R,0,False,False,False,W,-0.88,13.7327,165000
2023-05-30 02:23:55,43,W+R,0,False,False,False,B,-0.88,13.7085,165000
2023-05-30 02:24:06,42,B+R,0,False,False,False,W,-0.88,13.6907,165000
2023-05-30 02:24:18,42,B+R,0,False,False,False,W,-0.88,13.7013,165000
2023-05-30 02:24:29,42,B+R,0,False,False,False,W,-0.88,13.7113,165000
2023-05-30 02:25:40,43,W+R,0,False,False,False,B,-0.88,13.674,166000
2023-05-30 02:25:52,42,B+R,0,False,False,False,W,-0.88,13.6006,166000
2023-05-30 02:26:03,42,B+R,0,False,False,False,W,-0.88,13.6132,166000
2023-05-30 02:26:11,42,B+R,0,False,False,False,W,-0.88,13.2873,166000
2023-05-30 02:26:21,43,W+R,0,False,False,False,B,-0.88,13.1685,166000
2023-05-30 02:26:31,42,B+R,0,False,False,False,W,-0.88,13.1385,166000
2023-05-30 02:26:41,42,B+R,0,False,False,False,W,-0.88,13.1109,166000
2023-05-30 02:26:51,42,B+R,0,False,False,False,W,-0.88,13.0056,166000
2023-05-30 02:27:00,42,B+R,2,False,False,False,W,-0.88,12.9768,166000
2023-05-30 02:27:13,42,B+R,0,False,False,False,W,-0.88,12.9969,166000
2023-05-30 02:27:24,46,B+R,1,False,False,False,W,-0.88,13.0059,166000
2023-05-30 02:27:37,42,B+R,0,False,False,False,W,-0.88,13.0086,166000
2023-05-30 02:27:50,42,B+R,0,False,False,False,W,-0.88,12.9675,166000
2023-05-30 02:28:06,71,B+8.5,3,True,True,False,W,-0.88,12.9358,166000
2023-05-30 02:28:18,42,B+R,0,False,False,False,W,-0.88,12.9213,166000
2023-05-30 02:28:30,42,B+R,0,False,False,False,W,-0.88,12.9387,166000
2023-05-30 02:28:43,42,B+R,0,False,False,False,W,-0.88,12.7913,166000
2023-05-30 02:28:55,45,W+R,0,False,False,False,B,-0.88,12.7824,166000
2023-05-30 02:29:08,43,W+R,0,False,False,False,B,-0.88,12.8143,166000
2023-05-30 02:29:20,43,W+R,0,False,False,False,B,-0.88,12.785,166000
2023-05-30 02:29:32,43,W+R,1,False,False,False,B,-0.88,12.7879,166000
2023-05-30 02:29:43,42,B+R,0,False,False,False,W,-0.88,12.7258,166000
2023-05-30 02:30:03,61,W+R,0,False,False,False,B,-0.88,12.7978,166000
2023-05-30 02:30:16,46,B+R,0,False,False,False,W,-0.88,12.8165,166000
2023-05-30 02:30:28,42,B+R,0,False,False,False,W,-0.88,12.8442,166000
2023-05-30 02:30:41,42,B+R,0,False,False,False,W,-0.88,12.8521,166000
2023-05-30 02:31:00,61,W+R,0,False,False,False,B,-0.88,12.9201,166000
2023-05-30 02:31:12,42,B+R,0,False,False,False,W,-0.88,12.8718,166000
2023-05-30 02:31:20,42,B+R,2,False,False,False,W,-0.88,12.8317,166000
2023-05-30 02:31:35,48,B+R,0,False,False,False,W,-0.88,12.8453,166000
2023-05-30 02:31:46,42,B+R,0,False,False,False,W,-0.88,12.8436,166000
2023-05-30 02:31:57,42,B+R,1,False,False,False,W,-0.88,12.8294,166000
2023-05-30 02:32:09,42,B+R,0,False,False,False,W,-0.88,12.7824,166000
2023-05-30 02:32:23,46,B+R,0,False,False,False,W,-0.88,12.7985,166000
2023-05-30 02:32:36,43,W+R,0,False,False,False,B,-0.88,12.7978,166000
2023-05-30 02:32:50,52,B+R,0,False,False,False,W,-0.88,12.8328,166000
2023-05-30 02:33:03,53,B+1.5,2,True,True,False,W,-0.88,12.8402,166000
2023-05-30 02:33:15,42,B+R,0,False,False,False,W,-0.88,12.7968,166000
2023-05-30 02:33:24,42,B+R,0,False,False,False,W,-0.88,12.7974,166000
2023-05-30 02:33:42,68,W+0.5,3,True,True,False,B,-0.88,12.9086,166000
2023-05-30 02:33:54,48,B+R,0,False,False,False,W,-0.88,12.9018,166000
2023-05-30 02:34:05,42,B+R,0,False,False,False,W,-0.88,12.884,166000
2023-05-30 02:34:18,42,B+R,0,False,False,False,W,-0.88,12.8959,166000
2023-05-30 02:34:54,140,W+1.5,30,True,True,False,B,-0.88,13.0356,166000
2023-05-30 02:35:06,42,B+R,0,False,False,False,W,-0.88,13.0299,166000
2023-05-30 02:35:18,43,W+R,4,False,False,False,B,-0.88,13.0444,166000
2023-05-30 02:35:30,43,W+R,0,False,False,False,B,-0.88,13.0565,166000
2023-05-30 02:35:41,42,B+R,0,False,False,False,W,-0.88,12.9938,166000
2023-05-30 02:37:02,43,W+R,0,False,False,False,B,-0.88,12.9991,167000
2023-05-30 02:37:15,42,B+R,0,False,False,False,W,-0.88,12.9543,167000
2023-05-30 02:37:29,48,B+R,0,False,False,False,W,-0.88,12.9841,167000
2023-05-30 02:37:39,42,B+R,0,False,False,False,W,-0.88,12.9689,167000
2023-05-30 02:37:51,42,B+R,0,False,False,False,W,-0.88,12.9689,167000
2023-05-30 02:38:02,42,B+R,0,False,False,False,W,-0.88,12.9623,167000
2023-05-30 02:38:13,42,B+R,0,False,False,False,W,-0.88,12.9851,167000
2023-05-30 02:38:27,42,B+R,0,False,False,False,W,-0.88,13.019,167000
2023-05-30 02:38:38,42,B+R,0,False,False,False,W,-0.88,12.9698,167000
2023-05-30 02:38:48,43,W+R,0,False,False,False,B,-0.88,12.953,167000
2023-05-30 02:39:00,42,B+R,1,False,False,False,W,-0.88,12.9834,167000
2023-05-30 02:39:15,50,W+0.5,2,False,False,False,,-0.88,13.0105,167000
2023-05-30 02:39:27,43,W+R,0,False,False,False,B,-0.88,13.0012,167000
2023-05-30 02:39:40,42,B+R,0,False,False,False,W,-0.88,12.7757,167000
2023-05-30 02:39:50,42,B+R,0,False,False,False,W,-0.88,12.7569,167000
2023-05-30 02:40:00,42,B+R,0,False,False,False,W,-0.88,12.7425,167000
2023-05-30 02:40:11,42,B+R,0,False,False,False,W,-0.88,12.5215,167000
2023-05-30 02:40:23,43,W+R,1,False,False,False,B,-0.88,12.5235,167000
2023-05-30 02:40:36,48,B+R,0,False,False,False,W,-0.88,12.5411,167000
2023-05-30 02:41:02,99,W+4.5,15,True,True,False,B,-0.88,12.6642,167000
2023-05-30 02:41:15,43,W+R,0,False,False,False,B,-0.88,12.6661,167000
2023-05-30 02:41:37,67,W+R,0,False,False,False,B,-0.88,12.7639,167000
2023-05-30 02:41:54,54,B+R,0,False,False,False,W,-0.88,12.7636,167000
2023-05-30 02:42:20,74,B+R,1,False,False,False,W,-0.88,12.6954,167000
2023-05-30 02:42:32,42,B+R,0,False,False,False,W,-0.88,12.7045,167000
2023-05-30 02:42:49,57,W+R,0,False,False,False,B,-0.88,12.7429,167000
2023-05-30 02:43:01,42,B+R,0,False,False,False,W,-0.88,12.746,167000
2023-05-30 02:43:22,78,B+5.5,4,True,True,False,W,-0.88,12.8349,167000
2023-05-30 02:43:33,43,W+R,0,False,False,False,B,-0.88,12.8337,167000
2023-05-30 02:43:43,44,B+R,0,False,False,False,W,-0.88,12.761,167000
2023-05-30 02:43:55,42,B+R,0,False,False,False,W,-0.88,12.7888,167000
2023-05-30 02:44:02,42,B+R,0,False,False,False,W,-0.88,12.7717,167000
2023-05-30 02:44:12,56,B+R,0,False,False,False,W,-0.88,12.7444,167000
2023-05-30 02:44:23,42,B+R,0,False,False,False,W,-0.88,12.7413,167000
2023-05-30 02:44:47,84,B+R,8,False,False,False,W,-0.88,12.8663,167000
2023-05-30 02:44:57,42,B+R,0,False,False,False,W,-0.88,12.8623,167000
2023-05-30 02:45:11,62,B+R,0,False,False,False,W,-0.88,12.8841,167000
2023-05-30 02:45:20,42,B+R,0,False,False,False,W,-0.88,12.8607,167000
2023-05-30 02:45:30,42,B+R,0,False,False,False,W,-0.88,12.8456,167000
2023-05-30 02:45:42,42,B+R,0,False,False,False,W,-0.88,12.8473,167000
2023-05-30 02:45:55,43,W+R,0,False,False,False,B,-0.88,12.8484,167000
2023-05-30 02:46:08,45,W+R,0,False,False,False,B,-0.88,12.8559,167000
2023-05-30 02:46:21,42,B+R,0,False,False,False,W,-0.88,12.8735,167000
2023-05-30 02:46:41,65,W+R,0,False,False,False,B,-0.88,12.9569,167000
2023-05-30 02:46:54,42,B+R,0,False,False,False,W,-0.88,12.9739,167000
2023-05-30 02:48:37,89,B+1.5,4,True,True,False,W,-0.88,13.2926,168000
2023-05-30 02:48:48,42,B+R,0,False,False,False,W,-0.88,13.2966,168000
2023-05-30 02:49:01,42,B+R,0,False,False,False,W,-0.88,13.304,168000
2023-05-30 02:49:17,48,B+R,0,False,False,False,W,-0.88,13.3518,168000
2023-05-30 02:49:29,43,W+R,0,False,False,False,B,-0.88,13.3528,168000
2023-05-30 02:49:41,46,B+R,0,False,False,False,W,-0.88,13.3989,168000
2023-05-30 02:49:53,42,B+R,0,False,False,False,W,-0.88,13.3952,168000
2023-05-30 02:50:04,45,W+R,0,False,False,False,B,-0.88,13.3971,168000
2023-05-30 02:50:34,89,W+R,7,False,False,False,B,-0.88,13.6166,168000
2023-05-30 02:50:46,43,W+R,4,False,False,False,B,-0.88,13.6315,168000
2023-05-30 02:50:58,46,B+R,0,False,False,False,W,-0.88,13.6592,168000
2023-05-30 02:51:10,42,B+R,0,False,False,False,W,-0.88,13.6734,168000
2023-05-30 02:51:21,42,B+R,0,False,False,False,W,-0.88,13.6887,168000
2023-05-30 02:51:33,43,W+R,0,False,False,False,B,-0.88,13.7237,168000
2023-05-30 02:51:45,42,B+R,0,False,False,False,W,-0.88,13.7104,168000
2023-05-30 02:51:56,42,B+R,0,False,False,False,W,-0.88,13.7047,168000
2023-05-30 02:52:19,78,B+R,2,False,False,False,W,-0.88,13.8005,168000
2023-05-30 02:52:29,42,B+R,0,False,False,False,W,-0.88,13.7795,168000
2023-05-30 02:52:41,42,B+R,0,False,False,False,W,-0.88,13.7381,168000
2023-05-30 02:52:54,44,B+R,0,False,False,False,W,-0.88,13.7403,168000
2023-05-30 02:53:05,43,W+R,0,False,False,False,B,-0.88,13.7378,168000
2023-05-30 02:53:18,42,B+R,0,False,False,False,W,-0.88,13.7397,168000
2023-05-30 02:53:29,42,B+R,0,False,False,False,W,-0.88,13.7319,168000
2023-05-30 02:53:46,53,W+R,0,False,False,False,B,-0.88,13.7637,168000
2023-05-30 02:53:58,42,B+R,0,False,False,False,W,-0.88,13.7607,168000
2023-05-30 02:54:11,42,B+R,5,False,False,False,W,-0.88,13.7762,168000
2023-05-30 02:54:23,42,B+R,0,False,False,False,W,-0.88,13.7809,168000
2023-05-30 02:54:35,42,B+R,0,False,False,False,W,-0.88,13.7043,168000
2023-05-30 02:54:45,48,B+R,0,False,False,False,W,-0.88,13.6764,168000
2023-05-30 02:54:55,46,B+R,0,False,False,False,W,-0.88,13.659,168000
2023-05-30 02:55:07,42,B+R,0,False,False,False,W,-0.88,13.6442,168000
2023-05-30 02:55:18,46,B+R,0,False,False,False,W,-0.88,13.5706,168000
2023-05-30 02:55:39,66,B+R,0,False,False,False,W,-0.88,13.6531,168000
2023-05-30 02:55:52,42,B+R,0,False,False,False,W,-0.88,13.7033,168000
2023-05-30 02:56:02,42,B+R,0,False,False,False,W,-0.88,13.6491,168000
2023-05-30 02:56:15,42,B+R,0,False,False,False,W,-0.88,13.6711,168000
2023-05-30 02:56:27,47,W+R,0,False,False,False,B,-0.88,13.6895,168000
2023-05-30 02:56:50,85,B+7.5,5,True,True,False,W,-0.88,13.8027,168000
2023-05-30 02:57:09,79,B+13.5,8,True,True,False,W,-0.88,13.8512,168000
2023-05-30 02:57:19,42,B+R,0,False,False,False,W,-0.88,13.8243,168000
2023-05-30 02:57:30,42,B+R,0,False,False,False,W,-0.88,13.7877,168000
2023-05-30 02:57:44,54,B+R,1,False,False,False,W,-0.88,13.7988,168000
2023-05-30 02:58:06,77,B+5.5,4,True,True,False,W,-0.88,13.9046,168000
2023-05-30 02:58:18,42,B+R,0,False,False,False,W,-0.88,13.9322,168000
2023-05-30 02:58:30,42,B+R,0,False,False,False,W,-0.88,13.8643,168000
2023-05-30 02:59:45,42,B+R,0,False,False,False,W,-0.88,13.8486,169000
2023-05-30 03:00:04,73,B+4.5,3,True,True,False,W,-0.88,13.9122,169000
2023-05-30 03:00:46,154,B+6.5,28,True,True,False,W,-0.88,13.9709,169000
2023-05-30 03:01:07,71,W+R,0,False,False,False,B,-0.88,14.0597,169000
2023-05-30 03:01:18,42,B+R,0,False,False,False,W,-0.88,14.0471,169000
2023-05-30 03:01:38,69,W+R,0,False,False,False,B,-0.88,14.1339,169000
2023-05-30 03:01:51,43,W+R,0,False,False,False,B,-0.88,14.1504,169000
2023-05-30 03:02:03,42,B+R,0,False,False,False,W,-0.88,14.1504,169000
2023-05-30 03:02:15,42,B+R,0,False,False,False,W,-0.88,14.14,169000
2023-05-30 03:02:29,42,B+R,1,False,False,False,W,-0.88,14.1463,169000
2023-05-30 03:02:40,42,B+R,0,False,False,False,W,-0.88,14.1123,169000
2023-05-30 03:02:51,48,B+R,0,False,False,False,W,-0.88,14.1282,169000
2023-05-30 03:03:02,42,B+R,0,False,False,False,W,-0.88,14.1203,169000
2023-05-30 03:03:16,42,B+R,0,False,False,False,W,-0.88,14.1498,169000
2023-05-30 03:03:27,42,B+R,0,False,False,False,W,-0.88,14.1481,169000
2023-05-30 03:04:05,162,W+13.5,23,True,True,False,B,-0.88,14.3922,169000
2023-05-30 03:04:17,43,W+R,0,False,False,False,B,-0.88,14.4047,169000
2023-05-30 03:04:29,42,B+R,0,False,False,False,W,-0.88,14.4228,169000
2023-05-30 03:04:40,43,W+R,2,False,False,False,B,-0.88,14.4066,169000
2023-05-30 03:04:53,42,B+R,0,False,False,False,W,-0.88,14.3891,169000
2023-05-30 03:05:13,72,B+7.5,5,True,True,False,W,-0.88,14.4674,169000
2023-05-30 03:05:26,42,B+R,0,False,False,False,W,-0.88,14.4712,169000
2023-05-30 03:05:35,42,B+R,0,False,False,False,W,-0.88,14.455,169000
2023-05-30 03:05:44,42,B+R,0,False,False,False,W,-0.88,14.4439,169000
2023-05-30 03:06:08,126,W+4.5,19,True,True,False,B,-0.88,14.5758,169000
2023-05-30 03:06:22,77,B+8.5,10,True,True,False,W,-0.88,14.6026,169000
2023-05-30 03:06:34,42,B+R,0,False,False,False,W,-0.88,14.5885,169000
2023-05-30 03:06:46,45,W+R,0,False,False,False,B,-0.88,14.4528,169000
2023-05-30 03:07:00,47,W+R,0,False,False,False,B,-0.88,14.4601,169000
2023-05-30 03:07:17,54,B+R,0,False,False,False,W,-0.88,14.4005,169000
2023-05-30 03:07:34,62,B+R,0,False,False,False,W,-0.88,14.4058,169000
2023-05-30 03:07:47,42,B+R,0,False,False,False,W,-0.88,14.2871,169000
2023-05-30 03:07:59,42,B+R,0,False,False,False,W,-0.88,14.2867,169000
2023-05-30 03:08:11,42,B+R,0,False,False,False,W,-0.88,14.2252,169000
2023-05-30 03:08:22,42,B+R,0,False,False,False,W,-0.88,14.2232,169000
2023-05-30 03:08:34,46,B+R,0,False,False,False,W,-0.88,14.129,169000
2023-05-30 03:08:45,42,B+R,0,False,False,False,W,-0.88,14.135,169000
2023-05-30 03:08:58,43,W+R,0,False,False,False,B,-0.88,14.1599,169000
2023-05-30 03:09:08,42,B+R,0,False,False,False,W,-0.88,14.1419,169000
2023-05-30 03:09:22,46,B+R,0,False,False,False,W,-0.88,14.2056,169000
2023-05-30 03:09:41,71,W+R,1,False,False,False,B,-0.88,14.2939,169000
2023-05-30 03:10:53,44,B+R,0,False,False,False,W,-0.88,14.1844,170000
2023-05-30 03:11:02,42,B+R,0,False,False,False,W,-0.88,14.1854,170000
2023-05-30 03:11:11,42,B+R,0,False,False,False,W,-0.88,14.1321,170000
2023-05-30 03:11:22,49,B+5.5,3,True,True,False,W,-0.88,14.1594,170000
2023-05-30 03:11:32,42,B+R,0,False,False,False,W,-0.88,14.1518,170000
2023-05-30 03:11:53,76,W+1.5,5,True,True,False,B,-0.88,14.246,170000
2023-05-30 03:12:11,67,B+15.5,2,True,True,False,W,-0.88,14.3019,170000
2023-05-30 03:12:35,73,B+1.5,6,True,False,False,,-0.88,14.4001,170000
2023-05-30 03:12:45,42,B+R,0,False,False,False,W,-0.88,14.3779,170000
2023-05-30 03:12:58,44,B+R,0,False,False,False,W,-0.88,14.2966,170000
2023-05-30 03:13:09,42,B+R,0,False,False,False,W,-0.88,14.2825,170000
2023-05-30 03:13:22,42,B+R,0,False,False,False,W,-0.88,14.0962,170000
2023-05-30 03:13:47,83,W+R,7,False,False,False,B,-0.88,14.0851,170000
2023-05-30 03:13:58,42,B+R,0,False,False,False,W,-0.88,14.0882,170000
2023-05-30 03:14:18,62,B+R,0,False,False,False,W,-0.88,14.1541,170000
2023-05-30 03:14:29,42,B+R,0,False,False,False,W,-0.88,14.1111,170000
2023-05-30 03:14:44,50,B+R,0,False,False,False,W,-0.88,14.1361,170000
2023-05-30 03:14:54,42,B+R,2,False,False,False,W,-0.88,14.113,170000
2023-05-30 03:15:02,43,W+R,0,False,False,False,B,-0.88,14.0766,170000
2023-05-30 03:15:13,42,B+R,0,False,False,False,W,-0.88,14.0664,170000
2023-05-30 03:15:27,45,W+R,0,False,False,False,B,-0.88,13.9124,170000
2023-05-30 03:15:42,49,W+R,0,False,False,False,B,-0.88,13.9429,170000
2023-05-30 03:15:54,42,B+R,0,False,False,False,W,-0.88,13.9359,170000
2023-05-30 03:16:12,62,B+R,0,False,False,False,W,-0.88,14.0091,170000
2023-05-30 03:16:23,43,W+R,0,False,False,False,B,-0.88,14.0061,170000
2023-05-30 03:16:35,42,B+R,0,False,False,False,W,-0.88,14.0021,170000
2023-05-30 03:16:47,44,B+R,0,False,False,False,W,-0.88,14.0007,170000
2023-05-30 03:17:00,42,B+R,0,False,False,False,W,-0.88,14.0261,170000
2023-05-30 03:17:16,68,W+6.5,5,True,True,False,B,-0.88,13.9619,170000
2023-05-30 03:17:28,42,B+R,0,False,False,False,W,-0.88,13.9783,170000
2023-05-30 03:17:44,51,W+R,0,False,False,False,B,-0.88,14.0076,170000
2023-05-30 03:18:00,51,W+R,0,False,False,False,B,-0.88,14.0439,170000
2023-05-30 03:18:37,162,W+6.5,25,False,False,False,,-0.88,14.3055,170000
2023-05-30 03:18:50,43,W+R,0,False,False,False,B,-0.88,14.3012,170000
2023-05-30 03:19:00,42,B+R,0,False,False,False,W,-0.88,14.2896,170000
2023-05-30 03:19:12,42,B+R,0,False,False,False,W,-0.88,14.2432,170000
2023-05-30 03:19:29,59,B+1.5,6,True,True,False,W,-0.88,14.2962,170000
2023-05-30 03:19:43,42,B+R,0,False,False,False,W,-0.88,14.305,170000
2023-05-30 03:19:53,49,W+R,0,False,False,False,B,-0.88,14.2828,170000
2023-05-30 03:20:01,43,W+R,0,False,False,False,B,-0.88,14.2412,170000
2023-05-30 03:20:09,42,B+R,0,False,False,False,W,-0.88,14.2296,170000
2023-05-30 03:20:21,42,B+R,0,False,False,False,W,-0.88,14.2404,170000
2023-05-30 03:20:38,54,B+R,0,False,False,False,W,-0.88,14.2879,170000
2023-05-30 03:20:50,44,B+R,0,False,False,False,W,-0.88,14.304,170000
2023-05-30 03:22:19,50,B+R,2,False,False,False,W,-0.88,14.3547,171000
2023-05-30 03:22:30,42,B+R,0,False,False,False,W,-0.88,14.3744,171000
2023-05-30 03:22:49,62,B+1.5,3,True,True,False,W,-0.88,14.4347,171000
2023-05-30 03:22:59,42,B+R,0,False,False,False,W,-0.88,14.4027,171000
2023-05-30 03:23:12,43,W+R,0,False,False,False,B,-0.88,14.2978,171000
2023-05-30 03:23:24,42,B+R,4,False,False,False,W,-0.88,14.2328,171000
2023-05-30 03:23:35,42,B+R,0,False,False,False,W,-0.88,14.2452,171000
2023-05-30 03:23:52,54,B+R,0,False,False,False,W,-0.88,14.3029,171000
2023-05-30 03:24:08,54,B+R,0,False,False,False,W,-0.88,14.321,171000
2023-05-30 03:24:32,106,B+7.5,15,True,True,False,W,-0.88,14.3426,171000
2023-05-30 03:24:43,42,B+R,0,False,False,False,W,-0.88,14.3368,171000
2023-05-30 03:24:55,42,B+R,0,False,False,False,W,-0.88,14.3351,171000
2023-05-30 03:25:08,43,W+R,0,False,False,False,B,-0.88,14.3558,171000
2023-05-30 03:25:20,43,W+R,0,False,False,False,B,-0.88,14.374,171000
2023-05-30 03:25:32,42,B+R,0,False,False,False,W,-0.88,14.2999,171000
2023-05-30 03:25:49,73,W+3.5,4,True,True,False,B,-0.88,14.0524,171000
2023-05-30 03:26:01,42,B+R,0,False,False,False,W,-0.88,13.9643,171000
2023-05-30 03:26:10,43,W+R,0,False,False,False,B,-0.88,13.9448,171000
2023-05-30 03:26:18,42,B+R,0,False,False,False,W,-0.88,13.8195,171000
2023-05-30 03:26:27,42,B+R,0,False,False,False,W,-0.88,13.7851,171000
2023-05-30 03:26:39,42,B+R,0,False,False,False,W,-0.88,13.781,171000
2023-05-30 03:26:51,43,W+R,3,False,False,False,B,-0.88,13.7804,171000
2023-05-30 03:27:02,42,B+R,0,False,False,False,W,-0.88,13.7601,171000
2023-05-30 03:27:14,42,B+R,0,False,False,False,W,-0.88,13.7723,171000
2023-05-30 03:27:29,50,B+R,0,False,False,False,W,-0.88,13.8113,171000
2023-05-30 03:27:47,89,W+8.5,7,True,True,False,B,-0.88,13.8783,171000
2023-05-30 03:27:55,42,B+R,1,False,False,False,W,-0.88,13.8124,171000
2023-05-30 03:28:02,42,B+R,0,False,False,False,W,-0.88,13.7708,171000
2023-05-30 03:28:13,43,W+R,0,False,False,False,B,-0.88,13.5012,171000
2023-05-30 03:28:39,110,W+2.5,17,True,True,False,B,-0.88,13.6448,171000
2023-05-30 03:28:54,50,B+R,0,False,False,False,W,-0.88,13.6684,171000
2023-05-30 03:29:06,43,W+R,0,False,False,False,B,-0.88,13.6827,171000
2023-05-30 03:29:17,43,W+R,0,False,False,False,B,-0.88,13.6652,171000
2023-05-30 03:29:32,51,W+R,0,False,False,False,B,-0.88,13.6175,171000
2023-05-30 03:30:05,162,W+15.5,32,True,True,False,B,-0.88,13.8192,171000
2023-05-30 03:30:15,42,B+R,0,False,False,False,W,-0.88,13.8298,171000
2023-05-30 03:30:27,42,B+R,0,False,False,False,W,-0.88,13.8606,171000
2023-05-30 03:30:51,70,B+R,1,False,False,False,W,-0.88,13.8559,171000
2023-05-30 03:31:02,43,W+R,0,False,False,False,B,-0.88,13.8252,171000
2023-05-30 03:31:17,50,B+R,0,False,False,False,W,-0.88,13.8569,171000
2023-05-30 03:31:27,42,B+R,0,False,False,False,W,-0.88,13.8352,171000
2023-05-30 03:32:00,130,B+2.5,20,True,True,False,W,-0.88,14.0223,171000
2023-05-30 03:32:15,42,B+R,0,False,False,False,W,-0.88,14.0077,171000
2023-05-30 03:33:17,43,W+R,0,False,False,False,B,-0.88,13.8655,172000
2023-05-30 03:33:28,43,W+R,0,False,False,False,B,-0.88,13.8531,172000
2023-05-30 03:33:39,42,B+R,0,False,False,False,W,-0.88,13.849,172000
2023-05-30 03:33:50,42,B+R,0,False,False,False,W,-0.88,13.8547,172000
2023-05-30 03:34:03,43,W+R,0,False,False,False,B,-0.88,13.8561,172000
2023-05-30 03:34:15,42,B+R,0,False,False,False,W,-0.88,13.8667,172000
2023-05-30 03:34:37,70,B+R,1,False,False,False,W,-0.88,13.9537,172000
2023-05-30 03:34:49,42,B+R,0,False,False,False,W,-0.88,13.9854,172000
2023-05-30 03:35:01,56,B+8.5,6,True,True,False,W,-0.88,13.9639,172000
2023-05-30 03:35:12,43,W+R,0,False,False,False,B,-0.88,13.8768,172000
2023-05-30 03:35:24,42,B+R,0,False,False,False,W,-0.88,13.8906,172000
2023-05-30 03:35:37,42,B+R,0,False,False,False,W,-0.88,13.8879,172000
2023-05-30 03:35:55,61,W+R,0,False,False,False,B,-0.88,13.9741,172000
2023-05-30 03:36:08,42,B+R,0,False,False,False,W,-0.88,14.0152,172000
2023-05-30 03:36:20,43,W+R,2,False,False,False,B,-0.88,14.0214,172000
2023-05-30 03:36:28,42,B+R,0,False,False,False,W,-0.88,14.014,172000
2023-05-30 03:36:47,62,B+R,0,False,False,False,W,-0.88,13.9857,172000
2023-05-30 03:36:59,43,W+R,0,False,False,False,B,-0.88,13.925,172000
2023-05-30 03:37:12,42,B+R,0,False,False,False,W,-0.88,13.816,172000
2023-05-30 03:37:26,51,W+R,0,False,False,False,B,-0.88,13.8475,172000
2023-05-30 03:37:34,43,W+R,2,False,False,False,B,-0.88,13.813,172000
2023-05-30 03:37:47,46,B+R,0,False,False,False,W,-0.88,13.8255,172000
2023-05-30 03:37:57,43,W+R,0,False,False,False,B,-0.88,13.8024,172000
2023-05-30 03:38:11,48,B+R,0,False,False,False,W,-0.88,13.6772,172000
2023-05-30 03:38:22,42,B+R,0,False,False,False,W,-0.88,13.6811,172000
2023-05-30 03:38:33,42,B+R,0,False,False,False,W,-0.88,13.5956,172000
2023-05-30 03:38:49,57,W+R,0,False,False,False,B,-0.88,13.6465,172000
2023-05-30 03:39:00,42,B+R,0,False,False,False,W,-0.88,13.6028,172000
2023-05-30 03:39:10,42,B+R,0,False,False,False,W,-0.88,13.6071,172000
2023-05-30 03:39:23,42,B+R,0,False,False,False,W,-0.88,13.6522,172000
2023-05-30 03:39:48,89,W+R,5,False,False,False,B,-0.88,13.8054,172000
2023-05-30 03:40:01,42,B+R,0,False,False,False,W,-0.88,13.7812,172000
2023-05-30 03:40:18,54,B+R,0,False,False,False,W,-0.88,13.808,172000
2023-05-30 03:40:29,43,W+R,0,False,False,False,B,-0.88,13.8031,172000
2023-05-30 03:40:41,43,W+R,0,False,False,False,B,-0.88,13.7358,172000
2023-05-30 03:40:53,43,W+R,1,False,False,False,B,-0.88,13.7385,172000
2023-05-30 03:41:03,42,B+R,0,False,False,False,W,-0.88,13.718,172000
2023-05-30 03:41:13,42,B+R,0,False,False,False,W,-0.88,13.707,172000
2023-05-30 03:41:24,42,B+R,0,False,False,False,W,-0.88,13.682,172000
2023-05-30 03:41:38,46,B+R,0,False,False,False,W,-0.88,13.659,172000
2023-05-30 03:41:52,50,B+R,0,False,False,False,W,-0.88,13.6779,172000
2023-05-30 03:42:01,42,B+R,0,False,False,False,W,-0.88,13.6215,172000
2023-05-30 03:42:25,65,W+R,0,False,False,False,B,-0.88,13.696,172000
2023-05-30 03:42:36,42,B+R,0,False,False,False,W,-0.88,13.4361,172000
2023-05-30 03:42:48,42,B+R,0,False,False,False,W,-0.88,13.4286,172000
2023-05-30 03:43:01,42,B+R,0,False,False,False,W,-0.88,13.4565,172000
2023-05-30 03:43:15,64,B+7.5,6,True,True,False,W,-0.88,13.4761,172000
2023-05-30 03:44:29,43,W+R,0,False,False,False,B,-0.88,13.4025,173000
2023-05-30 03:44:49,64,B+R,0,False,False,False,W,-0.88,13.509,173000
2023-05-30 03:45:00,43,W+R,0,False,False,False,B,-0.88,13.535,173000
2023-05-30 03:45:42,162,W+12.5,40,True,True,False,B,-0.88,13.8718,173000
2023-05-30 03:45:54,42,B+R,0,False,False,False,W,-0.88,13.8781,173000
2023-05-30 03:46:08,48,B+R,0,False,False,False,W,-0.88,13.851,173000
2023-05-30 03:46:22,55,W+R,0,False,False,False,B,-0.88,13.8563,173000
2023-05-30 03:46:34,42,B+R,0,False,False,False,W,-0.88,13.745,173000
2023-05-30 03:46:44,42,B+R,0,False,False,False,W,-0.88,13.6923,173000
2023-05-30 03:47:26,162,W+1.5,37,True,True,False,B,-0.88,13.9989,173000
2023-05-30 03:47:40,42,B+R,0,False,False,False,W,-0.88,13.9427,173000
2023-05-30 03:47:48,43,W+R,0,False,False,False,B,-0.88,13.9327,173000
2023-05-30 03:48:00,42,B+R,0,False,False,False,W,-0.88,13.9275,173000
2023-05-30 03:48:15,49,W+R,0,False,False,False,B,-0.88,13.952,173000
2023-05-30 03:48:26,42,B+R,0,False,False,False,W,-0.88,13.9507,173000
2023-05-30 03:48:46,73,W+R,3,False,False,False,B,-0.88,13.9884,173000
2023-05-30 03:48:59,42,B+R,0,False,False,False,W,-0.88,13.9494,173000
2023-05-30 03:49:09,42,B+R,0,False,False,False,W,-0.88,13.8066,173000
2023-05-30 03:49:20,42,B+R,0,False,False,False,W,-0.88,13.8063,173000
2023-05-30 03:49:59,162,W+2.5,24,True,False,False,,-0.88,14.0825,173000
2023-05-30 03:50:10,42,B+R,0,False,False,False,W,-0.88,14.0617,173000
2023-05-30 03:50:23,43,W+R,0,False,False,False,B,-0.88,14.0678,173000
2023-05-30 03:50:35,42,B+R,0,False,False,False,W,-0.88,14.0737,173000
2023-05-30 03:50:45,43,W+R,0,False,False,False,B,-0.88,13.9995,173000
2023-05-30 03:50:58,42,B+R,0,False,False,False,W,-0.88,14.0111,173000
2023-05-30 03:51:11,43,W+R,0,False,False,False,B,-0.88,14.0486,173000
2023-05-30 03:51:34,72,B+R,0,False,False,False,W,-0.88,14.2016,173000
2023-05-30 03:51:44,42,B+R,0,False,False,False,W,-0.88,14.212,173000
2023-05-30 03:51:55,42,B+R,0,False,False,False,W,-0.88,14.2059,173000
2023-05-30 03:52:07,42,B+R,0,False,False,False,W,-0.88,14.2039,173000
2023-05-30 03:52:19,43,W+R,0,False,False,False,B,-0.88,14.214,173000
2023-05-30 03:52:32,42,B+R,0,False,False,False,W,-0.88,14.2161,173000
2023-05-30 03:52:47,64,B+R,0,False,False,False,W,-0.88,14.2229,173000
2023-05-30 03:52:56,42,B+R,0,False,False,False,W,-0.88,14.1251,173000
2023-05-30 03:53:08,71,B+7.5,2,True,True,False,W,-0.88,14.1702,173000
2023-05-30 03:53:20,43,W+R,0,False,False,False,B,-0.88,14.2247,173000
2023-05-30 03:53:32,42,B+R,0,False,False,False,W,-0.88,14.2289,173000
2023-05-30 03:53:45,43,W+R,0,False,False,False,B,-0.88,14.0962,173000
2023-05-30 03:53:57,42,B+R,0,False,False,False,W,-0.88,14.0699,173000
2023-05-30 03:54:09,42,B+R,0,False,False,False,W,-0.88,14.0716,173000
2023-05-30 03:54:22,42,B+R,0,False,False,False,W,-0.88,14.0916,173000
2023-05-30 03:55:54,43,W+R,0,False,False,False,B,-0.88,14.0518,174000
2023-05-30 03:56:13,69,W+R,0,False,False,False,B,-0.88,14.1375,174000
2023-05-30 03:56:25,43,W+R,0,False,False,False,B,-0.88,14.1377,174000
2023-05-30 03:56:42,60,B+R,0,False,False,False,W,-0.88,14.0755,174000
2023-05-30 03:56:53,42,B+R,0,False,False,False,W,-0.88,14.0767,174000
2023-05-30 03:57:06,42,B+R,0,False,False,False,W,-0.88,14.0503,174000
2023-05-30 03:57:17,42,B+R,0,False,False,False,W,-0.88,14.0543,174000
2023-05-30 03:57:28,43,W+R,0,False,False,False,B,-0.88,13.8482,174000
2023-05-30 03:57:43,49,W+R,0,False,False,False,B,-0.88,13.8466,174000
2023-05-30 03:57:55,43,W+R,0,False,False,False,B,-0.88,13.8823,174000
2023-05-30 03:58:57,161,W+R,19,False,False,False,B,-0.88,14.4144,174000
2023-05-30 03:59:09,43,W+R,0,False,False,False,B,-0.88,14.4287,174000
2023-05-30 03:59:21,43,W+R,2,False,False,False,B,-0.88,14.4401,174000
2023-05-30 03:59:34,42,B+R,0,False,False,False,W,-0.88,14.454,174000
2023-05-30 03:59:46,43,W+R,0,False,False,False,B,-0.88,14.4551,174000
2023-05-30 03:59:57,43,W+R,0,False,False,False,B,-0.88,14.4426,174000
2023-05-30 04:00:10,42,B+R,0,False,False,False,W,-0.88,14.3533,174000
2023-05-30 04:00:22,42,B+R,0,False,False,False,W,-0.88,14.3387,174000
2023-05-30 04:00:35,42,B+R,0,False,False,False,W,-0.88,14.3527,174000
2023-05-30 04:00:44,42,B+R,0,False,False,False,W,-0.88,14.3418,174000
2023-05-30 04:00:55,42,B+R,0,False,False,False,W,-0.88,14.3221,174000
2023-05-30 04:01:07,43,W+R,0,False,False,False,B,-0.88,14.3237,174000
2023-05-30 04:01:23,53,W+R,0,False,False,False,B,-0.88,14.2992,174000
2023-05-30 04:01:36,43,W+R,0,False,False,False,B,-0.88,14.2988,174000
2023-05-30 04:01:51,53,W+R,0,False,False,False,B,-0.88,14.3332,174000
2023-05-30 04:02:04,43,W+R,0,False,False,False,B,-0.88,14.3691,174000
2023-05-30 04:02:27,63,W+R,2,False,False,False,B,-0.88,14.4161,174000
2023-05-30 04:02:39,43,W+R,0,False,False,False,B,-0.88,14.4178,174000
2023-05-30 04:02:50,42,B+R,0,False,False,False,W,-0.88,14.4051,174000
2023-05-30 04:03:32,162,B+25.5,33,True,True,True,B,-0.88,14.6814,174000
2023-05-30 04:03:41,43,W+R,0,False,False,False,B,-0.88,14.6809,174000
2023-05-30 04:04:00,72,B+R,0,False,False,False,W,-0.88,14.755,174000
2023-05-30 04:04:10,42,B+R,0,False,False,False,W,-0.88,14.7404,174000
2023-05-30 04:04:21,43,W+R,0,False,False,False,B,-0.88,14.7274,174000
2023-05-30 04:04:46,72,B+R,0,False,False,False,W,-0.88,14.8545,174000
2023-05-30 04:04:59,43,W+R,0,False,False,False,B,-0.88,14.8838,174000
2023-05-30 04:05:11,42,B+R,0,False,False,False,W,-0.88,14.8384,174000
2023-05-30 04:05:23,42,B+R,0,False,False,False,W,-0.88,14.8535,174000
2023-05-30 04:05:35,42,B+R,0,False,False,False,W,-0.88,14.8685,174000
2023-05-30 04:06:00,78,W+5.5,3,True,True,False,B,-0.88,14.9882,174000
2023-05-30 04:07:17,69,W+R,0,False,False,False,B,-0.88,14.9251,175000
2023-05-30 04:07:39,70,B+R,0,False,False,False,W,-0.88,14.9749,175000
2023-05-30 04:07:52,42,B+R,0,False,False,False,W,-0.88,14.9825,175000
2023-05-30 04:08:09,57,W+R,0,False,False,False,B,-0.88,15.0399,175000
2023-05-30 04:08:21,43,W+R,0,False,False,False,B,-0.88,15.0471,175000
2023-05-30 04:08:35,50,B+R,0,False,False,False,W,-0.88,15.0851,175000
2023-05-30 04:08:47,42,B+R,1,False,False,False,W,-0.88,15.101,175000
2023-05-30 04:08:58,42,B+R,0,False,False,False,W,-0.88,15.0986,175000
2023-05-30 04:09:08,42,B+R,0,False,False,False,W,-0.88,15.0634,175000
2023-05-30 04:09:20,43,W+R,1,False,False,False,B,-0.88,15.0456,175000
2023-05-30 04:09:32,42,B+R,0,False,False,False,W,-0.88,15.0721,175000
2023-05-30 04:09:44,42,B+R,0,False,False,False,W,-0.88,14.959,175000
2023-05-30 04:09:56,48,B+R,0,False,False,False,W,-0.88,14.9607,175000
2023-05-30 04:10:15,62,B+R,0,False,False,False,W,-0.88,15.0324,175000
2023-05-30 04:10:27,42,B+R,0,False,False,False,W,-0.88,15.0238,175000
2023-05-30 04:10:39,42,B+R,0,False,False,False,W,-0.88,15.0002,175000
2023-05-30 04:10:50,43,W+R,0,False,False,False,B,-0.88,15.0028,175000
2023-05-30 04:11:10,76,W+2.5,5,True,True,False,B,-0.88,15.0726,175000
2023-05-30 04:11:20,42,B+R,0,False,False,False,W,-0.88,14.9748,175000
2023-05-30 04:11:33,43,W+R,0,False,False,False,B,-0.88,14.993,175000
2023-05-30 04:11:43,43,W+R,0,False,False,False,B,-0.88,14.6741,175000
2023-05-30 04:11:56,47,W+R,0,False,False,False,B,-0.88,14.6827,175000
2023-05-30 04:12:08,43,W+R,0,False,False,False,B,-0.88,14.6588,175000
2023-05-30 04:12:19,42,B+R,0,False,False,False,W,-0.88,14.6374,175000
2023-05-30 04:12:33,43,W+R,0,False,False,False,B,-0.88,14.6497,175000
2023-05-30 04:12:43,43,W+R,0,False,False,False,B,-0.88,14.6517,175000
2023-05-30 04:12:54,42,B+R,0,False,False,False,W,-0.88,14.3372,175000
2023-05-30 04:13:10,54,B+R,0,False,False,False,W,-0.88,14.3698,175000
2023-05-30 04:13:21,43,W+R,0,False,False,False,B,-0.88,14.3952,175000
2023-05-30 04:13:40,63,W+R,0,False,False,False,B,-0.88,14.4596,175000
2023-05-30 04:13:52,43,W+R,0,False,False,False,B,-0.88,14.4383,175000
2023-05-30 04:14:09,91,W+3.5,9,True,True,False,B,-0.88,14.4962,175000
2023-05-30 04:14:21,42,B+R,0,False,False,False,W,-0.88,14.4048,175000
2023-05-30 04:14:34,42,B+R,0,False,False,False,W,-0.88,14.4136,175000
2023-05-30 04:14:46,43,W+R,0,False,False,False,B,-0.88,14.4388,175000
2023-05-30 04:14:59,43,W+R,0,False,False,False,B,-0.88,14.4504,175000
2023-05-30 04:15:13,59,W+R,1,False,False,False,B,-0.88,14.2071,175000
2023-05-30 04:15:24,42,B+R,0,False,False,False,W,-0.88,14.2071,175000
2023-05-30 04:15:35,42,B+R,0,False,False,False,W,-0.88,14.1858,175000
2023-05-30 04:15:47,42,B+R,0,False,False,False,W,-0.88,14.1864,175000
2023-05-30 04:16:08,78,B+4.5,7,True,True,False,W,-0.88,14.2916,175000
2023-05-30 04:16:20,42,B+R,0,False,False,False,W,-0.88,14.282,175000
2023-05-30 04:16:31,42,B+R,0,False,False,False,W,-0.88,14.2609,175000
2023-05-30 04:16:42,42,B+R,0,False,False,False,W,-0.88,14.1468,175000
2023-05-30 04:16:55,44,B+R,0,False,False,False,W,-0.88,14.1693,175000
2023-05-30 04:17:07,42,B+R,0,False,False,False,W,-0.88,14.1757,175000
2023-05-30 04:18:21,42,B+R,0,False,False,False,W,-0.88,14.2375,176000
2023-05-30 04:18:34,45,W+R,0,False,False,False,B,-0.88,14.2405,176000
2023-05-30 04:18:57,66,B+R,0,False,False,False,W,-0.88,14.3116,176000
2023-05-30 04:19:09,43,W+R,0,False,False,False,B,-0.88,14.3552,176000
2023-05-30 04:19:25,52,B+R,0,False,False,False,W,-0.88,14.3913,176000
2023-05-30 04:19:35,43,W+R,0,False,False,False,B,-0.88,14.3678,176000
2023-05-30 04:19:48,43,W+R,0,False,False,False,B,-0.88,14.376,176000
2023-05-30 04:20:04,61,B+4.5,3,True,True,False,W,-0.88,14.4096,176000
2023-05-30 04:20:15,42,B+R,0,False,False,False,W,-0.88,14.3983,176000
2023-05-30 04:20:26,42,B+R,0,False,False,False,W,-0.88,14.3912,176000
2023-05-30 04:20:38,42,B+R,0,False,False,False,W,-0.88,14.3813,176000
2023-05-30 04:20:50,42,B+R,0,False,False,False,W,-0.88,14.1809,176000
2023-05-30 04:21:02,43,W+R,0,False,False,False,B,-0.88,14.1795,176000
2023-05-30 04:21:14,42,B+R,0,False,False,False,W,-0.88,14.1062,176000
2023-05-30 04:21:26,42,B+R,0,False,False,False,W,-0.88,14.112,176000
2023-05-30 04:21:40,66,B+6.5,3,True,True,False,W,-0.88,14.0731,176000
2023-05-30 04:21:53,42,B+R,0,False,False,False,W,-0.88,14.0917,176000
2023-05-30 04:22:06,43,W+R,0,False,False,False,B,-0.88,14.0938,176000
2023-05-30 04:22:28,69,W+R,0,False,False,False,B,-0.88,14.2148,176000
2023-05-30 04:22:40,43,W+R,0,False,False,False,B,-0.88,14.215,176000
2023-05-30 04:23:13,87,W+R,4,False,False,False,B,-0.88,14.3905,176000
2023-05-30 04:23:35,95,W+4.5,10,True,True,False,B,-0.88,14.4967,176000
2023-05-30 04:23:46,42,B+R,0,False,False,False,W,-0.88,13.9881,176000
2023-05-30 04:23:58,43,W+R,0,False,False,False,B,-0.88,13.9878,176000
2023-05-30 04:24:18,67,W+R,0,False,False,False,B,-0.88,14.0649,176000
2023-05-30 04:24:54,162,W+12.5,27,True,True,False,B,-0.88,14.2938,176000
2023-05-30 04:25:06,42,B+R,0,False,False,False,W,-0.88,14.2907,176000
2023-05-30 04:25:19,45,W+R,0,False,False,False,B,-0.88,14.3174,176000
2023-05-30 04:25:31,42,B+R,0,False,False,False,W,-0.88,14.3042,176000
2023-05-30 04:25:41,43,W+R,0,False,False,False,B,-0.88,14.2881,176000
2023-05-30 04:25:55,56,W+0.5,2,True,True,False,B,-0.88,14.3039,176000
2023-05-30 04:26:09,51,W+R,0,False,False,False,B,-0.88,14.345,176000
2023-05-30 04:26:23,43,W+R,0,False,False,False,B,-0.88,14.375,176000
2023-05-30 04:26:35,43,W+R,0,False,False,False,B,-0.88,14.3714,176000
2023-05-30 04:26:54,80,B+2.5,3,True,True,False,W,-0.88,14.4098,176000
2023-05-30 04:27:08,49,W+R,0,False,False,False,B,-0.88,14.4239,176000
2023-05-30 04:27:33,76,B+R,0,False,False,False,W,-0.88,14.5071,176000
2023-05-30 04:27:45,42,B+R,0,False,False,False,W,-0.88,14.5099,176000
2023-05-30 04:28:04,59,W+R,0,False,False,False,B,-0.88,14.4671,176000
2023-05-30 04:28:16,42,B+R,0,False,False,False,W,-0.88,14.4605,176000
2023-05-30 04:29:26,43,W+R,0,False,False,False,B,-0.88,14.1466,177000
2023-05-30 04:29:48,72,B+R,0,False,False,False,W,-0.88,14.2792,177000
2023-05-30 04:30:06,58,B+R,0,False,False,False,W,-0.88,14.257,177000
2023-05-30 04:30:17,42,B+R,0,False,False,False,W,-0.88,14.2822,177000
2023-05-30 04:30:27,42,B+R,2,False,False,False,W,-0.88,14.2555,177000
2023-05-30 04:30:54,110,B+4.5,5,True,True,False,W,-0.88,14.2917,177000
2023-05-30 04:31:20,87,W+R,1,False,False,False,B,-0.88,14.4164,177000
2023-05-30 04:31:32,42,B+R,0,False,False,False,W,-0.88,14.41,177000
2023-05-30 04:31:44,42,B+R,0,False,False,False,W,-0.88,14.4099,177000
2023-05-30 04:32:14,124,B+5.5,17,True,True,False,W,-0.88,14.5949,177000
2023-05-30 04:32:33,60,B+R,0,False,False,False,W,-0.88,14.5341,177000
2023-05-30 04:32:48,53,W+R,0,False,False,False,B,-0.88,14.5943,177000
2023-05-30 04:33:01,42,B+R,0,False,False,False,W,-0.88,14.4989,177000
2023-05-30 04:33:12,43,W+R,0,False,False,False,B,-0.88,14.3886,177000
2023-05-30 04:33:23,42,B+R,0,False,False,False,W,-0.88,14.3782,177000
2023-05-30 04:33:32,42,B+R,0,False,False,False,W,-0.88,14.2943,177000
2023-05-30 04:33:44,43,W+R,0,False,False,False,B,-0.88,14.2934,177000
2023-05-30 04:34:07,73,W+R,2,False,False,False,B,-0.88,14.3781,177000
2023-05-30 04:34:36,93,W+R,10,False,False,False,B,-0.88,14.5571,177000
2023-05-30 04:34:54,54,B+R,0,False,False,False,W,-0.88,14.626,177000
2023-05-30 04:35:05,42,B+R,0,False,False,False,W,-0.88,14.6321,177000
2023-05-30 04:35:15,42,B+R,0,False,False,False,W,-0.88,14.6118,177000
2023-05-30 04:35:27,42,B+R,0,False,False,False,W,-0.88,14.6101,177000
2023-05-30 04:35:40,47,W+R,0,False,False,False,B,-0.88,14.6204,177000
2023-05-30 04:35:57,59,W+R,0,False,False,False,B,-0.88,14.6699,177000
2023-05-30 04:36:13,50,B+R,0,False,False,False,W,-0.88,14.6388,177000
2023-05-30 04:36:24,43,W+R,0,False,False,False,B,-0.88,14.6309,177000
2023-05-30 04:36:41,54,B+R,0,False,False,False,W,-0.88,14.68,177000
2023-05-30 04:37:06,91,W+1.5,7,True,True,False,B,-0.88,14.8165,177000
2023-05-30 04:37:18,42,B+R,0,False,False,False,W,-0.88,14.7409,177000
2023-05-30 04:37:43,101,W+13.5,15,True,True,False,B,-0.88,14.888,177000
2023-05-30 04:37:55,43,W+R,0,False,False,False,B,-0.88,14.8871,177000
2023-05-30 04:38:15,64,B+R,0,False,False,False,W,-0.88,14.9813,177000
2023-05-30 04:38:35,60,B+R,4,False,False,False,W,-0.88,15.0415,177000
2023-05-30 04:38:45,43,W+R,0,False,False,False,B,-0.88,15.0368,177000
2023-05-30 04:38:57,42,B+R,0,False,False,False,W,-0.88,15.0406,177000
2023-05-30 04:39:09,42,B+R,0,False,False,False,W,-0.88,15.0216,177000
2023-05-30 04:39:21,42,B+R,0,False,False,False,W,-0.88,15.041,177000
2023-05-30 04:39:33,42,B+R,0,False,False,False,W,-0.88,15.0569,177000
2023-05-30 04:39:45,42,B+R,0,False,False,False,W,-0.88,15.0112,177000
2023-05-30 04:40:55,42,B+R,0,False,False,False,W,-0.88,14.9823,178000
2023-05-30 04:41:05,43,W+R,0,False,False,False,B,-0.88,14.9669,178000
2023-05-30 04:41:18,42,B+R,0,False,False,False,W,-0.88,14.9238,178000
2023-05-30 04:41:31,43,W+R,0,False,False,False,B,-0.88,14.9358,178000
2023-05-30 04:41:44,42,B+R,0,False,False,False,W,-0.88,14.9358,178000
2023-05-30 04:42:12,106,W+0.5,18,True,True,False,B,-0.88,15.0913,178000
2023-05-30 04:42:23,42,B+R,0,False,False,False,W,-0.88,15.0768,178000
2023-05-30 04:42:55,117,B+3.5,16,True,True,True,B,-0.88,15.2529,178000
2023-05-30 04:43:08,46,B+R,0,False,False,False,W,-0.88,15.2763,178000
2023-05-30 04:43:17,43,W+R,0,False,False,False,B,-0.88,15.2533,178000
2023-05-30 04:43:31,43,W+R,0,False,False,False,B,-0.88,15.2656,178000
2023-05-30 04:43:43,58,B+3.5,5,True,True,False,W,-0.88,15.186,178000
2023-05-30 04:43:54,42,B+R,0,False,False,False,W,-0.88,15.1747,178000
2023-05-30 04:44:05,50,B+R,0,False,False,False,W,-0.88,15.1765,178000
2023-05-30 04:44:24,62,B+R,0,False,False,False,W,-0.88,15.2509,178000
2023-05-30 04:44:35,42,B+R,0,False,False,False,W,-0.88,15.2287,178000
2023-05-30 04:44:46,42,B+R,0,False,False,False,W,-0.88,15.2292,178000
2023-05-30 04:45:24,162,W+2.5,34,True,True,False,B,-0.88,15.437,178000
2023-05-30 04:45:36,43,W+R,0,False,False,False,B,-0.88,15.4228,178000
2023-05-30 04:45:47,42,B+R,0,False,False,False,W,-0.88,15.4055,178000
2023-05-30 04:46:15,122,W+2.5,16,True,True,False,B,-0.88,15.4582,178000
2023-05-30 04:46:25,43,W+R,0,False,False,False,B,-0.88,15.4396,178000
2023-05-30 04:46:35,43,W+R,0,False,False,False,B,-0.88,15.3746,178000
2023-05-30 04:46:47,46,B+R,0,False,False,False,W,-0.88,15.3958,178000
2023-05-30 04:47:02,64,B+4.5,5,True,True,False,W,-0.88,15.4189,178000
2023-05-30 04:47:12,41,B+1.5,2,False,False,False,,-0.88,15.3565,178000
2023-05-30 04:47:23,43,W+R,0,False,False,False,B,-0.88,15.3632,178000
2023-05-30 04:47:34,47,W+R,0,False,False,False,B,-0.88,15.3589,178000
2023-05-30 04:47:45,42,B+R,0,False,False,False,W,-0.88,15.3513,178000
2023-05-30 04:47:55,56,B+R,0,False,False,False,W,-0.88,15.3245,178000
2023-05-30 04:48:06,42,B+R,0,False,False,False,W,-0.88,15.3158,178000
2023-05-30 04:48:21,52,B+R,0,False,False,False,W,-0.88,15.3542,178000
2023-05-30 04:48:52,162,W+0.5,24,False,False,False,,-0.88,15.5348,178000
2023-05-30 04:49:16,112,W+0.5,23,True,True,False,B,-0.88,15.6403,178000
2023-05-30 04:49:28,42,B+R,0,False,False,False,W,-0.88,15.627,178000
2023-05-30 04:49:36,42,B+R,0,False,False,False,W,-0.88,15.5859,178000
2023-05-30 04:49:50,60,B+R,3,False,False,False,W,-0.88,15.4935,178000
2023-05-30 04:50:00,42,B+R,0,False,False,False,W,-0.88,15.4786,178000
2023-05-30 04:50:08,42,B+R,0,False,False,False,W,-0.88,15.2309,178000
2023-05-30 04:50:19,43,W+R,0,False,False,False,B,-0.88,15.1198,178000
2023-05-30 04:50:31,42,B+R,0,False,False,False,W,-0.88,15.1264,178000
2023-05-30 04:50:45,43,W+R,0,False,False,False,B,-0.88,15.1483,178000
2023-05-30 04:50:57,42,B+R,0,False,False,False,W,-0.88,15.0738,178000
2023-05-30 04:52:04,42,B+R,0,False,False,False,W,-0.88,14.806,179000
2023-05-30 04:52:21,62,B+R,1,False,False,False,W,-0.88,14.8389,179000
2023-05-30 04:52:41,73,B+1.5,5,True,True,False,W,-0.88,14.9242,179000
2023-05-30 04:52:53,43,W+R,0,False,False,False,B,-0.88,14.9445,179000
2023-05-30 04:53:04,42,B+R,0,False,False,False,W,-0.88,14.9094,179000
2023-05-30 04:53:12,42,B+R,0,False,False,False,W,-0.88,14.8547,179000
2023-05-30 04:53:20,43,W+R,0,False,False,False,B,-0.88,14.7912,179000
2023-05-30 04:53:33,55,W+R,0,False,False,False,B,-0.88,14.803,179000
2023-05-30 04:53:44,42,B+R,0,False,False,False,W,-0.88,14.718,179000
2023-05-30 04:54:15,108,B+2.5,20,True,True,False,W,-0.88,14.8909,179000
2023-05-30 04:54:25,43,W+R,0,False,False,False,B,-0.88,14.7492,179000
2023-05-30 04:54:37,43,W+R,0,False,False,False,B,-0.88,14.7371,179000
2023-05-30 04:54:48,42,B+R,0,False,False,False,W,-0.88,14.6609,179000
2023-05-30 04:54:59,43,W+R,0,False,False,False,B,-0.88,14.6537,179000
2023-05-30 04:55:12,42,B+R,0,False,False,False,W,-0.88,14.6735,179000
2023-05-30 04:55:25,42,B+R,0,False,False,False,W,-0.88,14.6958,179000
2023-05-30 04:55:33,42,B+R,0,False,False,False,W,-0.88,14.563,179000
2023-05-30 04:55:54,77,W+0.5,2,False,False,False,,-0.88,14.5998,179000
2023-05-30 04:56:08,42,B+R,0,False,False,False,W,-0.88,14.6146,179000
2023-05-30 04:56:38,103,W+0.5,12,True,True,False,B,-0.88,14.8315,179000
2023-05-30 04:56:50,43,W+R,0,False,False,False,B,-0.88,14.6679,179000
2023-05-30 04:57:04,43,W+R,0,False,False,False,B,-0.88,14.551,179000
2023-05-30 04:57:17,43,W+R,0,False,False,False,B,-0.88,14.5603,179000
2023-05-30 04:57:29,42,B+R,0,False,False,False,W,-0.88,14.5598,179000
2023-05-30 04:57:41,42,B+R,0,False,False,False,W,-0.88,14.376,179000
2023-05-30 04:57:52,42,B+R,0,False,False,False,W,-0.88,14.3067,179000
2023-05-30 04:58:05,43,W+R,0,False,False,False,B,-0.88,14.2855,179000
2023-05-30 04:58:19,46,B+R,0,False,False,False,W,-0.88,14.2938,179000
2023-05-30 04:58:31,42,B+R,0,False,False,False,W,-0.88,14.299,179000
2023-05-30 04:58:45,42,B+R,0,False,False,False,W,-0.88,14.326,179000
2023-05-30 04:59:08,72,B+R,0,False,False,False,W,-0.88,14.4708,179000
2023-05-30 04:59:24,52,B+R,0,False,False,False,W,-0.88,14.5047,179000
2023-05-30 04:59:38,42,B+R,0,False,False,False,W,-0.88,14.423,179000
2023-05-30 04:59:52,43,W+R,0,False,False,False,B,-0.88,14.2653,179000
2023-05-30 05:00:03,42,B+R,0,False,False,False,W,-0.88,14.2001,179000
2023-05-30 05:00:12,42,B+R,0,False,False,False,W,-0.88,14.1834,179000
2023-05-30 05:00:19,42,B+R,0,False,False,False,W,-0.88,14.1533,179000
2023-05-30 05:00:28,43,W+R,0,False,False,False,B,-0.88,14.1161,179000
2023-05-30 05:00:35,42,B+R,0,False,False,False,W,-0.88,14.0567,179000
2023-05-30 05:00:42,42,B+R,0,False,False,False,W,-0.88,13.9576,179000
2023-05-30 05:00:53,43,W+R,0,False,False,False,B,-0.88,13.9097,179000
2023-05-30 05:01:05,42,B+R,0,False,False,False,W,-0.88,13.9219,179000
2023-05-30 05:01:16,42,B+R,0,False,False,False,W,-0.88,13.8676,179000
2023-05-30 05:01:28,43,W+R,0,False,False,False,B,-0.88,13.7404,179000
2023-05-30 05:01:39,43,W+R,0,False,False,False,B,-0.88,13.7289,179000
2023-05-30 05:01:49,42,B+R,0,False,False,False,W,-0.88,13.568,179000
2023-05-30 05:02:00,42,B+R,0,False,False,False,W,-0.88,13.5595,179000
2023-05-30 05:03:18,42,B+R,0,False,False,False,W,-0.88,13.4965,180000
2023-05-30 05:03:29,42,B+R,0,False,False,False,W,-0.88,13.4989,180000
2023-05-30 05:03:42,42,B+R,0,False,False,False,W,-0.88,13.5117,180000
2023-05-30 05:03:54,43,W+R,0,False,False,False,B,-0.88,13.5162,180000
2023-05-30 05:04:06,42,B+R,0,False,False,False,W,-0.88,13.5124,180000
2023-05-30 05:04:16,43,W+R,0,False,False,False,B,-0.88,13.4864,180000
2023-05-30 05:04:29,43,W+R,0,False,False,False,B,-0.88,13.4998,180000
2023-05-30 05:04:41,43,W+R,0,False,False,False,B,-0.88,13.4824,180000
2023-05-30 05:04:57,65,W+R,4,False,False,False,B,-0.88,13.5133,180000
2023-05-30 05:05:09,42,B+R,0,False,False,False,W,-0.88,13.5207,180000
2023-05-30 05:05:19,43,W+R,0,False,False,False,B,-0.88,13.499,180000
2023-05-30 05:05:30,42,B+R,0,False,False,False,W,-0.88,13.4846,180000
2023-05-30 05:05:45,71,B+0.5,3,True,True,True,B,-0.88,13.4995,180000
2023-05-30 05:05:58,43,W+R,0,False,False,False,B,-0.88,13.3474,180000
2023-05-30 05:06:10,43,W+R,0,False,False,False,B,-0.88,13.3619,180000
2023-05-30 05:06:37,72,B+1.5,3,True,True,False,W,-0.88,13.3087,180000
2023-05-30 05:06:49,42,B+R,0,False,False,False,W,-0.88,13.2928,180000
2023-05-30 05:07:02,47,W+R,0,False,False,False,B,-0.88,13.3376,180000
2023-05-30 05:07:24,88,B+1.5,13,True,True,False,W,-0.88,13.4245,180000
2023-05-30 05:07:36,42,B+R,0,False,False,False,W,-0.88,13.4126,180000
2023-05-30 05:07:48,42,B+R,0,False,False,False,W,-0.88,13.4289,180000
2023-05-30 05:08:00,42,B+R,0,False,False,False,W,-0.88,13.4342,180000
2023-05-30 05:08:11,42,B+R,0,False,False,False,W,-0.88,13.3586,180000
2023-05-30 05:08:29,59,W+R,0,False,False,False,B,-0.88,13.4323,180000
2023-05-30 05:08:40,42,B+R,0,False,False,False,W,-0.88,13.4241,180000
2023-05-30 05:08:52,42,B+R,6,False,False,False,W,-0.88,13.1668,180000
2023-05-30 05:09:04,42,B+R,0,False,False,False,W,-0.88,13.1725,180000
2023-05-30 05:09:28,76,B+R,2,False,False,False,W,-0.88,13.3038,180000
2023-05-30 05:09:41,42,B+R,0,False,False,False,W,-0.88,13.1538,180000
2023-05-30 05:09:53,43,W+R,0,False,False,False,B,-0.88,13.1669,180000
2023-05-30 05:10:06,59,W+R,0,False,False,False,B,-0.88,13.2007,180000
2023-05-30 05:10:20,65,B+6.5,8,True,True,False,W,-0.88,13.2184,180000
2023-05-30 05:10:43,72,B+R,0,False,False,False,W,-0.88,13.3067,180000
2023-05-30 05:11:17,162,W+8.5,26,True,True,False,B,-0.88,13.5393,180000
2023-05-30 05:11:30,42,B+R,0,False,False,False,W,-0.88,13.5574,180000
2023-05-30 05:11:44,53,W+R,0,False,False,False,B,-0.88,13.5901,180000
2023-05-30 05:11:56,42,B+R,0,False,False,False,W,-0.88,13.5899,180000
2023-05-30 05:12:06,42,B+R,0,False,False,False,W,-0.88,13.6039,180000
2023-05-30 05:12:17,42,B+R,0,False,False,False,W,-0.88,13.5948,180000
2023-05-30 05:12:42,111,W+2.5,20,True,True,False,B,-0.88,13.7004,180000
2023-05-30 05:12:54,42,B+R,0,False,False,False,W,-0.88,13.5069,180000
2023-05-30 05:13:06,43,W+R,2,False,False,False,B,-0.88,13.3863,180000
2023-05-30 05:14:18,31,B+6.5,4,False,False,False,,-0.88,13.4067,181000
2023-05-30 05:14:37,61,W+R,0,False,False,False,B,-0.88,13.4584,181000
2023-05-30 05:14:49,42,B+R,0,False,False,False,W,-0.88,13.4712,181000
2023-05-30 05:15:00,43,W+R,0,False,False,False,B,-0.88,13.5036,181000
2023-05-30 05:15:14,50,B+R,0,False,False,False,W,-0.88,13.5401,181000
2023-05-30 05:15:26,42,B+R,4,False,False,False,W,-0.88,13.5344,181000
2023-05-30 05:15:36,42,B+R,0,False,False,False,W,-0.88,13.5008,181000
2023-05-30 05:15:50,49,B+1.5,6,False,False,False,,-0.88,13.5076,181000
2023-05-30 05:16:02,42,B+R,0,False,False,False,W,-0.88,13.5454,181000
2023-05-30 05:16:24,73,W+R,0,False,False,False,B,-0.88,13.6386,181000
2023-05-30 05:16:44,66,B+R,0,False,False,False,W,-0.88,13.6691,181000
2023-05-30 05:16:57,42,B+R,1,False,False,False,W,-0.88,13.5965,181000
2023-05-30 05:17:09,42,B+R,0,False,False,False,W,-0.88,13.5973,181000
2023-05-30 05:17:22,42,B+R,0,False,False,False,W,-0.88,13.6216,181000
2023-05-30 05:17:34,42,B+R,0,False,False,False,W,-0.88,13.6582,181000
2023-05-30 05:17:46,43,W+R,1,False,False,False,B,-0.88,13.7038,181000
2023-05-30 05:17:57,42,B+R,0,False,False,False,W,-0.88,13.6864,181000
2023-05-30 05:18:10,42,B+R,0,False,False,False,W,-0.88,13.7014,181000
2023-05-30 05:18:27,52,B+R,0,False,False,False,W,-0.88,13.5555,181000
2023-05-30 05:18:39,42,B+R,1,False,False,False,W,-0.88,13.5759,181000
2023-05-30 05:18:50,43,W+R,0,False,False,False,B,-0.88,13.5804,181000
2023-05-30 05:19:02,42,B+R,2,False,False,False,W,-0.88,13.5808,181000
2023-05-30 05:19:13,44,B+R,0,False,False,False,W,-0.88,13.5833,181000
2023-05-30 05:19:25,42,B+R,0,False,False,False,W,-0.88,13.5731,181000
2023-05-30 05:19:37,43,W+R,0,False,False,False,B,-0.88,13.5653,181000
2023-05-30 05:19:49,43,W+R,0,False,False,False,B,-0.88,13.6017,181000
2023-05-30 05:20:02,43,W+R,0,False,False,False,B,-0.88,13.5199,181000
2023-05-30 05:20:15,42,B+R,0,False,False,False,W,-0.88,13.5135,181000
2023-05-30 05:20:26,43,W+R,0,False,False,False,B,-0.88,13.3201,181000
2023-05-30 05:20:43,59,W+R,0,False,False,False,B,-0.88,13.379,181000
2023-05-30 05:20:56,42,B+R,0,False,False,False,W,-0.88,13.3643,181000
2023-05-30 05:21:11,51,W+R,0,False,False,False,B,-0.88,13.3862,181000
2023-05-30 05:21:23,42,B+R,0,False,False,False,W,-0.88,13.3923,181000
2023-05-30 05:21:35,42,B+R,0,False,False,False,W,-0.88,13.3907,181000
2023-05-30 05:21:47,42,B+R,0,False,False,False,W,-0.88,13.39,181000
2023-05-30 05:22:00,44,B+R,0,False,False,False,W,-0.88,13.3888,181000
2023-05-30 05:22:11,42,B+R,6,False,False,False,W,-0.88,13.362,181000
2023-05-30 05:22:24,45,W+R,0,False,False,False,B,-0.88,13.3723,181000
2023-05-30 05:22:36,42,B+R,0,False,False,False,W,-0.88,13.3533,181000
2023-05-30 05:22:48,43,W+R,0,False,False,False,B,-0.88,13.2405,181000
2023-05-30 05:22:59,42,B+R,0,False,False,False,W,-0.88,13.1928,181000
2023-05-30 05:23:12,45,W+R,0,False,False,False,B,-0.88,13.1866,181000
2023-05-30 05:23:30,55,W+R,0,False,False,False,B,-0.88,13.2306,181000
2023-05-30 05:23:41,42,B+R,2,False,False,False,W,-0.88,13.2286,181000
2023-05-30 05:23:52,42,B+R,0,False,False,False,W,-0.88,13.244,181000
2023-05-30 05:24:02,42,B+R,0,False,False,False,W,-0.88,13.2738,181000
2023-05-30 05:24:12,43,W+R,0,False,False,False,B,-0.88,13.2887,181000
2023-05-30 05:25:45,111,W+5.5,18,True,True,False,B,-0.88,13.5607,182000
2023-05-30 05:26:14,101,B+3.5,13,True,True,False,W,-0.88,13.7458,182000
2023-05-30 05:26:26,42,B+R,0,False,False,False,W,-0.88,13.7479,182000
2023-05-30 05:26:40,42,B+R,0,False,False,False,W,-0.88,13.7725,182000
2023-05-30 05:26:51,42,B+R,0,False,False,False,W,-0.88,13.762,182000
2023-05-30 05:27:01,42,B+R,2,False,False,False,W,-0.88,13.7538,182000
2023-05-30 05:27:14,42,B+R,0,False,False,False,W,-0.88,13.7823,182000
2023-05-30 05:27:27,42,B+R,0,False,False,False,W,-0.88,13.8042,182000
2023-05-30 05:27:55,93,B+2.5,7,True,True,False,W,-0.88,13.8806,182000
2023-05-30 05:28:07,42,B+R,0,False,False,False,W,-0.88,13.8712,182000
2023-05-30 05:28:24,58,B+R,0,False,False,False,W,-0.88,13.9282,182000
2023-05-30 05:28:49,98,B+21.5,18,True,True,False,W,-0.88,14.0491,182000
2023-05-30 05:29:00,42,B+R,0,False,False,False,W,-0.88,14.0402,182000
2023-05-30 05:29:11,43,W+R,0,False,False,False,B,-0.88,14.0343,182000
2023-05-30 05:29:34,72,B+R,0,False,False,False,W,-0.88,14.1655,182000
2023-05-30 05:29:46,43,W+R,2,False,False,False,B,-0.88,14.1548,182000
2023-05-30 05:29:55,42,B+R,0,False,False,False,W,-0.88,14.1172,182000
2023-05-30 05:30:04,43,W+R,0,False,False,False,B,-0.88,14.0476,182000
2023-05-30 05:30:17,42,B+R,0,False,False,False,W,-0.88,14.0644,182000
2023-05-30 05:30:36,56,B+R,0,False,False,False,W,-0.88,14.1479,182000
2023-05-30 05:30:48,43,W+R,0,False,False,False,B,-0.88,14.1634,182000
2023-05-30 05:31:05,58,B+R,0,False,False,False,W,-0.88,14.1831,182000
2023-05-30 05:31:18,43,W+R,0,False,False,False,B,-0.88,14.1852,182000
2023-05-30 05:31:30,42,B+R,0,False,False,False,W,-0.88,14.178,182000
2023-05-30 05:31:46,60,B+R,0,False,False,False,W,-0.88,14.0735,182000
2023-05-30 05:32:00,45,W+R,0,False,False,False,B,-0.88,14.0964,182000
2023-05-30 05:32:21,68,B+R,0,False,False,False,W,-0.88,14.1687,182000
2023-05-30 05:32:32,42,B+R,0,False,False,False,W,-0.88,14.0578,182000
2023-05-30 05:32:44,43,W+R,0,False,False,False,B,-0.88,14.0638,182000
2023-05-30 05:33:03,64,B+R,0,False,False,False,W,-0.88,14.1323,182000
2023-05-30 05:33:15,42,B+R,0,False,False,False,W,-0.88,14.1346,182000
2023-05-30 05:33:46,125,B+3.5,19,True,True,True,B,-0.88,14.3364,182000
2023-05-30 05:33:59,43,W+R,0,False,False,False,B,-0.88,14.2852,182000
2023-05-30 05:34:11,42,B+R,0,False,False,False,W,-0.88,14.2926,182000
2023-05-30 05:34:24,44,B+R,0,False,False,False,W,-0.88,14.2993,182000
2023-05-30 05:34:36,43,W+R,0,False,False,False,B,-0.88,14.2978,182000
2023-05-30 05:34:47,43,W+R,0,False,False,False,B,-0.88,14.1659,182000
2023-05-30 05:34:59,42,B+R,0,False,False,False,W,-0.88,14.1622,182000
2023-05-30 05:35:11,43,W+R,0,False,False,False,B,-0.88,14.1643,182000
2023-05-30 05:35:21,42,B+R,0,False,False,False,W,-0.88,14.1381,182000
2023-05-30 05:36:49,42,B+R,0,False,False,False,W,-0.88,14.1061,183000
2023-05-30 05:37:01,43,W+R,0,False,False,False,B,-0.88,13.8891,183000
2023-05-30 05:37:14,42,B+R,0,False,False,False,W,-0.88,13.8839,183000
2023-05-30 05:37:30,69,B+1.5,5,True,True,False,W,-0.88,13.9004,183000
2023-05-30 05:37:48,79,B+7.5,18,True,True,False,W,-0.88,13.9687,183000
2023-05-30 05:38:11,86,B+12.5,5,True,True,False,W,-0.88,14.0892,183000
2023-05-30 05:38:22,43,W+R,0,False,False,False,B,-0.88,14.1013,183000
2023-05-30 05:38:35,42,B+R,0,False,False,False,W,-0.88,13.9733,183000
2023-05-30 05:38:47,42,B+R,0,False,False,False,W,-0.88,13.9746,183000
2023-05-30 05:38:59,43,W+R,0,False,False,False,B,-0.88,13.9773,183000
2023-05-30 05:39:18,65,W+R,0,False,False,False,B,-0.88,14.0312,183000
2023-05-30 05:39:50,162,W+0.5,37,True,True,True,W,-0.88,14.2654,183000
2023-05-30 05:40:02,43,W+R,0,False,False,False,B,-0.88,14.1981,183000
2023-05-30 05:40:15,43,W+R,0,False,False,False,B,-0.88,14.2065,183000
2023-05-30 05:40:26,43,W+R,2,False,False,False,B,-0.88,14.2111,183000
2023-05-30 05:40:43,56,B+R,0,False,False,False,W,-0.88,14.2392,183000
2023-05-30 05:40:56,43,W+R,1,False,False,False,B,-0.88,14.2558,183000
2023-05-30 05:41:15,59,W+R,0,False,False,False,B,-0.88,14.331,183000
2023-05-30 05:41:27,43,W+R,1,False,False,False,B,-0.88,14.3234,183000
2023-05-30 05:41:41,42,B+R,0,False,False,False,W,-0.88,14.3396,183000
2023-05-30 05:42:11,162,W+6.5,45,True,True,False,B,-0.88,14.4179,183000
2023-05-30 05:42:23,42,B+R,0,False,False,False,W,-0.88,14.3394,183000
2023-05-30 05:42:44,65,W+R,0,False,False,False,B,-0.88,14.4241,183000
2023-05-30 05:42:56,42,B+R,1,False,False,False,W,-0.88,14.425,183000
2023-05-30 05:43:07,42,B+R,3,False,False,False,W,-0.88,14.4032,183000
2023-05-30 05:43:27,57,W+R,0,False,False,False,B,-0.88,14.4832,183000
2023-05-30 05:43:37,43,W+R,0,False,False,False,B,-0.88,14.4655,183000
2023-05-30 05:44:08,124,W+3.5,19,True,True,False,B,-0.88,14.6568,183000
2023-05-30 05:44:20,42,B+R,0,False,False,False,W,-0.88,14.6576,183000
2023-05-30 05:44:32,42,B+R,0,False,False,False,W,-0.88,14.6042,183000
2023-05-30 05:44:49,55,W+R,0,False,False,False,B,-0.88,14.657,183000
2023-05-30 05:45:08,76,W+8.5,7,True,True,False,B,-0.88,14.7253,183000
2023-05-30 05:45:19,43,W+R,2,False,False,False,B,-0.88,14.7252,183000
2023-05-30 05:45:31,42,B+R,0,False,False,False,W,-0.88,14.7262,183000
2023-05-30 05:45:43,42,B+R,0,False,False,False,W,-0.88,14.7282,183000
2023-05-30 05:45:54,43,W+R,0,False,False,False,B,-0.88,14.7219,183000
2023-05-30 05:46:22,116,W+5.5,19,True,True,False,B,-0.88,14.883,183000
2023-05-30 05:46:51,102,W+0.5,17,True,True,False,B,-0.88,15.0385,183000
2023-05-30 05:48:20,95,W+R,5,False,False,False,B,-0.88,15.2287,184000
2023-05-30 05:48:40,80,W+9.5,6,True,True,False,B,-0.88,15.2573,184000
2023-05-30 05:48:50,43,W+R,0,False,False,False,B,-0.88,15.227,184000
2023-05-30 05:49:01,43,W+R,1,False,False,False,B,-0.88,15.1906,184000
2023-05-30 05:49:13,42,B+R,0,False,False,False,W,-0.88,15.1935,184000
2023-05-30 05:49:26,43,W+R,1,False,False,False,B,-0.88,15.2046,184000
2023-05-30 05:49:51,75,W+R,5,False,False,False,B,-0.88,15.3398,184000
2023-05-30 05:50:02,43,W+R,0,False,False,False,B,-0.88,15.3194,184000
2023-05-30 05:50:11,42,B+R,2,False,False,False,W,-0.88,15.291,184000
2023-05-30 05:50:25,51,B+11.5,4,True,True,False,W,-0.88,15.308,184000
2023-05-30 05:50:47,97,W+4.5,11,True,True,False,B,-0.88,15.404,184000
2023-05-30 05:51:05,55,W+R,0,False,False,False,B,-0.88,15.4672,184000
2023-05-30 05:51:15,42,B+R,0,False,False,False,W,-0.88,15.4573,184000
2023-05-30 05:51:25,42,B+R,0,False,False,False,W,-0.88,15.4249,184000
2023-05-30 05:51:45,62,B+R,0,False,False,False,W,-0.88,15.4427,184000
2023-05-30 05:51:57,42,B+R,0,False,False,False,W,-0.88,15.4482,184000
2023-05-30 05:52:11,43,W+R,0,False,False,False,B,-0.88,15.4826,184000
2023-05-30 05:52:22,42,B+R,0,False,False,False,W,-0.88,15.4942,184000
2023-05-30 05:52:33,42,B+R,0,False,False,False,W,-0.88,15.5039,184000
2023-05-30 05:52:46,42,B+R,0,False,False,False,W,-0.88,15.5222,184000
2023-05-30 05:52:55,43,W+R,0,False,False,False,B,-0.88,15.3086,184000
2023-05-30 05:53:08,42,B+R,0,False,False,False,W,-0.88,15.1417,184000
2023-05-30 05:53:21,43,W+R,0,False,False,False,B,-0.88,15.1465,184000
2023-05-30 05:53:32,42,B+R,0,False,False,False,W,-0.88,15.1272,184000
2023-05-30 05:53:44,44,B+R,0,False,False,False,W,-0.88,15.1327,184000
2023-05-30 05:53:58,53,W+R,0,False,False,False,B,-0.88,15.1682,184000
2023-05-30 05:54:08,42,B+R,4,False,False,False,W,-0.88,15.1511,184000
2023-05-30 05:54:19,42,B+R,0,False,False,False,W,-0.88,15.1254,184000
2023-05-30 05:54:32,42,B+R,0,False,False,False,W,-0.88,14.9693,184000
2023-05-30 05:54:52,63,W+R,0,False,False,False,B,-0.88,15.0608,184000
2023-05-30 05:55:05,43,W+R,0,False,False,False,B,-0.88,15.0191,184000
2023-05-30 05:55:17,42,B+R,0,False,False,False,W,-0.88,14.8921,184000
2023-05-30 05:55:29,42,B+R,0,False,False,False,W,-0.88,14.8987,184000
2023-05-30 05:55:47,58,B+R,0,False,False,False,W,-0.88,14.9698,184000
2023-05-30 05:55:58,43,W+R,0,False,False,False,B,-0.88,14.8497,184000
2023-05-30 05:56:13,42,B+R,0,False,False,False,W,-0.88,14.8704,184000
2023-05-30 05:56:33,68,B+R,0,False,False,False,W,-0.88,14.9822,184000
2023-05-30 05:56:43,43,W+R,0,False,False,False,B,-0.88,14.9998,184000
2023-05-30 05:56:56,42,B+R,0,False,False,False,W,-0.88,14.9966,184000
2023-05-30 05:57:13,63,W+R,0,False,False,False,B,-0.88,14.9785,184000
2023-05-30 05:57:39,89,W+R,12,False,False,False,B,-0.88,15.1108,184000
2023-05-30 05:57:52,42,B+R,0,False,False,False,W,-0.88,15.0721,184000
2023-05-30 05:58:03,42,B+R,0,False,False,False,W,-0.88,15.0513,184000
2023-05-30 05:58:15,42,B+R,0,False,False,False,W,-0.88,15.0525,184000
2023-05-30 05:59:31,49,W+R,0,False,False,False,B,-0.88,15.0014,185000
2023-05-30 05:59:56,74,B+R,0,False,False,False,W,-0.88,15.0425,185000
2023-05-30 06:00:20,86,B+9.5,5,True,True,False,W,-0.88,15.1693,185000
2023-05-30 06:00:34,48,B+R,0,False,False,False,W,-0.88,15.1918,185000
2023-05-30 06:00:45,43,W+R,0,False,False,False,B,-0.88,15.1091,185000
2023-05-30 06:00:57,43,W+R,0,False,False,False,B,-0.88,15.1091,185000
2023-05-30 06:01:10,50,B+R,0,False,False,False,W,-0.88,14.9284,185000
2023-05-30 06:01:22,42,B+R,0,False,False,False,W,-0.88,14.9236,185000
2023-05-30 06:01:33,42,B+R,0,False,False,False,W,-0.88,14.9091,185000
2023-05-30 06:01:46,43,W+R,0,False,False,False,B,-0.88,14.9107,185000
2023-05-30 06:02:05,63,W+R,0,False,False,False,B,-0.88,14.985,185000
2023-05-30 06:02:18,43,W+R,0,False,False,False,B,-0.88,15.0042,185000
2023-05-30 06:02:30,42,B+R,0,False,False,False,W,-0.88,14.9982,185000
2023-05-30 06:02:42,43,W+R,0,False,False,False,B,-0.88,14.9962,185000
2023-05-30 06:02:55,42,B+R,0,False,False,False,W,-0.88,15.0271,185000
2023-05-30 06:03:07,42,B+R,0,False,False,False,W,-0.88,14.9049,185000
2023-05-30 06:03:25,56,B+R,0,False,False,False,W,-0.88,14.9779,185000
2023-05-30 06:03:37,43,W+R,0,False,False,False,B,-0.88,14.9862,185000
2023-05-30 06:03:58,70,B+R,0,False,False,False,W,-0.88,15.0655,185000
2023-05-30 06:04:09,43,W+R,0,False,False,False,B,-0.88,15.0175,185000
2023-05-30 06:04:17,43,W+R,0,False,False,False,B,-0.88,14.919,185000
2023-05-30 06:04:29,65,B+1.5,3,True,True,False,W,-0.88,14.8089,185000
2023-05-30 06:04:42,43,W+R,0,False,False,False,B,-0.88,14.8238,185000
2023-05-30 06:04:53,42,B+R,0,False,False,False,W,-0.88,14.8035,185000
2023-05-30 06:05:05,42,B+R,0,False,False,False,W,-0.88,14.8111,185000
2023-05-30 06:05:17,42,B+R,0,False,False,False,W,-0.88,14.8067,185000
2023-05-30 06:05:33,55,W+R,0,False,False,False,B,-0.88,14.7748,185000
2023-05-30 06:05:48,71,B+2.5,4,True,True,False,W,-0.88,14.6064,185000
2023-05-30 06:06:02,51,W+R,0,False,False,False,B,-0.88,14.6299,185000
2023-05-30 06:06:15,42,B+R,0,False,False,False,W,-0.88,14.6276,185000
2023-05-30 06:06:35,82,B+2.5,8,True,True,False,W,-0.88,14.7193,185000
2023-05-30 06:07:02,102,B+0.5,10,True,True,False,W,-0.88,14.8123,185000
2023-05-30 06:07:13,42,B+R,0,False,False,False,W,-0.88,14.7948,185000
2023-05-30 06:07:36,92,W+6.5,12,True,True,False,B,-0.88,14.8392,185000
2023-05-30 06:07:48,42,B+R,0,False,False,False,W,-0.88,14.8358,185000
2023-05-30 06:08:01,42,B+R,0,False,False,False,W,-0.88,14.8249,185000
2023-05-30 06:08:18,58,B+R,0,False,False,False,W,-0.88,14.696,185000
2023-05-30 06:08:29,42,B+R,0,False,False,False,W,-0.88,14.6848,185000
2023-05-30 06:08:41,42,B+R,0,False,False,False,W,-0.88,14.5925,185000
2023-05-30 06:08:52,42,B+R,0,False,False,False,W,-0.88,14.5839,185000
2023-05-30 06:09:04,42,B+R,0,False,False,False,W,-0.88,14.5914,185000
2023-05-30 06:09:15,42,B+R,0,False,False,False,W,-0.88,14.505,185000
2023-05-30 06:09:36,79,B+4.5,2,True,True,False,W,-0.88,14.6094,185000
2023-05-30 06:10:57,43,W+R,0,False,False,False,B,-0.88,14.5424,186000
2023-05-30 06:11:10,42,B+R,0,False,False,False,W,-0.88,14.5526,186000
2023-05-30 06:11:22,42,B+R,0,False,False,False,W,-0.88,14.5034,186000
2023-05-30 06:11:34,42,B+R,0,False,False,False,W,-0.88,14.4331,186000
2023-05-30 06:11:44,42,B+R,2,False,False,False,W,-0.88,14.4218,186000
2023-05-30 06:12:01,59,W+R,0,False,False,False,B,-0.88,14.4726,186000
2023-05-30 06:12:12,43,W+R,0,False,False,False,B,-0.88,14.4674,186000
2023-05-30 06:12:25,43,W+R,0,False,False,False,B,-0.88,14.4828,186000
2023-05-30 06:12:52,107,B+5.5,12,True,True,False,W,-0.88,14.4698,186000
2023-05-30 06:13:10,72,B+1.5,6,True,True,False,W,-0.88,14.3642,186000
2023-05-30 06:13:22,43,W+R,0,False,False,False,B,-0.88,14.3752,186000
2023-05-30 06:13:38,55,W+R,0,False,False,False,B,-0.88,14.2168,186000
2023-05-30 06:13:49,42,B+R,0,False,False,False,W,-0.88,14.1165,186000
2023-05-30 06:13:58,43,W+R,0,False,False,False,B,-0.88,14.1109,186000
2023-05-30 06:14:22,98,B+8.5,9,True,True,False,W,-0.88,14.2417,186000
2023-05-30 06:14:35,42,B+R,0,False,False,False,W,-0.88,14.2436,186000
2023-05-30 06:15:06,162,W+7.5,29,True,True,False,B,-0.88,14.4203,186000
2023-05-30 06:15:34,93,B+1.5,5,True,True,False,W,-0.88,14.4569,186000
2023-05-30 06:15:47,42,B+R,0,False,False,False,W,-0.88,14.4735,186000
2023-05-30 06:16:00,43,W+R,0,False,False,False,B,-0.88,14.5186,186000
2023-05-30 06:16:12,43,W+R,0,False,False,False,B,-0.88,14.5033,186000
2023-05-30 06:16:24,42,B+R,0,False,False,False,W,-0.88,14.4062,186000
2023-05-30 06:16:41,66,B+7.5,3,True,True,False,W,-0.88,14.3857,186000
2023-05-30 06:16:54,43,W+R,0,False,False,False,B,-0.88,14.4152,186000
2023-05-30 06:17:06,42,B+R,0,False,False,False,W,-0.88,14.4394,186000
2023-05-30 06:17:18,42,B+R,0,False,False,False,W,-0.88,14.3543,186000
2023-05-30 06:17:34,71,B+7.5,6,True,True,False,W,-0.88,14.3963,186000
2023-05-30 06:17:47,43,W+R,0,False,False,False,B,-0.88,14.3838,186000
2023-05-30 06:18:00,44,B+R,0,False,False,False,W,-0.88,14.4101,186000
2023-05-30 06:18:15,50,B+R,0,False,False,False,W,-0.88,14.4461,186000
2023-05-30 06:18:31,52,B+R,0,False,False,False,W,-0.88,14.483,186000
2023-05-30 06:18:43,42,B+R,0,False,False,False,W,-0.88,14.5129,186000
2023-05-30 06:18:56,42,B+R,0,False,False,False,W,-0.88,14.5121,186000
2023-05-30 06:19:10,42,B+R,0,False,False,False,W,-0.88,14.5198,186000
2023-05-30 06:19:21,42,B+R,0,False,False,False,W,-0.88,14.5112,186000
2023-05-30 06:19:33,43,W+R,0,False,False,False,B,-0.88,14.5179,186000
2023-05-30 06:19:45,42,B+R,0,False,False,False,W,-0.88,14.4979,186000
2023-05-30 06:19:53,42,B+R,0,False,False,False,W,-0.88,14.4804,186000
2023-05-30 06:20:12,67,W+R,0,False,False,False,B,-0.88,14.5555,186000
2023-05-30 06:20:21,43,W+R,0,False,False,False,B,-0.88,14.5223,186000
2023-05-30 06:20:33,43,W+R,0,False,False,False,B,-0.88,14.4372,186000
2023-05-30 06:20:45,42,B+R,0,False,False,False,W,-0.88,14.4248,186000
2023-05-30 06:22:06,42,B+R,0,False,False,False,W,-0.88,14.5242,187000
2023-05-30 06:22:15,43,W+R,0,False,False,False,B,-0.88,14.4376,187000
2023-05-30 06:22:26,42,B+R,0,False,False,False,W,-0.88,14.4354,187000
2023-05-30 06:22:46,65,W+R,2,False,False,False,B,-0.88,14.4931,187000
2023-05-30 06:22:59,44,B+R,0,False,False,False,W,-0.88,14.422,187000
2023-05-30 06:23:31,115,W+3.5,21,True,True,False,B,-0.88,14.6318,187000
2023-05-30 06:23:44,43,W+R,0,False,False,False,B,-0.88,14.6347,187000
2023-05-30 06:24:06,77,W+8.5,7,True,True,False,B,-0.88,14.6804,187000
2023-05-30 06:24:20,42,B+R,0,False,False,False,W,-0.88,14.5692,187000
2023-05-30 06:24:41,67,W+R,0,False,False,False,B,-0.88,14.6503,187000
2023-05-30 06:24:51,43,W+R,0,False,False,False,B,-0.88,14.6403,187000
2023-05-30 06:25:03,43,W+R,0,False,False,False,B,-0.88,14.6431,187000
2023-05-30 06:25:14,42,B+R,1,False,False,False,W,-0.88,14.6378,187000
2023-05-30 06:25:27,42,B+R,0,False,False,False,W,-0.88,14.6263,187000
2023-05-30 06:25:52,74,W+0.5,4,True,True,False,B,-0.88,14.6285,187000
2023-05-30 06:26:03,42,B+R,0,False,False,False,W,-0.88,14.5071,187000
2023-05-30 06:26:18,48,B+R,0,False,False,False,W,-0.88,14.5144,187000
2023-05-30 06:26:29,38,W+0.5,2,True,False,False,,-0.88,14.5166,187000
2023-05-30 06:26:42,43,W+R,0,False,False,False,B,-0.88,14.5208,187000
2023-05-30 06:26:54,43,W+R,0,False,False,False,B,-0.88,14.511,187000
2023-05-30 06:27:05,43,W+R,1,False,False,False,B,-0.88,14.5001,187000
2023-05-30 06:27:15,43,W+R,0,False,False,False,B,-0.88,14.4953,187000
2023-05-30 06:27:29,49,W+R,0,False,False,False,B,-0.88,14.5066,187000
2023-05-30 06:27:38,43,W+R,0,False,False,False,B,-0.88,14.4019,187000
2023-05-30 06:27:48,43,W+R,0,False,False,False,B,-0.88,14.3736,187000
2023-05-30 06:28:00,42,B+R,0,False,False,False,W,-0.88,14.3704,187000
2023-05-30 06:28:17,60,B+R,0,False,False,False,W,-0.88,14.4184,187000
2023-05-30 06:28:28,37,B+2.5,2,False,False,False,,-0.88,14.4047,187000
2023-05-30 06:28:40,43,W+R,0,False,False,False,B,-0.88,14.4011,187000
2023-05-30 06:29:06,77,W+R,0,False,False,False,B,-0.88,14.4897,187000
2023-05-30 06:29:20,43,W+R,0,False,False,False,B,-0.88,14.5011,187000
2023-05-30 06:29:35,54,B+R,0,False,False,False,W,-0.88,14.4481,187000
2023-05-30 06:30:05,134,W+6.5,24,True,True,False,B,-0.88,14.6311,187000
2023-05-30 06:30:15,43,W+R,0,False,False,False,B,-0.88,14.6492,187000
2023-05-30 06:30:27,42,B+R,0,False,False,False,W,-0.88,14.6592,187000
2023-05-30 06:30:52,73,W+R,3,False,False,False,B,-0.88,14.7745,187000
2023-05-30 06:31:02,43,W+R,0,False,False,False,B,-0.88,14.7598,187000
2023-05-30 06:31:09,42,B+R,0,False,False,False,W,-0.88,14.7103,187000
2023-05-30 06:31:16,42,B+R,0,False,False,False,W,-0.88,14.6666,187000
2023-05-30 06:31:25,42,B+R,0,False,False,False,W,-0.88,14.5925,187000
2023-05-30 06:31:37,43,W+R,0,False,False,False,B,-0.88,14.5632,187000
2023-05-30 06:31:46,42,B+R,0,False,False,False,W,-0.88,14.5127,187000
2023-05-30 06:31:57,43,W+R,0,False,False,False,B,-0.88,14.4968,187000
2023-05-30 06:32:07,43,W+R,0,False,False,False,B,-0.88,14.3959,187000
2023-05-30 06:32:22,47,W+R,0,False,False,False,B,-0.88,14.2755,187000
2023-05-30 06:33:38,42,B+R,0,False,False,False,W,-0.88,14.179,188000
2023-05-30 06:33:49,43,W+R,0,False,False,False,B,-0.88,14.1771,188000
2023-05-30 06:34:01,42,B+R,0,False,False,False,W,-0.88,14.1636,188000
2023-05-30 06:34:12,42,B+R,0,False,False,False,W,-0.88,14.1014,188000
2023-05-30 06:34:36,74,B+R,0,False,False,False,W,-0.88,14.2318,188000
2023-05-30 06:34:48,42,B+R,0,False,False,False,W,-0.88,14.2379,188000
2023-05-30 06:35:01,43,W+R,0,False,False,False,B,-0.88,14.25,188000
2023-05-30 06:35:12,43,W+R,0,False,False,False,B,-0.88,14.2431,188000
2023-05-30 06:35:24,42,B+R,0,False,False,False,W,-0.88,14.2533,188000
2023-05-30 06:35:36,43,W+R,1,False,False,False,B,-0.88,14.1628,188000
2023-05-30 06:35:53,58,B+R,0,False,False,False,W,-0.88,14.1025,188000
2023-05-30 06:36:04,42,B+R,3,False,False,False,W,-0.88,14.0866,188000
2023-05-30 06:36:16,43,W+R,1,False,False,False,B,-0.88,14.0699,188000
2023-05-30 06:36:29,43,W+R,0,False,False,False,B,-0.88,14.0787,188000
2023-05-30 06:36:44,54,B+R,0,False,False,False,W,-0.88,14.121,188000
2023-05-30 06:36:57,42,B+R,1,False,False,False,W,-0.88,14.1401,188000
2023-05-30 06:37:09,42,B+R,0,False,False,False,W,-0.88,14.0969,188000
2023-05-30 06:37:22,42,B+R,0,False,False,False,W,-0.88,14.1152,188000
2023-05-30 06:37:33,42,B+R,0,False,False,False,W,-0.88,14.0993,188000
2023-05-30 06:37:45,42,B+R,0,False,False,False,W,-0.88,13.9442,188000
2023-05-30 06:37:58,42,B+R,0,False,False,False,W,-0.88,13.8906,188000
2023-05-30 06:38:08,43,W+R,0,False,False,False,B,-0.88,13.8755,188000
2023-05-30 06:38:20,42,B+R,0,False,False,False,W,-0.88,13.8338,188000
2023-05-30 06:38:33,43,W+R,0,False,False,False,B,-0.88,13.86,188000
2023-05-30 06:38:45,52,B+R,0,False,False,False,W,-0.88,13.8885,188000
2023-05-30 06:38:57,42,B+R,0,False,False,False,W,-0.88,13.7645,188000
2023-05-30 06:39:11,43,W+R,0,False,False,False,B,-0.88,13.7793,188000
2023-05-30 06:39:22,43,W+R,0,False,False,False,B,-0.88,13.5841,188000
2023-05-30 06:39:34,42,B+R,0,False,False,False,W,-0.88,13.418,188000
2023-05-30 06:39:44,42,B+R,0,False,False,False,W,-0.88,13.3907,188000
2023-05-30 06:39:57,43,W+R,0,False,False,False,B,-0.88,13.3864,188000
2023-05-30 06:40:26,82,B+R,0,False,False,False,W,-0.88,13.5482,188000
2023-05-30 06:40:39,43,W+R,0,False,False,False,B,-0.88,13.5619,188000
2023-05-30 06:40:51,42,B+R,0,False,False,False,W,-0.88,13.5173,188000
2023-05-30 06:41:06,49,W+R,0,False,False,False,B,-0.88,13.5438,188000
2023-05-30 06:41:17,42,B+R,0,False,False,False,W,-0.88,13.527,188000
2023-05-30 06:41:28,43,W+R,0,False,False,False,B,-0.88,13.5161,188000
2023-05-30 06:41:38,42,B+R,0,False,False,False,W,-0.88,13.4617,188000
2023-05-30 06:41:50,42,B+R,0,False,False,False,W,-0.88,13.4494,188000
2023-05-30 06:42:02,43,W+R,0,False,False,False,B,-0.88,13.4285,188000
2023-05-30 06:42:18,58,B+R,0,False,False,False,W,-0.88,13.4492,188000
2023-05-30 06:42:29,42,B+R,0,False,False,False,W,-0.88,13.3971,188000
2023-05-30 06:42:39,42,B+R,0,False,False,False,W,-0.88,13.3743,188000
2023-05-30 06:42:51,42,B+R,0,False,False,False,W,-0.88,13.3619,188000
2023-05-30 06:43:03,42,B+R,0,False,False,False,W,-0.88,13.3447,188000
2023-05-30 06:43:19,63,W+R,0,False,False,False,B,-0.88,13.3978,188000
2023-05-30 06:44:52,42,B+R,0,False,False,False,W,-0.88,13.5584,189000
2023-05-30 06:45:04,43,W+R,0,False,False,False,B,-0.88,13.5975,189000
2023-05-30 06:45:17,43,W+R,0,False,False,False,B,-0.88,13.535,189000
2023-05-30 06:45:29,43,W+R,2,False,False,False,B,-0.88,13.5709,189000
2023-05-30 06:45:41,45,W+R,0,False,False,False,B,-0.88,13.5693,189000
2023-05-30 06:45:52,42,B+R,0,False,False,False,W,-0.88,13.5613,189000
2023-05-30 06:46:02,43,W+R,0,False,False,False,B,-0.88,13.4308,189000
2023-05-30 06:46:15,42,B+R,0,False,False,False,W,-0.88,13.45,189000
2023-05-30 06:46:28,42,B+R,0,False,False,False,W,-0.88,13.4904,189000
2023-05-30 06:46:40,43,W+R,0,False,False,False,B,-0.88,13.4985,189000
2023-05-30 06:46:48,43,W+R,0,False,False,False,B,-0.88,13.3746,189000
2023-05-30 06:46:55,43,W+R,0,False,False,False,B,-0.88,13.3205,189000
2023-05-30 06:47:03,43,W+R,0,False,False,False,B,-0.88,13.0834,189000
2023-05-30 06:47:18,47,W+R,0,False,False,False,B,-0.88,13.1014,189000
2023-05-30 06:47:30,42,B+R,0,False,False,False,W,-0.88,13.0051,189000
2023-05-30 06:47:40,43,W+R,0,False,False,False,B,-0.88,12.9576,189000
2023-05-30 06:47:52,42,B+R,0,False,False,False,W,-0.88,12.8737,189000
2023-05-30 06:48:03,42,B+R,0,False,False,False,W,-0.88,12.8786,189000
2023-05-30 06:48:15,42,B+R,0,False,False,False,W,-0.88,12.8767,189000
2023-05-30 06:48:25,42,B+R,0,False,False,False,W,-0.88,12.8703,189000
2023-05-30 06:48:36,42,B+R,0,False,False,False,W,-0.88,12.8555,189000
2023-05-30 06:48:48,43,W+R,0,False,False,False,B,-0.88,12.723,189000
2023-05-30 06:48:59,43,W+R,0,False,False,False,B,-0.88,12.7171,189000
2023-05-30 06:49:09,42,B+R,0,False,False,False,W,-0.88,12.6727,189000
2023-05-30 06:49:20,43,W+R,0,False,False,False,B,-0.88,12.67,189000
2023-05-30 06:49:31,58,B+R,0,False,False,False,W,-0.88,12.6565,189000
2023-05-30 06:50:09,162,B+7.5,35,True,True,False,W,-0.88,12.9141,189000
2023-05-30 06:50:22,56,B+R,0,False,False,False,W,-0.88,12.9258,189000
2023-05-30 06:50:30,42,B+R,0,False,False,False,W,-0.88,12.9123,189000
2023-05-30 06:50:41,42,B+R,0,False,False,False,W,-0.88,12.8808,189000
2023-05-30 06:50:58,58,B+R,0,False,False,False,W,-0.88,12.9607,189000
2023-05-30 06:51:12,43,W+R,0,False,False,False,B,-0.88,12.9984,189000
2023-05-30 06:51:23,42,B+R,0,False,False,False,W,-0.88,12.9972,189000
2023-05-30 06:51:47,75,W+R,2,False,False,False,B,-0.88,13.0621,189000
2023-05-30 06:52:06,81,W+7.5,12,True,True,False,B,-0.88,13.1425,189000
2023-05-30 06:52:33,102,W+8.5,10,True,True,False,B,-0.88,13.2903,189000
2023-05-30 06:52:46,43,W+R,0,False,False,False,B,-0.88,13.1542,189000
2023-05-30 06:52:59,42,B+R,0,False,False,False,W,-0.88,13.1512,189000
2023-05-30 06:53:12,43,W+R,0,False,False,False,B,-0.88,13.1271,189000
2023-05-30 06:53:25,43,W+R,0,False,False,False,B,-0.88,12.9621,189000
2023-05-30 06:53:33,42,B+R,0,False,False,False,W,-0.88,12.9466,189000
2023-05-30 06:53:49,61,W+R,0,False,False,False,B,-0.88,12.9761,189000
2023-05-30 06:54:01,42,B+R,0,False,False,False,W,-0.88,12.8464,189000
2023-05-30 06:54:18,62,B+R,0,False,False,False,W,-0.88,12.9254,189000
2023-05-30 06:54:30,42,B+R,0,False,False,False,W,-0.88,12.9729,189000
2023-05-30 06:54:42,42,B+R,0,False,False,False,W,-0.88,13.0123,189000
2023-05-30 06:56:00,42,B+R,0,False,False,False,W,-0.88,13.0492,190000
2023-05-30 06:56:11,42,B+R,0,False,False,False,W,-0.88,13.0678,190000
2023-05-30 06:56:24,52,B+R,0,False,False,False,W,-0.88,13.0931,190000
2023-05-30 06:56:38,44,B+R,0,False,False,False,W,-0.88,13.1253,190000
2023-05-30 06:57:15,136,B+4.5,26,True,True,False,W,-0.88,13.3516,190000
2023-05-30 06:57:27,42,B+R,0,False,False,False,W,-0.88,13.357,190000
2023-05-30 06:57:44,68,B+R,2,False,False,False,W,-0.88,13.4014,190000
2023-05-30 06:57:56,42,B+R,3,False,False,False,W,-0.88,13.4031,190000
2023-05-30 06:58:09,42,B+R,0,False,False,False,W,-0.88,13.4171,190000
2023-05-30 06:58:21,42,B+R,0,False,False,False,W,-0.88,13.4242,190000
2023-05-30 06:58:32,42,B+R,0,False,False,False,W,-0.88,13.3021,190000
2023-05-30 06:59:10,162,W+1.5,24,False,False,False,,-0.88,13.5503,190000
2023-05-30 06:59:23,42,B+R,0,False,False,False,W,-0.88,13.5586,190000
2023-05-30 06:59:34,42,B+R,0,False,False,False,W,-0.88,13.5556,190000
2023-05-30 06:59:50,55,W+R,0,False,False,False,B,-0.88,13.5926,190000
2023-05-30 07:00:00,42,B+R,0,False,False,False,W,-0.88,13.5792,190000
2023-05-30 07:00:12,42,B+R,0,False,False,False,W,-0.88,13.5279,190000
2023-05-30 07:00:24,42,B+R,0,False,False,False,W,-0.88,13.5285,190000
2023-05-30 07:00:37,42,B+R,0,False,False,False,W,-0.88,13.5488,190000
2023-05-30 07:00:48,43,W+R,1,False,False,False,B,-0.88,13.5289,190000
2023-05-30 07:00:59,42,B+R,0,False,False,False,W,-0.88,13.4754,190000
2023-05-30 07:01:23,90,W+21.5,10,True,True,False,B,-0.88,13.6021,190000
2023-05-30 07:01:35,42,B+R,0,False,False,False,W,-0.88,13.5961,190000
2023-05-30 07:01:48,42,B+R,0,False,False,False,W,-0.88,13.595,190000
2023-05-30 07:01:59,43,W+R,0,False,False,False,B,-0.88,13.594,190000
2023-05-30 07:02:15,63,W+R,0,False,False,False,B,-0.88,13.6392,190000
2023-05-30 07:02:30,50,B+R,0,False,False,False,W,-0.88,13.6559,190000
2023-05-30 07:02:40,42,B+R,0,False,False,False,W,-0.88,13.6539,190000
2023-05-30 07:03:08,88,B+R,1,False,False,False,W,-0.88,13.8064,190000
2023-05-30 07:03:20,42,B+R,0,False,False,False,W,-0.88,13.802,190000
2023-05-30 07:03:31,42,B+R,0,False,False,False,W,-0.88,13.7956,190000
2023-05-30 07:03:40,42,B+R,0,False,False,False,W,-0.88,13.7693,190000
2023-05-30 07:03:52,42,B+R,0,False,False,False,W,-0.88,13.7452,190000
2023-05-30 07:04:07,48,B+R,0,False,False,False,W,-0.88,13.7844,190000
2023-05-30 07:04:21,42,B+R,0,False,False,False,W,-0.88,13.796,190000
2023-05-30 07:04:36,61,B+2.5,5,False,False,False,,-0.88,13.8556,190000
2023-05-30 07:04:47,42,B+R,0,False,False,False,W,-0.88,13.8355,190000
2023-05-30 07:04:59,42,B+R,0,False,False,False,W,-0.88,13.6682,190000
2023-05-30 07:05:11,43,W+R,0,False,False,False,B,-0.88,13.6489,190000
2023-05-30 07:05:22,42,B+R,0,False,False,False,W,-0.88,13.6417,190000
2023-05-30 07:05:35,42,B+R,0,False,False,False,W,-0.88,13.6187,190000
2023-05-30 07:05:47,42,B+R,1,False,False,False,W,-0.88,13.6294,190000
2023-05-30 07:05:59,43,W+R,0,False,False,False,B,-0.88,13.6426,190000
2023-05-30 07:07:05,42,B+R,0,False,False,False,W,-0.88,13.6288,191000
2023-05-30 07:07:20,47,W+R,0,False,False,False,B,-0.88,13.6597,191000
2023-05-30 07:07:42,77,B+3.5,6,True,True,False,W,-0.88,13.71,191000
2023-05-30 07:07:53,43,W+R,0,False,False,False,B,-0.88,13.713,191000
2023-05-30 07:08:31,162,B+13.5,35,True,True,False,W,-0.88,13.9942,191000
2023-05-30 07:08:42,43,W+R,0,False,False,False,B,-0.88,13.9864,191000
2023-05-30 07:08:54,43,W+R,0,False,False,False,B,-0.88,13.9883,191000
2023-05-30 07:09:05,42,B+R,0,False,False,False,W,-0.88,13.9376,191000
2023-05-30 07:09:13,43,W+R,0,False,False,False,B,-0.88,13.7423,191000
2023-05-30 07:09:25,42,B+R,0,False,False,False,W,-0.88,13.7366,191000
2023-05-30 07:09:51,91,B+3.5,6,True,True,False,W,-0.88,13.8649,191000
2023-05-30 07:10:02,42,B+R,0,False,False,False,W,-0.88,13.8554,191000
2023-05-30 07:10:20,55,W+R,0,False,False,False,B,-0.88,13.9086,191000
2023-05-30 07:10:32,42,B+R,0,False,False,False,W,-0.88,13.9063,191000
2023-05-30 07:10:51,63,W+R,0,False,False,False,B,-0.88,13.9936,191000
2023-05-30 07:11:03,42,B+R,2,False,False,False,W,-0.88,14.0121,191000
2023-05-30 07:11:15,42,B+R,0,False,False,False,W,-0.88,14.0032,191000
2023-05-30 07:11:27,43,W+R,0,False,False,False,B,-0.88,13.9867,191000
2023-05-30 07:12:04,162,W+7.5,24,True,True,False,B,-0.88,14.241,191000
2023-05-30 07:12:22,59,W+R,0,False,False,False,B,-0.88,14.3413,191000
2023-05-30 07:12:33,42,B+R,0,False,False,False,W,-0.88,14.3786,191000
2023-05-30 07:12:41,42,B+R,0,False,False,False,W,-0.88,14.3847,191000
2023-05-30 07:12:51,42,B+R,0,False,False,False,W,-0.88,14.3311,191000
2023-05-30 07:13:03,46,B+R,0,False,False,False,W,-0.88,14.3333,191000
2023-05-30 07:13:16,42,B+R,0,False,False,False,W,-0.88,14.3569,191000
2023-05-30 07:13:36,77,B+17.5,7,True,True,False,W,-0.88,14.4369,191000
2023-05-30 07:13:48,42,B+R,0,False,False,False,W,-0.88,14.4494,191000
2023-05-30 07:13:59,43,W+R,0,False,False,False,B,-0.88,14.4391,191000
2023-05-30 07:14:10,42,B+R,0,False,False,False,W,-0.88,14.444,191000
2023-05-30 07:14:21,42,B+R,0,False,False,False,W,-0.88,14.448,191000
2023-05-30 07:14:34,51,B+5.5,11,True,True,False,W,-0.88,14.4574,191000
2023-05-30 07:14:46,43,W+R,0,False,False,False,B,-0.88,14.4748,191000
2023-05-30 07:14:57,43,W+R,0,False,False,False,B,-0.88,14.4767,191000
2023-05-30 07:15:13,45,W+R,0,False,False,False,B,-0.88,14.5233,191000
2023-05-30 07:15:23,42,B+R,0,False,False,False,W,-0.88,14.5229,191000
2023-05-30 07:15:35,42,B+R,0,False,False,False,W,-0.88,14.2571,191000
2023-05-30 07:15:47,43,W+R,0,False,False,False,B,-0.88,14.2502,191000
2023-05-30 07:15:59,43,W+R,0,False,False,False,B,-0.88,14.295,191000
2023-05-30 07:16:11,42,B+R,0,False,False,False,W,-0.88,14.2942,191000
2023-05-30 07:16:21,43,W+R,1,False,False,False,B,-0.88,14.2342,191000
2023-05-30 07:16:32,42,B+R,0,False,False,False,W,-0.88,14.2013,191000
2023-05-30 07:16:43,42,B+R,1,False,False,False,W,-0.88,14.1956,191000
2023-05-30 07:16:55,43,W+R,0,False,False,False,B,-0.88,14.0802,191000
2023-05-30 07:18:13,58,B+R,0,False,False,False,W,-0.88,13.9095,192000
2023-05-30 07:18:25,43,W+R,0,False,False,False,B,-0.88,13.9028,192000
2023-05-30 07:18:37,43,W+R,0,False,False,False,B,-0.88,13.8982,192000
2023-05-30 07:18:49,43,W+R,0,False,False,False,B,-0.88,13.8792,192000
2023-05-30 07:18:58,42,B+R,0,False,False,False,W,-0.88,13.8438,192000
2023-05-30 07:19:09,42,B+R,0,False,False,False,W,-0.88,13.8694,192000
2023-05-30 07:19:21,42,B+R,0,False,False,False,W,-0.88,13.8315,192000
2023-05-30 07:19:34,42,B+R,0,False,False,False,W,-0.88,13.8414,192000
2023-05-30 07:19:47,46,B+R,0,False,False,False,W,-0.88,13.7967,192000
2023-05-30 07:19:58,43,W+R,0,False,False,False,B,-0.88,13.7938,192000
2023-05-30 07:20:15,58,B+R,0,False,False,False,W,-0.88,13.8426,192000
2023-05-30 07:20:32,67,W+R,0,False,False,False,B,-0.88,13.8895,192000
2023-05-30 07:20:43,43,W+R,1,False,False,False,B,-0.88,13.8816,192000
2023-05-30 07:20:56,42,B+R,0,False,False,False,W,-0.88,13.9027,192000
2023-05-30 07:21:08,43,W+R,0,False,False,False,B,-0.88,13.8873,192000
2023-05-30 07:21:20,43,W+R,0,False,False,False,B,-0.88,13.8731,192000
2023-05-30 07:21:32,43,W+R,0,False,False,False,B,-0.88,13.615,192000
2023-05-30 07:21:44,42,B+R,0,False,False,False,W,-0.88,13.6209,192000
2023-05-30 07:21:56,43,W+R,2,False,False,False,B,-0.88,13.5659,192000
2023-05-30 07:22:07,43,W+R,0,False,False,False,B,-0.88,13.5548,192000
2023-05-30 07:22:25,79,B+7.5,8,True,True,False,W,-0.88,13.6098,192000
2023-05-30 07:22:38,43,W+R,0,False,False,False,B,-0.88,13.6182,192000
2023-05-30 07:22:50,42,B+R,0,False,False,False,W,-0.88,13.6206,192000
2023-05-30 07:23:01,42,B+R,0,False,False,False,W,-0.88,13.3612,192000
2023-05-30 07:23:20,62,B+R,0,False,False,False,W,-0.88,13.4216,192000
2023-05-30 07:23:31,42,B+R,0,False,False,False,W,-0.88,13.4193,192000
2023-05-30 07:23:43,43,W+R,0,False,False,False,B,-0.88,13.3773,192000
2023-05-30 07:23:50,42,B+R,0,False,False,False,W,-0.88,13.3492,192000
2023-05-30 07:24:02,42,B+R,0,False,False,False,W,-0.88,13.3462,192000
2023-05-30 07:24:13,43,W+R,0,False,False,False,B,-0.88,13.3409,192000
2023-05-30 07:24:25,42,B+R,0,False,False,False,W,-0.88,13.3297,192000
2023-05-30 07:24:38,44,B+R,0,False,False,False,W,-0.88,13.3476,192000
2023-05-30 07:24:50,43,W+R,0,False,False,False,B,-0.88,13.3632,192000
2023-05-30 07:25:02,42,B+R,0,False,False,False,W,-0.88,13.2397,192000
2023-05-30 07:25:17,46,B+R,0,False,False,False,W,-0.88,13.2681,192000
2023-05-30 07:25:30,43,W+R,0,False,False,False,B,-0.88,13.2657,192000
2023-05-30 07:25:44,44,B+R,0,False,False,False,W,-0.88,13.2976,192000
2023-05-30 07:25:56,42,B+R,0,False,False,False,W,-0.88,13.2583,192000
2023-05-30 07:26:09,43,W+R,0,False,False,False,B,-0.88,13.2406,192000
2023-05-30 07:26:35,99,W+1.5,15,True,True,False,B,-0.88,13.3989,192000
2023-05-30 07:27:02,128,W+2.5,28,True,True,False,B,-0.88,13.394,192000
2023-05-30 07:27:16,42,B+R,0,False,False,False,W,-0.88,13.4116,192000
2023-05-30 07:27:27,42,B+R,0,False,False,False,W,-0.88,13.4064,192000
2023-05-30 07:27:39,42,B+R,0,False,False,False,W,-0.88,13.4383,192000
2023-05-30 07:27:51,42,B+R,0,False,False,False,W,-0.88,13.4344,192000
2023-05-30 07:28:04,43,W+R,0,False,False,False,B,-0.88,13.4136,192000
2023-05-30 07:29:13,55,B+12.5,4,True,True,False,W,-0.88,13.3721,193000
2023-05-30 07:29:26,43,W+R,0,False,False,False,B,-0.88,13.3901,193000
2023-05-30 07:29:37,43,W+R,0,False,False,False,B,-0.88,13.3841,193000
2023-05-30 07:29:55,60,B+R,2,False,False,False,W,-0.88,13.4455,193000
2023-05-30 07:30:07,42,B+R,0,False,False,False,W,-0.88,13.4538,193000
2023-05-30 07:30:20,42,B+R,0,False,False,False,W,-0.88,13.4509,193000
2023-05-30 07:30:32,43,W+R,0,False,False,False,B,-0.88,13.4526,193000
2023-05-30 07:30:44,42,B+R,2,False,False,False,W,-0.88,13.4541,193000
2023-05-30 07:30:57,42,B+R,0,False,False,False,W,-0.88,13.4848,193000
2023-05-30 07:31:08,42,B+R,0,False,False,False,W,-0.88,13.4868,193000
2023-05-30 07:31:25,55,W+R,0,False,False,False,B,-0.88,13.5093,193000
2023-05-30 07:31:37,43,W+R,0,False,False,False,B,-0.88,13.4114,193000
2023-05-30 07:32:02,84,B+R,0,False,False,False,W,-0.88,13.5515,193000
2023-05-30 07:32:15,43,W+R,0,False,False,False,B,-0.88,13.2952,193000
2023-05-30 07:32:28,42,B+R,0,False,False,False,W,-0.88,13.3231,193000
2023-05-30 07:32:39,43,W+R,0,False,False,False,B,-0.88,13.3098,193000
2023-05-30 07:32:51,42,B+R,0,False,False,False,W,-0.88,13.3217,193000
2023-05-30 07:33:02,42,B+R,0,False,False,False,W,-0.88,13.3446,193000
2023-05-30 07:33:12,42,B+R,2,False,False,False,W,-0.88,13.3313,193000
2023-05-30 07:33:25,43,W+R,0,False,False,False,B,-0.88,13.203,193000
2023-05-30 07:33:41,62,B+R,2,False,False,False,W,-0.88,13.2518,193000
2023-05-30 07:34:00,62,B+R,0,False,False,False,W,-0.88,13.2623,193000
2023-05-30 07:34:11,42,B+R,0,False,False,False,W,-0.88,13.255,193000
2023-05-30 07:34:24,42,B+R,0,False,False,False,W,-0.88,13.1917,193000
2023-05-30 07:34:44,59,W+R,0,False,False,False,B,-0.88,13.2646,193000
2023-05-30 07:34:55,43,W+R,0,False,False,False,B,-0.88,13.2633,193000
2023-05-30 07:35:06,43,W+R,0,False,False,False,B,-0.88,13.2561,193000
2023-05-30 07:35:18,43,W+R,0,False,False,False,B,-0.88,13.0013,193000
2023-05-30 07:35:31,43,W+R,0,False,False,False,B,-0.88,12.9507,193000
2023-05-30 07:35:44,42,B+R,0,False,False,False,W,-0.88,12.9736,193000
2023-05-30 07:35:58,47,W+R,0,False,False,False,B,-0.88,13.0231,193000
2023-05-30 07:36:17,78,B+6.5,6,True,True,False,W,-0.88,13.1219,193000
2023-05-30 07:36:39,85,W+R,6,False,False,False,B,-0.88,13.2163,193000
2023-05-30 07:36:50,43,W+R,0,False,False,False,B,-0.88,13.2058,193000
2023-05-30 07:37:14,96,B+1.5,17,True,True,False,W,-0.88,13.2386,193000
2023-05-30 07:37:25,43,W+R,0,False,False,False,B,-0.88,13.2366,193000
2023-05-30 07:37:38,43,W+R,0,False,False,False,B,-0.88,13.2512,193000
2023-05-30 07:37:50,44,B+R,0,False,False,False,W,-0.88,13.2669,193000
2023-05-30 07:38:02,42,B+R,0,False,False,False,W,-0.88,13.2753,193000
2023-05-30 07:38:16,49,W+R,0,False,False,False,B,-0.88,13.2818,193000
2023-05-30 07:38:29,42,B+R,0,False,False,False,W,-0.88,13.2876,193000
2023-05-30 07:38:44,49,W+R,0,False,False,False,B,-0.88,13.3358,193000
2023-05-30 07:39:05,85,W+3.5,10,True,True,False,B,-0.88,13.3868,193000
2023-05-30 07:39:17,42,B+R,0,False,False,False,W,-0.88,13.3958,193000
2023-05-30 07:40:26,42,B+R,3,False,False,False,W,-0.88,13.3747,194000
2023-05-30 07:40:37,42,B+R,0,False,False,False,W,-0.88,13.3586,194000
2023-05-30 07:40:51,58,B+5.5,2,True,True,False,W,-0.88,13.3875,194000
2023-05-30 07:41:09,62,B+R,0,False,False,False,W,-0.88,13.4572,194000
2023-05-30 07:41:20,43,W+R,0,False,False,False,B,-0.88,13.46,194000
2023-05-30 07:42:01,140,B+R,33,False,False,False,W,-0.88,13.7648,194000
2023-05-30 07:42:25,100,B+3.5,19,True,True,False,W,-0.88,13.8822,194000
2023-05-30 07:42:35,42,B+R,0,False,False,False,W,-0.88,13.8656,194000
2023-05-30 07:42:50,65,W+R,0,False,False,False,B,-0.88,13.8365,194000
2023-05-30 07:43:01,42,B+R,0,False,False,False,W,-0.88,13.831,194000
2023-05-30 07:43:12,42,B+R,1,False,False,False,W,-0.88,13.8138,194000
2023-05-30 07:43:26,49,W+R,0,False,False,False,B,-0.88,13.8455,194000
2023-05-30 07:43:42,56,B+R,0,False,False,False,W,-0.88,13.9151,194000
2023-05-30 07:43:55,43,W+R,0,False,False,False,B,-0.88,13.9321,194000
2023-05-30 07:44:07,42,B+R,0,False,False,False,W,-0.88,13.9272,194000
2023-05-30 07:44:20,46,B+R,0,False,False,False,W,-0.88,13.9309,194000
2023-05-30 07:44:32,43,W+R,0,False,False,False,B,-0.88,13.9223,194000
2023-05-30 07:45:02,128,B+6.5,25,True,True,False,W,-0.88,14.107,194000
2023-05-30 07:45:16,43,W+R,0,False,False,False,B,-0.88,14.0896,194000
2023-05-30 07:45:41,77,W+R,0,False,False,False,B,-0.88,14.1591,194000
2023-05-30 07:45:53,42,B+R,0,False,False,False,W,-0.88,14.1753,194000
2023-05-30 07:46:03,42,B+R,0,False,False,False,W,-0.88,14.1438,194000
2023-05-30 07:46:16,42,B+R,0,False,False,False,W,-0.88,14.15,194000
2023-05-30 07:46:31,48,B+R,0,False,False,False,W,-0.88,14.1781,194000
2023-05-30 07:46:42,42,B+R,0,False,False,False,W,-0.88,14.181,194000
2023-05-30 07:46:53,42,B+R,0,False,False,False,W,-0.88,14.1663,194000
2023-05-30 07:47:05,42,B+R,0,False,False,False,W,-0.88,14.1589,194000
2023-05-30 07:47:15,42,B+R,0,False,False,False,W,-0.88,14.1545,194000
2023-05-30 07:47:29,43,W+R,0,False,False,False,B,-0.88,14.107,194000
2023-05-30 07:47:41,43,W+R,0,False,False,False,B,-0.88,14.1098,194000
2023-05-30 07:47:53,42,B+R,0,False,False,False,W,-0.88,14.1018,194000
2023-05-30 07:48:04,42,B+R,0,False,False,False,W,-0.88,14.1055,194000
2023-05-30 07:48:17,42,B+R,0,False,False,False,W,-0.88,14.0406,194000
2023-05-30 07:48:39,80,W+0.5,5,False,False,False,,-0.88,14.1481,194000
2023-05-30 07:48:48,42,B+R,0,False,False,False,W,-0.88,14.1263,194000
2023-05-30 07:48:58,52,B+R,1,False,False,False,W,-0.88,14.1506,194000
2023-05-30 07:49:16,62,B+R,0,False,False,False,W,-0.88,14.2151,194000
2023-05-30 07:49:30,43,W+R,0,False,False,False,B,-0.88,14.2398,194000
2023-05-30 07:49:42,43,W+R,0,False,False,False,B,-0.88,14.2438,194000
2023-05-30 07:49:52,42,B+R,0,False,False,False,W,-0.88,14.2153,194000
2023-05-30 07:50:02,42,B+R,0,False,False,False,W,-0.88,14.1928,194000
2023-05-30 07:50:15,48,B+R,0,False,False,False,W,-0.88,14.1932,194000
2023-05-30 07:50:25,42,B+R,0,False,False,False,W,-0.88,14.1533,194000
2023-05-30 07:51:38,43,W+R,0,False,False,False,B,-0.88,14.1691,195000
2023-05-30 07:51:59,70,B+R,4,False,False,False,W,-0.88,14.26,195000
2023-05-30 07:52:19,72,B+12.5,4,True,True,False,W,-0.88,14.3286,195000
2023-05-30 07:52:28,42,B+R,0,False,False,False,W,-0.88,14.1569,195000
2023-05-30 07:52:45,56,B+R,0,False,False,False,W,-0.88,14.0589,195000
2023-05-30 07:52:56,43,W+R,0,False,False,False,B,-0.88,14.0323,195000
2023-05-30 07:53:08,42,B+R,2,False,False,False,W,-0.88,14.037,195000
2023-05-30 07:53:19,42,B+R,0,False,False,False,W,-0.88,14.0224,195000
2023-05-30 07:53:32,45,W+R,0,False,False,False,B,-0.88,14.0385,195000
2023-05-30 07:53:45,47,W+R,0,False,False,False,B,-0.88,14.0385,195000
2023-05-30 07:54:09,102,B+4.5,19,True,True,False,W,-0.88,14.1543,195000
2023-05-30 07:54:20,42,B+R,0,False,False,False,W,-0.88,14.1449,195000
2023-05-30 07:54:34,54,B+R,0,False,False,False,W,-0.88,14.1637,195000
2023-05-30 07:54:46,43,W+R,0,False,False,False,B,-0.88,14.1648,195000
2023-05-30 07:54:55,42,B+R,0,False,False,False,W,-0.88,14.077,195000
2023-05-30 07:55:07,42,B+R,0,False,False,False,W,-0.88,14.0746,195000
2023-05-30 07:55:19,43,W+R,0,False,False,False,B,-0.88,14.0701,195000
2023-05-30 07:55:30,43,W+R,0,False,False,False,B,-0.88,14.0597,195000
2023-05-30 07:55:42,43,W+R,0,False,False,False,B,-0.88,14.0527,195000
2023-05-30 07:55:53,42,B+R,0,False,False,False,W,-0.88,14.0448,195000
2023-05-30 07:56:05,43,W+R,0,False,False,False,B,-0.88,14.0518,195000
2023-05-30 07:56:19,42,B+R,0,False,False,False,W,-0.88,14.0189,195000
2023-05-30 07:56:30,42,B+R,0,False,False,False,W,-0.88,14.0027,195000
2023-05-30 07:56:42,42,B+R,0,False,False,False,W,-0.88,13.8727,195000
2023-05-30 07:56:53,42,B+R,0,False,False,False,W,-0.88,13.8614,195000
2023-05-30 07:57:10,59,W+R,0,False,False,False,B,-0.88,13.8943,195000
2023-05-30 07:57:20,42,B+R,0,False,False,False,W,-0.88,13.8906,195000
2023-05-30 07:57:33,47,B+9.5,5,True,True,False,W,-0.88,13.8973,195000
2023-05-30 07:57:46,42,B+R,0,False,False,False,W,-0.88,13.9157,195000
2023-05-30 07:57:58,43,W+R,0,False,False,False,B,-0.88,13.9353,195000
2023-05-30 07:58:11,42,B+R,0,False,False,False,W,-0.88,13.9436,195000
2023-05-30 07:58:25,42,B+R,3,False,False,False,W,-0.88,13.9112,195000
2023-05-30 07:58:39,48,B+R,0,False,False,False,W,-0.88,13.8637,195000
2023-05-30 07:58:55,58,B+3.5,2,True,True,False,W,-0.88,13.9114,195000
2023-05-30 07:59:06,42,B+R,0,False,False,False,W,-0.88,13.8989,195000
2023-05-30 07:59:18,42,B+R,0,False,False,False,W,-0.88,13.8256,195000
2023-05-30 07:59:33,47,W+R,0,False,False,False,B,-0.88,13.8498,195000
2023-05-30 07:59:45,42,B+R,0,False,False,False,W,-0.88,13.8591,195000
2023-05-30 07:59:56,42,B+R,0,False,False,False,W,-0.88,13.8534,195000
2023-05-30 08:00:09,43,W+R,0,False,False,False,B,-0.88,13.8551,195000
2023-05-30 08:00:19,42,B+R,0,False,False,False,W,-0.88,13.8313,195000
2023-05-30 08:00:35,53,W+R,0,False,False,False,B,-0.88,13.8494,195000
2023-05-30 08:00:50,54,B+R,0,False,False,False,W,-0.88,13.8081,195000
2023-05-30 08:01:03,43,W+R,0,False,False,False,B,-0.88,13.7156,195000
2023-05-30 08:01:14,42,B+R,0,False,False,False,W,-0.88,13.7158,195000
2023-05-30 08:01:26,42,B+R,0,False,False,False,W,-0.88,13.5956,195000
2023-05-30 08:01:38,43,W+R,0,False,False,False,B,-0.88,13.6035,195000
2023-05-30 08:02:48,42,B+R,0,False,False,False,W,-0.88,13.5904,196000
2023-05-30 08:03:03,48,B+R,0,False,False,False,W,-0.88,13.6197,196000
2023-05-30 08:03:13,42,B+R,0,False,False,False,W,-0.88,13.5878,196000
2023-05-30 08:03:23,42,B+R,0,False,False,False,W,-0.88,13.5561,196000
2023-05-30 08:03:36,58,B+R,0,False,False,False,W,-0.88,13.5305,196000
2023-05-30 08:03:49,42,B+R,0,False,False,False,W,-0.88,13.4476,196000
2023-05-30 08:04:01,43,W+R,3,False,False,False,B,-0.88,13.4515,196000
2023-05-30 08:04:19,53,W+R,0,False,False,False,B,-0.88,13.534,196000
2023-05-30 08:04:31,42,B+R,0,False,False,False,W,-0.88,13.5373,196000
2023-05-30 08:04:42,42,B+R,0,False,False,False,W,-0.88,13.543,196000
2023-05-30 08:04:55,43,W+R,0,False,False,False,B,-0.88,13.5274,196000
2023-05-30 08:05:07,42,B+R,0,False,False,False,W,-0.88,13.4717,196000
2023-05-30 08:05:19,42,B+R,0,False,False,False,W,-0.88,13.4839,196000
2023-05-30 08:05:30,42,B+R,0,False,False,False,W,-0.88,13.1792,196000
2023-05-30 08:05:41,42,B+R,0,False,False,False,W,-0.88,13.051,196000
2023-05-30 08:05:56,46,B+R,0,False,False,False,W,-0.88,13.1035,196000
2023-05-30 08:06:14,58,B+R,0,False,False,False,W,-0.88,13.1332,196000
2023-05-30 08:06:50,122,B+2.5,15,True,True,False,W,-0.88,13.3784,196000
2023-05-30 08:07:02,43,W+R,0,False,False,False,B,-0.88,13.3935,196000
2023-05-30 08:07:19,58,W+0.5,2,False,False,False,,-0.88,13.424,196000
2023-05-30 08:07:30,42,B+R,0,False,False,False,W,-0.88,13.3656,196000
2023-05-30 08:07:42,43,W+R,0,False,False,False,B,-0.88,13.3598,196000
2023-05-30 08:07:53,42,B+R,0,False,False,False,W,-0.88,13.3591,196000
2023-05-30 08:08:04,44,B+R,0,False,False,False,W,-0.88,13.3348,196000
2023-05-30 08:08:15,42,B+R,0,False,False,False,W,-0.88,13.3223,196000
2023-05-30 08:08:28,43,W+R,3,False,False,False,B,-0.88,13.1556,196000
2023-05-30 08:08:40,43,W+R,0,False,False,False,B,-0.88,13.1308,196000
2023-05-30 08:08:58,68,B+3.5,4,True,True,False,W,-0.88,13.0631,196000
2023-05-30 08:09:09,42,B+R,0,False,False,False,W,-0.88,13.0489,196000
2023-05-30 08:09:23,48,B+R,0,False,False,False,W,-0.88,13.0869,196000
2023-05-30 08:09:36,42,B+R,0,False,False,False,W,-0.88,13.09,196000
2023-05-30 08:09:48,42,B+R,0,False,False,False,W,-0.88,13.0585,196000
2023-05-30 08:10:02,45,W+R,0,False,False,False,B,-0.88,13.0805,196000
2023-05-30 08:10:14,42,B+R,0,False,False,False,W,-0.88,13.0987,196000
2023-05-30 08:10:26,43,W+R,0,False,False,False,B,-0.88,13.1062,196000
2023-05-30 08:10:36,42,B+R,0,False,False,False,W,-0.88,13.1028,196000
2023-05-30 08:10:46,42,B+R,0,False,False,False,W,-0.88,13.0659,196000
2023-05-30 08:10:56,43,W+R,0,False,False,False,B,-0.88,13.0346,196000
2023-05-30 08:11:05,42,B+R,0,False,False,False,W,-0.88,13.0164,196000
2023-05-30 08:11:17,42,B+R,0,False,False,False,W,-0.88,13.0187,196000
2023-05-30 08:11:35,66,B+R,0,False,False,False,W,-0.88,13.0675,196000
2023-05-30 08:11:50,70,B+R,2,False,False,False,W,-0.88,13.0025,196000
2023-05-30 08:12:01,43,W+R,0,False,False,False,B,-0.88,13.0206,196000
2023-05-30 08:12:17,52,B+R,0,False,False,False,W,-0.88,13.079,196000
2023-05-30 08:12:29,43,W+R,0,False,False,False,B,-0.88,13.0184,196000
2023-05-30 08:13:57,42,B+R,0,False,False,False,W,-0.88,13.133,197000
2023-05-30 08:14:09,43,W+R,0,False,False,False,B,-0.88,13.1515,197000
2023-05-30 08:14:20,42,B+R,0,False,False,False,W,-0.88,13.1626,197000
2023-05-30 08:14:37,55,W+R,0,False,False,False,B,-0.88,13.2119,197000
2023-05-30 08:14:50,43,W+R,1,False,False,False,B,-0.88,13.2308,197000
2023-05-30 08:15:04,60,B+R,2,False,False,False,W,-0.88,13.2037,197000
2023-05-30 08:15:14,42,B+R,0,False,False,False,W,-0.88,13.188,197000
2023-05-30 08:15:26,42,B+R,0,False,False,False,W,-0.88,13.0927,197000
2023-05-30 08:16:05,136,W+2.5,16,True,True,False,B,-0.88,13.2919,197000
2023-05-30 08:16:17,42,B+R,0,False,False,False,W,-0.88,13.3175,197000
2023-05-30 08:16:28,43,W+R,0,False,False,False,B,-0.88,13.2624,197000
2023-05-30 08:16:37,43,W+R,1,False,False,False,B,-0.88,13.2335,197000
2023-05-30 08:16:59,73,W+R,4,False,False,False,B,-0.88,13.3382,197000
2023-05-30 08:17:12,42,B+R,0,False,False,False,W,-0.88,13.3587,197000
2023-05-30 08:17:29,54,B+R,0,False,False,False,W,-0.88,13.3992,197000
2023-05-30 08:17:42,42,B+R,0,False,False,False,W,-0.88,13.3998,197000
2023-05-30 08:17:53,43,W+R,0,False,False,False,B,-0.88,13.2703,197000
2023-05-30 08:18:12,64,B+R,1,False,False,False,W,-0.88,13.3511,197000
2023-05-30 08:18:24,43,W+R,0,False,False,False,B,-0.88,13.3264,197000
2023-05-30 08:18:40,62,B+1.5,6,True,True,False,W,-0.88,13.3662,197000
2023-05-30 08:18:54,50,B+R,0,False,False,False,W,-0.88,13.4232,197000
2023-05-30 08:19:06,43,W+R,0,False,False,False,B,-0.88,13.4163,197000
2023-05-30 08:19:16,45,W+R,0,False,False,False,B,-0.88,13.3999,197000
2023-05-30 08:19:33,100,W+6.5,22,True,True,False,B,-0.88,13.4593,197000
2023-05-30 08:19:45,42,B+R,0,False,False,False,W,-0.88,13.4648,197000
2023-05-30 08:20:05,65,W+R,0,False,False,False,B,-0.88,13.5475,197000
2023-05-30 08:20:23,58,B+R,0,False,False,False,W,-0.88,13.6071,197000
2023-05-30 08:20:38,56,B+R,0,False,False,False,W,-0.88,13.6185,197000
2023-05-30 08:20:48,43,W+R,0,False,False,False,B,-0.88,13.6095,197000
2023-05-30 08:21:05,53,W+R,0,False,False,False,B,-0.88,13.6651,197000
2023-05-30 08:21:16,42,B+R,0,False,False,False,W,-0.88,13.6553,197000
2023-05-30 08:21:26,42,B+R,0,False,False,False,W,-0.88,13.5879,197000
2023-05-30 08:21:36,43,W+R,2,False,False,False,B,-0.88,13.5872,197000
2023-05-30 08:21:48,43,W+R,0,False,False,False,B,-0.88,13.5743,197000
2023-05-30 08:22:06,57,W+R,0,False,False,False,B,-0.88,13.633,197000
2023-05-30 08:22:18,42,B+R,0,False,False,False,W,-0.88,13.6239,197000
2023-05-30 08:22:30,42,B+R,0,False,False,False,W,-0.88,13.6106,197000
2023-05-30 08:22:42,43,W+R,0,False,False,False,B,-0.88,13.6,197000
2023-05-30 08:22:53,42,B+R,0,False,False,False,W,-0.88,13.5671,197000
2023-05-30 08:23:09,53,W+R,0,False,False,False,B,-0.88,13.5712,197000
2023-05-30 08:23:23,45,W+R,0,False,False,False,B,-0.88,13.5903,197000
2023-05-30 08:23:48,97,B+8.5,10,True,True,False,W,-0.88,13.7243,197000
2023-05-30 08:25:16,42,B+R,0,False,False,False,W,-0.88,13.8311,198000
2023-05-30 08:25:38,71,W+R,0,False,False,False,B,-0.88,13.9377,198000
2023-05-30 08:25:51,45,W+0.5,2,True,True,False,B,-0.88,13.9338,198000
2023-05-30 08:26:02,42,B+R,0,False,False,False,W,-0.88,13.942,198000
2023-05-30 08:26:22,61,W+R,0,False,False,False,B,-0.88,13.9834,198000
2023-05-30 08:26:34,42,B+R,0,False,False,False,W,-0.88,13.9509,198000
2023-05-30 08:26:45,42,B+R,0,False,False,False,W,-0.88,13.9372,198000
2023-05-30 08:26:56,42,B+R,0,False,False,False,W,-0.88,13.9375,198000
2023-05-30 08:27:06,43,W+R,0,False,False,False,B,-0.88,13.9149,198000
2023-05-30 08:27:18,43,W+R,0,False,False,False,B,-0.88,13.9184,198000
2023-05-30 08:27:34,55,W+R,0,False,False,False,B,-0.88,13.9584,198000
2023-05-30 08:27:46,46,B+R,0,False,False,False,W,-0.88,13.9513,198000
2023-05-30 08:27:54,39,B+1.5,2,False,False,False,,-0.88,13.8905,198000
2023-05-30 08:28:04,42,B+R,0,False,False,False,W,-0.88,13.8873,198000
2023-05-30 08:28:20,51,W+R,0,False,False,False,B,-0.88,13.9404,198000
2023-05-30 08:28:31,43,W+R,0,False,False,False,B,-0.88,13.9212,198000
2023-05-30 08:28:38,43,W+R,0,False,False,False,B,-0.88,13.874,198000
2023-05-30 08:28:51,42,B+R,0,False,False,False,W,-0.88,13.8792,198000
2023-05-30 08:29:03,42,B+R,0,False,False,False,W,-0.88,13.8153,198000
2023-05-30 08:29:14,42,B+R,0,False,False,False,W,-0.88,13.8132,198000
2023-05-30 08:29:27,43,W+R,0,False,False,False,B,-0.88,13.8266,198000
2023-05-30 08:29:43,52,B+R,0,False,False,False,W,-0.88,13.861,198000
2023-05-30 08:29:59,53,W+R,1,False,False,False,B,-0.88,13.8942,198000
2023-05-30 08:30:11,42,B+R,0,False,False,False,W,-0.88,13.8963,198000
2023-05-30 08:30:22,43,W+R,0,False,False,False,B,-0.88,13.9013,198000
2023-05-30 08:30:34,42,B+R,0,False,False,False,W,-0.88,13.9116,198000
2023-05-30 08:30:55,97,B+1.5,19,True,True,False,W,-0.88,13.9672,198000
2023-05-30 08:31:07,43,W+R,0,False,False,False,B,-0.88,13.9102,198000
2023-05-30 08:31:20,43,W+R,0,False,False,False,B,-0.88,13.6852,198000
2023-05-30 08:31:32,42,B+R,0,False,False,False,W,-0.88,13.6735,198000
2023-05-30 08:32:05,162,W+9.5,27,True,True,False,B,-0.88,13.8343,198000
2023-05-30 08:32:16,42,B+R,0,False,False,False,W,-0.88,13.8433,198000
2023-05-30 08:32:31,43,W+R,0,False,False,False,B,-0.88,13.8652,198000
2023-05-30 08:32:49,63,W+R,0,False,False,False,B,-0.88,13.9368,198000
2023-05-30 08:33:03,49,W+R,0,False,False,False,B,-0.88,13.967,198000
2023-05-30 08:33:15,42,B+R,0,False,False,False,W,-0.88,13.9824,198000
2023-05-30 08:33:27,43,W+R,0,False,False,False,B,-0.88,13.964,198000
2023-05-30 08:33:38,42,B+R,0,False,False,False,W,-0.88,13.9493,198000
2023-05-30 08:33:49,43,W+R,2,False,False,False,B,-0.88,13.8843,198000
2023-05-30 08:34:01,43,W+R,0,False,False,False,B,-0.88,13.8991,198000
2023-05-30 08:34:18,68,W+0.5,2,True,True,False,B,-0.88,13.9232,198000
2023-05-30 08:34:30,50,B+R,0,False,False,False,W,-0.88,13.9248,198000
2023-05-30 08:34:42,42,B+R,3,False,False,False,W,-0.88,13.9268,198000
2023-05-30 08:34:57,59,B+9.5,12,True,True,False,W,-0.88,13.9335,198000
2023-05-30 08:35:09,44,B+R,0,False,False,False,W,-0.88,13.9286,198000
2023-05-30 08:36:27,43,W+R,0,False,False,False,B,-0.88,13.9434,199000
2023-05-30 08:36:40,43,W+R,0,False,False,False,B,-0.88,13.9796,199000
2023-05-30 08:36:53,42,B+R,0,False,False,False,W,-0.88,14.0087,199000
2023-05-30 08:37:04,43,W+R,0,False,False,False,B,-0.88,14.0238,199000
2023-05-30 08:37:19,49,W+R,0,False,False,False,B,-0.88,14.0519,199000
2023-05-30 08:37:31,43,W+R,0,False,False,False,B,-0.88,13.9964,199000
2023-05-30 08:37:50,81,B+15.5,12,True,True,False,W,-0.88,14.0405,199000
2023-05-30 08:38:02,42,B+R,0,False,False,False,W,-0.88,14.0511,199000
2023-05-30 08:38:27,94,W+2.5,10,True,True,False,B,-0.88,14.1422,199000
2023-05-30 08:38:44,72,W+22.5,9,True,True,False,B,-0.88,14.1878,199000
2023-05-30 08:38:51,42,B+R,0,False,False,False,W,-0.88,13.9598,199000
2023-05-30 08:39:04,56,B+R,1,False,False,False,W,-0.88,14.0165,199000
2023-05-30 08:39:15,42,B+R,0,False,False,False,W,-0.88,14.0008,199000
2023-05-30 08:39:29,47,W+R,0,False,False,False,B,-0.88,14.0384,199000
2023-05-30 08:39:45,59,W+R,1,False,False,False,B,-0.88,14.0212,199000
2023-05-30 08:39:53,42,B+R,0,False,False,False,W,-0.88,13.976,199000
2023-05-30 08:40:08,63,B+3.5,8,True,True,False,W,-0.88,13.9806,199000
2023-05-30 08:40:31,61,W+R,0,False,False,False,B,-0.88,14.1123,199000
2023-05-30 08:40:48,68,W+3.5,3,True,True,False,B,-0.88,14.1679,199000
2023-05-30 08:41:09,73,B+3.5,4,True,True,False,W,-0.88,13.9854,199000
2023-05-30 08:41:20,43,W+R,0,False,False,False,B,-0.88,13.9746,199000
2023-05-30 08:41:32,43,W+R,0,False,False,False,B,-0.88,13.9784,199000
2023-05-30 08:41:43,47,W+R,0,False,False,False,B,-0.88,14.0089,199000
2023-05-30 08:41:57,45,W+R,0,False,False,False,B,-0.88,13.9206,199000
2023-05-30 08:42:10,43,W+R,0,False,False,False,B,-0.88,13.9249,199000
2023-05-30 08:42:22,42,B+R,0,False,False,False,W,-0.88,13.8736,199000
2023-05-30 08:42:33,42,B+R,0,False,False,False,W,-0.88,13.8556,199000
2023-05-30 08:42:42,42,B+R,0,False,False,False,W,-0.88,13.8384,199000
2023-05-30 08:42:54,42,B+R,0,False,False,False,W,-0.88,13.7629,199000
2023-05-30 08:43:06,42,B+R,2,False,False,False,W,-0.88,13.7662,199000
2023-05-30 08:43:17,42,B+R,0,False,False,False,W,-0.88,13.7196,199000
2023-05-30 08:43:30,42,B+R,0,False,False,False,W,-0.88,13.6952,199000
2023-05-30 08:43:41,42,B+R,0,False,False,False,W,-0.88,13.6988,199000
2023-05-30 08:43:52,43,W+R,0,False,False,False,B,-0.88,13.6999,199000
2023-05-30 08:44:02,43,W+R,0,False,False,False,B,-0.88,13.6358,199000
2023-05-30 08:44:15,43,W+R,1,False,False,False,B,-0.88,13.6462,199000
2023-05-30 08:44:30,42,B+R,0,False,False,False,W,-0.88,13.5948,199000
2023-05-30 08:44:53,64,B+R,0,False,False,False,W,-0.88,13.6436,199000
2023-05-30 08:45:04,42,B+R,0,False,False,False,W,-0.88,13.5985,199000
2023-05-30 08:45:25,64,B+R,0,False,False,False,W,-0.88,13.715,199000
2023-05-30 08:45:44,55,W+R,0,False,False,False,B,-0.88,13.7255,199000
2023-05-30 08:45:56,42,B+R,0,False,False,False,W,-0.88,13.7427,199000
2023-05-30 08:46:07,42,B+R,0,False,False,False,W,-0.88,13.7586,199000
2023-05-30 08:46:19,43,W+R,0,False,False,False,B,-0.88,13.7693,199000
2023-05-30 08:47:29,42,B+R,0,False,False,False,W,-0.88,13.74,200000
2023-05-30 08:47:43,43,W+R,0,False,False,False,B,-0.88,13.7565,200000
2023-05-30 08:47:56,42,B+R,0,False,False,False,W,-0.88,13.7679,200000
2023-05-30 08:48:17,88,B+2.5,11,True,True,False,W,-0.88,13.8567,200000
2023-05-30 08:48:29,42,B+R,0,False,False,False,W,-0.88,13.8738,200000
2023-05-30 08:48:39,42,B+R,0,False,False,False,W,-0.88,13.813,200000
2023-05-30 08:48:51,43,W+R,0,False,False,False,B,-0.88,13.7959,200000
2023-05-30 08:49:03,43,W+R,0,False,False,False,B,-0.88,13.6564,200000
2023-05-30 08:49:12,42,B+R,0,False,False,False,W,-0.88,13.4998,200000
2023-05-30 08:49:23,42,B+R,0,False,False,False,W,-0.88,13.494,200000
2023-05-30 08:49:35,43,W+R,0,False,False,False,B,-0.88,13.3867,200000
2023-05-30 08:49:46,43,W+R,1,False,False,False,B,-0.88,13.3746,200000
2023-05-30 08:49:58,42,B+R,0,False,False,False,W,-0.88,13.3796,200000
2023-05-30 08:50:10,42,B+R,0,False,False,False,W,-0.88,13.3047,200000
2023-05-30 08:50:21,42,B+R,0,False,False,False,W,-0.88,13.3002,200000
2023-05-30 08:50:44,75,W+R,0,False,False,False,B,-0.88,13.4142,200000
2023-05-30 08:50:56,43,W+R,0,False,False,False,B,-0.88,13.4146,200000
2023-05-30 08:51:08,42,B+R,0,False,False,False,W,-0.88,13.4412,200000
2023-05-30 08:51:19,42,B+R,0,False,False,False,W,-0.88,13.4275,200000
2023-05-30 08:51:39,66,B+R,0,False,False,False,W,-0.88,13.4767,200000
2023-05-30 08:51:50,43,W+R,2,False,False,False,B,-0.88,13.4716,200000
2023-05-30 08:52:03,43,W+R,0,False,False,False,B,-0.88,13.5069,200000
2023-05-30 08:52:13,43,W+R,0,False,False,False,B,-0.88,13.5175,200000
2023-05-30 08:52:27,42,B+R,0,False,False,False,W,-0.88,13.4984,200000
2023-05-30 08:52:39,43,W+R,1,False,False,False,B,-0.88,13.5063,200000
2023-05-30 08:52:50,42,B+R,0,False,False,False,W,-0.88,13.5421,200000
2023-05-30 08:53:01,42,B+R,0,False,False,False,W,-0.88,13.5291,200000
2023-05-30 08:53:14,42,B+R,0,False,False,False,W,-0.88,13.5323,200000
2023-05-30 08:53:25,42,B+R,0,False,False,False,W,-0.88,13.5364,200000
2023-05-30 08:53:38,42,B+R,4,False,False,False,W,-0.88,13.5303,200000
2023-05-30 08:53:49,43,W+R,0,False,False,False,B,-0.88,13.4851,200000
2023-05-30 08:54:02,42,B+R,0,False,False,False,W,-0.88,13.4578,200000
2023-05-30 08:54:13,42,B+R,0,False,False,False,W,-0.88,13.4459,200000
2023-05-30 08:54:25,43,W+R,0,False,False,False,B,-0.88,13.4457,200000
2023-05-30 08:54:35,43,W+R,1,False,False,False,B,-0.88,13.4327,200000
2023-05-30 08:54:52,70,B+0.5,8,True,True,False,W,-0.88,13.3876,200000
2023-05-30 08:55:04,43,W+R,0,False,False,False,B,-0.88,13.3897,200000
2023-05-30 08:55:17,42,B+R,0,False,False,False,W,-0.88,13.3931,200000
2023-05-30 08:55:29,43,W+R,0,False,False,False,B,-0.88,13.3988,200000
2023-05-30 08:55:40,42,B+R,0,False,False,False,W,-0.88,13.1746,200000
2023-05-30 08:55:52,43,W+R,0,False,False,False,B,-0.88,13.1796,200000
2023-05-30 08:56:02,42,B+R,0,False,False,False,W,-0.88,13.1402,200000
2023-05-30 08:56:21,81,B+10.5,11,True,True,False,W,-0.88,13.1355,200000
2023-05-30 08:56:38,59,W+R,0,False,False,False,B,-0.88,13.1763,200000
2023-05-30 08:56:50,43,W+R,0,False,False,False,B,-0.88,13.1744,200000
2023-05-30 08:57:08,61,W+R,0,False,False,False,B,-0.88,13.2335,200000
2023-05-30 08:57:20,43,W+R,0,False,False,False,B,-0.88,13.2466,200000
2023-05-30 08:58:32,42,B+R,2,False,False,False,W,-0.88,13.2478,201000
2023-05-30 08:58:44,42,B+R,0,False,False,False,W,-0.88,13.1989,201000
2023-05-30 08:58:56,42,B+R,0,False,False,False,W,-0.88,13.1888,201000
2023-05-30 08:59:06,42,B+R,0,False,False,False,W,-0.88,13.1752,201000
2023-05-30 08:59:19,42,B+R,0,False,False,False,W,-0.88,13.1556,201000
2023-05-30 08:59:30,42,B+R,0,False,False,False,W,-0.88,13.1433,201000
2023-05-30 08:59:40,45,W+R,0,False,False,False,B,-0.88,13.1357,201000
2023-05-30 08:59:53,43,W+R,0,False,False,False,B,-0.88,13.1394,201000
2023-05-30 09:00:04,43,W+R,0,False,False,False,B,-0.88,13.114,201000
2023-05-30 09:00:17,42,B+R,0,False,False,False,W,-0.88,13.1199,201000
2023-05-30 09:00:28,42,B+R,0,False,False,False,W,-0.88,13.1168,201000
2023-05-30 09:00:49,67,W+R,0,False,False,False,B,-0.88,13.1752,201000
2023-05-30 09:01:00,42,B+R,0,False,False,False,W,-0.88,13.1659,201000
2023-05-30 09:01:10,42,B+R,0,False,False,False,W,-0.88,13.0756,201000
2023-05-30 09:01:28,53,W+R,0,False,False,False,B,-0.88,13.1279,201000
2023-05-30 09:01:40,43,W+R,0,False,False,False,B,-0.88,13.0048,201000
2023-05-30 09:01:52,43,W+R,0,False,False,False,B,-0.88,12.9565,201000
2023-05-30 09:02:15,79,W+0.5,6,True,True,False,B,-0.88,13.113,201000
2023-05-30 09:02:26,43,W+R,0,False,False,False,B,-0.88,13.0944,201000
2023-05-30 09:02:46,63,W+R,0,False,False,False,B,-0.88,13.1859,201000
2023-05-30 09:02:57,42,B+R,0,False,False,False,W,-0.88,13.1556,201000
2023-05-30 09:03:10,43,W+R,0,False,False,False,B,-0.88,13.124,201000
2023-05-30 09:03:22,42,B+R,0,False,False,False,W,-0.88,13.1681,201000
2023-05-30 09:03:40,51,W+R,0,False,False,False,B,-0.88,13.1964,201000
2023-05-30 09:03:52,43,W+R,0,False,False,False,B,-0.88,13.0825,201000
2023-05-30 09:04:08,55,W+R,1,False,False,False,B,-0.88,13.0749,201000
2023-05-30 09:04:20,42,B+R,0,False,False,False,W,-0.88,12.985,201000
2023-05-30 09:04:37,57,W+R,0,False,False,False,B,-0.88,13.0501,201000
2023-05-30 09:04:49,42,B+R,0,False,False,False,W,-0.88,13.0467,201000
2023-05-30 09:05:01,42,B+R,0,False,False,False,W,-0.88,13.0552,201000
2023-05-30 09:05:13,43,W+R,1,False,False,False,B,-0.88,13.0419,201000
2023-05-30 09:05:24,42,B+R,0,False,False,False,W,-0.88,13.0152,201000
2023-05-30 09:05:35,42,B+R,0,False,False,False,W,-0.88,13.0115,201000
2023-05-30 09:05:46,43,W+R,0,False,False,False,B,-0.88,13.0028,201000
2023-05-30 09:06:00,50,B+R,0,False,False,False,W,-0.88,13.0504,201000
2023-05-30 09:06:12,42,B+R,0,False,False,False,W,-0.88,13.0478,201000
2023-05-30 09:06:24,43,W+R,0,False,False,False,B,-0.88,13.0569,201000
2023-05-30 09:06:35,43,W+R,3,False,False,False,B,-0.88,13.0542,201000
2023-05-30 09:06:47,42,B+R,0,False,False,False,W,-0.88,13.0529,201000
2023-05-30 09:06:59,42,B+R,0,False,False,False,W,-0.88,13.0575,201000
2023-05-30 09:07:11,42,B+R,0,False,False,False,W,-0.88,13.0644,201000
2023-05-30 09:07:24,43,W+R,0,False,False,False,B,-0.88,13.0908,201000
2023-05-30 09:07:35,42,B+R,0,False,False,False,W,-0.88,13.0692,201000
2023-05-30 09:07:45,43,W+R,0,False,False,False,B,-0.88,13.0248,201000
2023-05-30 09:07:55,43,W+R,4,False,False,False,B,-0.88,12.8966,201000
2023-05-30 09:08:19,76,B+R,0,False,False,False,W,-0.88,13.0286,201000
2023-05-30 09:09:34,43,W+R,0,False,False,False,B,-0.88,12.8517,202000
2023-05-30 09:09:46,42,B+R,0,False,False,False,W,-0.88,12.8455,202000
2023-05-30 09:10:05,71,B+16.5,4,True,True,False,W,-0.88,12.9238,202000
2023-05-30 09:10:16,43,W+R,0,False,False,False,B,-0.88,12.9178,202000
2023-05-30 09:10:29,42,B+R,0,False,False,False,W,-0.88,12.8876,202000
2023-05-30 09:10:45,57,W+R,0,False,False,False,B,-0.88,12.9389,202000
2023-05-30 09:10:59,43,W+R,0,False,False,False,B,-0.88,12.9405,202000
2023-05-30 09:11:10,43,W+R,0,False,False,False,B,-0.88,12.9274,202000
2023-05-30 09:11:22,42,B+R,0,False,False,False,W,-0.88,12.8304,202000
2023-05-30 09:11:47,99,B+6.5,8,True,True,False,W,-0.88,12.9597,202000
2023-05-30 09:12:00,43,W+R,0,False,False,False,B,-0.88,12.99,202000
2023-05-30 09:12:09,43,W+R,5,False,False,False,B,-0.88,12.9534,202000
2023-05-30 09:12:19,43,W+R,0,False,False,False,B,-0.88,12.9459,202000
2023-05-30 09:12:31,43,W+R,1,False,False,False,B,-0.88,12.9688,202000
2023-05-30 09:12:40,42,B+R,0,False,False,False,W,-0.88,12.9451,202000
2023-05-30 09:12:58,60,B+R,0,False,False,False,W,-0.88,13.0141,202000
2023-05-30 09:13:09,42,B+R,0,False,False,False,W,-0.88,13.0101,202000
2023-05-30 09:13:22,42,B+R,0,False,False,False,W,-0.88,13.0162,202000
2023-05-30 09:13:36,44,B+R,0,False,False,False,W,-0.88,13.0385,202000
2023-05-30 09:13:46,42,B+R,0,False,False,False,W,-0.88,13.024,202000
2023-05-30 09:13:59,62,B+R,0,False,False,False,W,-0.88,12.9293,202000
2023-05-30 09:14:11,42,B+R,0,False,False,False,W,-0.88,12.9376,202000
2023-05-30 09:14:29,61,W+R,0,False,False,False,B,-0.88,12.9948,202000
2023-05-30 09:14:47,54,B+R,0,False,False,False,W,-0.88,13.0652,202000
2023-05-30 09:15:01,51,W+R,0,False,False,False,B,-0.88,12.9985,202000
2023-05-30 09:15:12,43,W+R,0,False,False,False,B,-0.88,12.9977,202000
2023-05-30 09:15:26,46,B+R,0,False,False,False,W,-0.88,13.0166,202000
2023-05-30 09:15:38,42,B+R,0,False,False,False,W,-0.88,13.0236,202000
2023-05-30 09:15:48,43,W+R,0,False,False,False,B,-0.88,12.9955,202000
2023-05-30 09:15:59,43,W+R,0,False,False,False,B,-0.88,12.9827,202000
2023-05-30 09:16:11,42,B+R,0,False,False,False,W,-0.88,12.9868,202000
2023-05-30 09:16:23,42,B+R,0,False,False,False,W,-0.88,12.9943,202000
2023-05-30 09:16:40,55,W+R,0,False,False,False,B,-0.88,13.0459,202000
2023-05-30 09:16:51,43,W+R,0,False,False,False,B,-0.88,13.0374,202000
2023-05-30 09:17:03,43,W+R,0,False,False,False,B,-0.88,13.0298,202000
2023-05-30 09:17:14,42,B+R,0,False,False,False,W,-0.88,13.0275,202000
2023-05-30 09:17:26,42,B+R,0,False,False,False,W,-0.88,13.0204,202000
2023-05-30 09:17:49,80,B+R,5,False,False,False,W,-0.88,13.1386,202000
2023-05-30 09:18:01,43,W+R,0,False,False,False,B,-0.88,13.1445,202000
2023-05-30 09:18:13,43,W+R,0,False,False,False,B,-0.88,13.1656,202000
2023-05-30 09:18:39,116,W+6.5,15,True,True,False,B,-0.88,13.2593,202000
2023-05-30 09:19:03,73,W+R,0,False,False,False,B,-0.88,13.3717,202000
2023-05-30 09:19:16,43,W+R,0,False,False,False,B,-0.88,13.3667,202000
2023-05-30 09:19:27,45,W+R,0,False,False,False,B,-0.88,13.3651,202000
2023-05-30 09:20:43,42,B+R,2,False,False,False,W,-0.88,13.353,203000
2023-05-30 09:20:56,42,B+R,0,False,False,False,W,-0.88,13.3766,203000
2023-05-30 09:21:09,42,B+R,0,False,False,False,W,-0.88,13.3258,203000
2023-05-30 09:21:20,42,B+R,0,False,False,False,W,-0.88,13.2559,203000
2023-05-30 09:21:31,42,B+R,0,False,False,False,W,-0.88,13.2493,203000
2023-05-30 09:21:43,42,B+R,0,False,False,False,W,-0.88,13.1888,203000
2023-05-30 09:21:54,42,B+R,0,False,False,False,W,-0.88,13.184,203000
2023-05-30 09:22:08,43,W+R,0,False,False,False,B,-0.88,13.1999,203000
2023-05-30 09:22:21,43,W+R,0,False,False,False,B,-0.88,13.2097,203000
2023-05-30 09:22:32,42,B+R,0,False,False,False,W,-0.88,13.2127,203000
2023-05-30 09:22:44,42,B+R,0,False,False,False,W,-0.88,13.2074,203000
2023-05-30 09:22:55,43,W+R,0,False,False,False,B,-0.88,13.2161,203000
2023-05-30 09:23:07,42,B+R,0,False,False,False,W,-0.88,13.2077,203000
2023-05-30 09:23:18,42,B+R,0,False,False,False,W,-0.88,13.2126,203000
2023-05-30 09:23:31,42,B+R,0,False,False,False,W,-0.88,13.2328,203000
2023-05-30 09:23:47,54,B+R,1,False,False,False,W,-0.88,13.2662,203000
2023-05-30 09:24:01,45,W+R,0,False,False,False,B,-0.88,13.2937,203000
2023-05-30 09:24:13,49,W+R,0,False,False,False,B,-0.88,13.2867,203000
2023-05-30 09:24:23,43,W+R,0,False,False,False,B,-0.88,13.2799,203000
2023-05-30 09:24:36,42,B+R,0,False,False,False,W,-0.88,13.1993,203000
2023-05-30 09:24:47,42,B+R,0,False,False,False,W,-0.88,13.1978,203000
2023-05-30 09:24:58,42,B+R,0,False,False,False,W,-0.88,13.2097,203000
2023-05-30 09:25:13,56,B+R,2,False,False,False,W,-0.88,13.184,203000
2023-05-30 09:25:26,42,B+R,0,False,False,False,W,-0.88,13.1798,203000
2023-05-30 09:25:37,43,W+R,2,False,False,False,B,-0.88,13.179,203000
2023-05-30 09:25:48,42,B+R,0,False,False,False,W,-0.88,13.0591,203000
2023-05-30 09:26:10,67,B+1.5,4,True,True,False,W,-0.88,13.1668,203000
2023-05-30 09:26:21,42,B+R,0,False,False,False,W,-0.88,13.0777,203000
2023-05-30 09:26:43,69,W+R,0,False,False,False,B,-0.88,13.1886,203000
2023-05-30 09:26:52,43,W+R,0,False,False,False,B,-0.88,13.1515,203000
2023-05-30 09:27:04,43,W+R,0,False,False,False,B,-0.88,13.1483,203000
2023-05-30 09:27:23,68,B+R,2,False,False,False,W,-0.88,13.1534,203000
2023-05-30 09:27:38,80,W+5.5,6,True,True,False,B,-0.88,13.1886,203000
2023-05-30 09:27:49,42,B+R,0,False,False,False,W,-0.88,13.1389,203000
2023-05-30 09:28:08,61,W+R,0,False,False,False,B,-0.88,13.2057,203000
2023-05-30 09:28:23,48,B+R,0,False,False,False,W,-0.88,13.1874,203000
2023-05-30 09:28:36,42,B+R,0,False,False,False,W,-0.88,13.1932,203000
2023-05-30 09:28:50,61,B+0.5,2,True,True,False,W,-0.88,13.2081,203000
2023-05-30 09:29:03,42,B+R,0,False,False,False,W,-0.88,13.2206,203000
2023-05-30 09:29:20,59,W+R,0,False,False,False,B,-0.88,13.294,203000
2023-05-30 09:29:28,42,B+R,0,False,False,False,W,-0.88,13.2517,203000
2023-05-30 09:29:38,43,W+R,0,False,False,False,B,-0.88,13.245,203000
2023-05-30 09:29:48,42,B+R,0,False,False,False,W,-0.88,13.2105,203000
2023-05-30 09:30:10,68,B+R,1,False,False,False,W,-0.88,13.3075,203000
2023-05-30 09:30:20,43,W+R,0,False,False,False,B,-0.88,13.2854,203000
2023-05-30 09:30:28,42,B+R,0,False,False,False,W,-0.88,13.2575,203000
2023-05-30 09:30:39,43,W+R,0,False,False,False,B,-0.88,13.2391,203000
2023-05-30 09:31:53,43,W+R,0,False,False,False,B,-0.88,13.2406,204000
2023-05-30 09:32:06,42,B+R,0,False,False,False,W,-0.88,13.2321,204000
2023-05-30 09:32:15,43,W+R,2,False,False,False,B,-0.88,13.2167,204000
2023-05-30 09:32:26,42,B+R,0,False,False,False,W,-0.88,13.2262,204000
2023-05-30 09:32:39,47,W+R,0,False,False,False,B,-0.88,13.2517,204000
2023-05-30 09:32:54,58,B+R,0,False,False,False,W,-0.88,13.1662,204000
2023-05-30 09:33:06,42,B+R,0,False,False,False,W,-0.88,13.1782,204000
2023-05-30 09:33:25,57,W+R,0,False,False,False,B,-0.88,13.2558,204000
2023-05-30 09:33:41,61,W+R,3,False,False,False,B,-0.88,13.2972,204000
2023-05-30 09:33:52,43,W+R,0,False,False,False,B,-0.88,13.2184,204000
2023-05-30 09:34:03,43,W+R,0,False,False,False,B,-0.88,13.2196,204000
2023-05-30 09:34:15,42,B+R,0,False,False,False,W,-0.88,13.2048,204000
2023-05-30 09:34:26,42,B+R,0,False,False,False,W,-0.88,13.1542,204000
2023-05-30 09:34:38,42,B+R,0,False,False,False,W,-0.88,13.138,204000
2023-05-30 09:34:50,43,W+R,0,False,False,False,B,-0.88,13.1395,204000
2023-05-30 09:34:57,43,W+R,0,False,False,False,B,-0.88,13.1037,204000
2023-05-30 09:35:07,42,B+R,0,False,False,False,W,-0.88,12.9503,204000
2023-05-30 09:35:24,61,W+R,0,False,False,False,B,-0.88,12.9818,204000
2023-05-30 09:35:36,43,W+R,0,False,False,False,B,-0.88,13.015,204000
2023-05-30 09:35:46,42,B+R,1,False,False,False,W,-0.88,13.017,204000
2023-05-30 09:35:58,43,W+R,0,False,False,False,B,-0.88,13.0218,204000
2023-05-30 09:36:32,91,W+R,2,False,False,False,B,-0.88,13.2639,204000
2023-05-30 09:36:41,42,B+R,0,False,False,False,W,-0.88,13.1813,204000
2023-05-30 09:36:53,42,B+R,0,False,False,False,W,-0.88,13.1879,204000
2023-05-30 09:37:09,52,B+R,0,False,False,False,W,-0.88,13.2206,204000
2023-05-30 09:37:18,43,W+R,0,False,False,False,B,-0.88,13.1696,204000
2023-05-30 09:37:29,43,W+R,0,False,False,False,B,-0.88,13.176,204000
2023-05-30 09:37:42,43,W+R,0,False,False,False,B,-0.88,13.1728,204000
2023-05-30 09:37:54,43,W+R,0,False,False,False,B,-0.88,13.1781,204000
2023-05-30 09:38:05,43,W+R,0,False,False,False,B,-0.88,13.1101,204000
2023-05-30 09:38:24,56,B+R,0,False,False,False,W,-0.88,13.1119,204000
2023-05-30 09:38:35,42,B+R,0,False,False,False,W,-0.88,13.0852,204000
2023-05-30 09:38:55,87,B+0.5,17,True,True,False,W,-0.88,13.1762,204000
2023-05-30 09:39:07,43,W+R,0,False,False,False,B,-0.88,13.1552,204000
2023-05-30 09:39:24,67,W+6.5,9,True,True,False,B,-0.88,13.2049,204000
2023-05-30 09:39:35,43,W+R,0,False,False,False,B,-0.88,13.2128,204000
2023-05-30 09:39:47,42,B+R,0,False,False,False,W,-0.88,13.2275,204000
2023-05-30 09:40:02,60,B+R,3,False,False,False,W,-0.88,13.2589,204000
2023-05-30 09:40:14,43,W+R,0,False,False,False,B,-0.88,13.2578,204000
2023-05-30 09:40:27,42,B+R,0,False,False,False,W,-0.88,13.2142,204000
2023-05-30 09:40:35,42,B+R,0,False,False,False,W,-0.88,13.1876,204000
2023-05-30 09:40:45,43,W+R,0,False,False,False,B,-0.88,13.1736,204000
2023-05-30 09:40:56,43,W+R,0,False,False,False,B,-0.88,13.1701,204000
2023-05-30 09:41:23,108,W+2.5,21,True,True,False,B,-0.88,13.3189,204000
2023-05-30 09:41:38,55,W+R,0,False,False,False,B,-0.88,13.2421,204000
2023-05-30 09:41:50,42,B+R,0,False,False,False,W,-0.88,13.241,204000
2023-05-30 09:42:59,42,B+R,0,False,False,False,W,-0.88,13.0637,205000
2023-05-30 09:43:11,49,W+R,0,False,False,False,B,-0.88,12.9496,205000
2023-05-30 09:43:23,42,B+R,0,False,False,False,W,-0.88,12.9412,205000
2023-05-30 09:43:47,78,B+R,3,False,False,False,W,-0.88,13.064,205000
2023-05-30 09:43:58,43,W+R,1,False,False,False,B,-0.88,13.0684,205000
2023-05-30 09:44:09,42,B+R,0,False,False,False,W,-0.88,13.0685,205000
2023-05-30 09:44:21,42,B+R,0,False,False,False,W,-0.88,13.0579,205000
2023-05-30 09:44:33,42,B+R,0,False,False,False,W,-0.88,13.047,205000
2023-05-30 09:44:48,61,B+7.5,8,True,True,False,W,-0.88,13.0898,205000
2023-05-30 09:45:00,43,W+R,0,False,False,False,B,-0.88,13.1017,205000
2023-05-30 09:45:11,43,W+R,0,False,False,False,B,-0.88,13.0921,205000
2023-05-30 09:45:23,42,B+R,0,False,False,False,W,-0.88,13.0942,205000
2023-05-30 09:45:34,42,B+R,6,False,False,False,W,-0.88,13.0733,205000
2023-05-30 09:45:46,42,B+R,0,False,False,False,W,-0.88,13.0661,205000
2023-05-30 09:45:59,46,B+R,0,False,False,False,W,-0.88,13.0756,205000
2023-05-30 09:46:10,42,B+R,0,False,False,False,W,-0.88,13.0751,205000
2023-05-30 09:46:21,43,W+R,0,False,False,False,B,-0.88,13.066,205000
2023-05-30 09:46:32,43,W+R,0,False,False,False,B,-0.88,13.0599,205000
2023-05-30 09:46:52,67,W+R,3,False,False,False,B,-0.88,13.1443,205000
2023-05-30 09:47:03,42,B+R,0,False,False,False,W,-0.88,13.1311,205000
2023-05-30 09:47:16,43,W+R,0,False,False,False,B,-0.88,13.0967,205000
2023-05-30 09:47:28,42,B+R,0,False,False,False,W,-0.88,13.0873,205000
2023-05-30 09:47:47,66,W+8.5,2,True,True,False,B,-0.88,13.1509,205000
2023-05-30 09:47:58,42,B+R,0,False,False,False,W,-0.88,13.161,205000
2023-05-30 09:48:11,43,W+R,0,False,False,False,B,-0.88,13.1674,205000
2023-05-30 09:48:24,43,W+R,0,False,False,False,B,-0.88,13.184,205000
2023-05-30 09:48:34,43,W+R,0,False,False,False,B,-0.88,13.1695,205000
2023-05-30 09:48:46,43,W+R,0,False,False,False,B,-0.88,13.1372,205000
2023-05-30 09:48:58,42,B+R,0,False,False,False,W,-0.88,13.1371,205000
2023-05-30 09:49:11,42,B+R,0,False,False,False,W,-0.88,13.1447,205000
2023-05-30 09:49:23,42,B+R,0,False,False,False,W,-0.88,13.1594,205000
2023-05-30 09:49:34,42,B+R,0,False,False,False,W,-0.88,13.0513,205000
2023-05-30 09:49:49,45,W+R,0,False,False,False,B,-0.88,13.0971,205000
2023-05-30 09:50:01,42,B+R,0,False,False,False,W,-0.88,12.991,205000
2023-05-30 09:50:11,41,B+9.5,5,False,False,False,,-0.88,12.9961,205000
2023-05-30 09:50:22,43,W+R,0,False,False,False,B,-0.88,12.9853,205000
2023-05-30 09:50:40,80,W+4.5,6,True,True,False,B,-0.88,12.9833,205000
2023-05-30 09:50:51,43,W+R,0,False,False,False,B,-0.88,12.9422,205000
2023-05-30 09:51:23,109,B+2.5,16,True,True,False,W,-0.88,13.149,205000
2023-05-30 09:51:35,43,W+R,1,False,False,False,B,-0.88,13.0776,205000
2023-05-30 09:51:58,74,B+R,0,False,False,False,W,-0.88,13.1535,205000
2023-05-30 09:52:09,42,B+R,0,False,False,False,W,-0.88,13.1501,205000
2023-05-30 09:52:22,43,W+R,1,False,False,False,B,-0.88,13.1327,205000
2023-05-30 09:52:32,42,B+R,0,False,False,False,W,-0.88,13.101,205000
2023-05-30 09:52:41,42,B+R,0,False,False,False,W,-0.88,13.0154,205000
2023-05-30 09:52:54,43,W+R,0,False,False,False,B,-0.88,13.0694,205000
2023-05-30 09:54:07,42,B+R,6,False,False,False,W,-0.88,13.0829,206000
2023-05-30 09:54:18,43,W+R,0,False,False,False,B,-0.88,12.9763,206000
2023-05-30 09:54:31,43,W+R,0,False,False,False,B,-0.88,12.9894,206000
2023-05-30 09:55:07,117,B+6.5,20,True,True,False,W,-0.88,13.2709,206000
2023-05-30 09:55:18,42,B+R,0,False,False,False,W,-0.88,13.2783,206000
2023-05-30 09:55:29,42,B+R,0,False,False,False,W,-0.88,13.2857,206000
2023-05-30 09:55:44,56,B+R,0,False,False,False,W,-0.88,13.307,206000
2023-05-30 09:55:55,42,B+R,0,False,False,False,W,-0.88,13.2886,206000
2023-05-30 09:56:07,42,B+R,0,False,False,False,W,-0.88,13.3223,206000
2023-05-30 09:56:19,43,W+R,0,False,False,False,B,-0.88,13.3238,206000
2023-05-30 09:56:30,43,W+R,0,False,False,False,B,-0.88,13.3133,206000
2023-05-30 09:56:50,60,B+R,0,False,False,False,W,-0.88,13.356,206000
2023-05-30 09:57:01,42,B+R,4,False,False,False,W,-0.88,13.3421,206000
2023-05-30 09:57:11,43,W+R,0,False,False,False,B,-0.88,13.2559,206000
2023-05-30 09:57:27,55,W+R,0,False,False,False,B,-0.88,13.2643,206000
2023-05-30 09:57:38,43,W+R,0,False,False,False,B,-0.88,13.255,206000
2023-05-30 09:57:50,43,W+R,0,False,False,False,B,-0.88,13.2623,206000
2023-05-30 09:58:01,43,W+R,0,False,False,False,B,-0.88,13.2625,206000
2023-05-30 09:58:12,42,B+R,0,False,False,False,W,-0.88,13.261,206000
2023-05-30 09:58:25,42,B+R,0,False,False,False,W,-0.88,13.269,206000
2023-05-30 09:58:35,43,W+R,4,False,False,False,B,-0.88,13.2497,206000
2023-05-30 09:58:46,43,W+R,0,False,False,False,B,-0.88,13.2866,206000
2023-05-30 09:59:04,67,B+2.5,3,True,True,False,W,-0.88,13.3639,206000
2023-05-30 09:59:16,42,B+R,0,False,False,False,W,-0.88,13.316,206000
2023-05-30 09:59:27,43,W+R,0,False,False,False,B,-0.88,13.3139,206000
2023-05-30 09:59:39,42,B+R,1,False,False,False,W,-0.88,13.3226,206000
2023-05-30 09:59:51,43,W+R,0,False,False,False,B,-0.88,13.3258,206000
2023-05-30 10:00:08,55,W+R,0,False,False,False,B,-0.88,13.1655,206000
2023-05-30 10:00:20,42,B+R,0,False,False,False,W,-0.88,13.1871,206000
2023-05-30 10:00:34,48,B+R,0,False,False,False,W,-0.88,13.2123,206000
2023-05-30 10:00:46,43,W+R,0,False,False,False,B,-0.88,13.1665,206000
2023-05-30 10:00:56,43,W+R,0,False,False,False,B,-0.88,13.1805,206000
2023-05-30 10:01:10,56,B+R,0,False,False,False,W,-0.88,13.216,206000
2023-05-30 10:01:22,43,W+R,0,False,False,False,B,-0.88,13.1977,206000
2023-05-30 10:01:35,43,W+R,0,False,False,False,B,-0.88,13.2029,206000
2023-05-30 10:01:47,43,W+R,1,False,False,False,B,-0.88,13.2099,206000
2023-05-30 10:01:59,42,B+R,0,False,False,False,W,-0.88,13.1511,206000
2023-05-30 10:02:13,42,B+R,0,False,False,False,W,-0.88,13.1828,206000
2023-05-30 10:02:25,43,W+R,0,False,False,False,B,-0.88,13.095,206000
2023-05-30 10:02:35,43,W+R,0,False,False,False,B,-0.88,13.0806,206000
2023-05-30 10:02:44,43,W+R,0,False,False,False,B,-0.88,13.0025,206000
2023-05-30 10:03:11,93,W+13.5,8,True,True,False,B,-0.88,13.1624,206000
2023-05-30 10:03:23,43,W+R,3,False,False,False,B,-0.88,13.1553,206000
2023-05-30 10:03:34,42,B+R,0,False,False,False,W,-0.88,13.1171,206000
2023-05-30 10:03:45,42,B+R,0,False,False,False,W,-0.88,13.108,206000
2023-05-30 10:03:57,43,W+R,0,False,False,False,B,-0.88,13.0983,206000
2023-05-30 10:05:06,43,W+R,0,False,False,False,B,-0.88,13.1116,207000
2023-05-30 10:05:17,42,B+R,0,False,False,False,W,-0.88,13.1074,207000
2023-05-30 10:05:26,47,W+R,0,False,False,False,B,-0.88,12.9337,207000
2023-05-30 10:05:36,43,W+R,0,False,False,False,B,-0.88,12.8799,207000
2023-05-30 10:05:53,55,W+R,0,False,False,False,B,-0.88,12.9292,207000
2023-05-30 10:06:05,42,B+R,0,False,False,False,W,-0.88,12.9513,207000
2023-05-30 10:06:34,119,W+2.5,27,True,True,False,B,-0.88,13.1303,207000
2023-05-30 10:06:45,42,B+R,0,False,False,False,W,-0.88,13.1177,207000
2023-05-30 10:06:55,42,B+R,1,False,False,False,W,-0.88,13.102,207000
2023-05-30 10:07:05,43,W+R,0,False,False,False,B,-0.88,12.9632,207000
2023-05-30 10:07:17,42,B+R,0,False,False,False,W,-0.88,12.9686,207000
2023-05-30 10:07:30,42,B+R,0,False,False,False,W,-0.88,12.9857,207000
2023-05-30 10:07:42,43,W+R,0,False,False,False,B,-0.88,12.989,207000
2023-05-30 10:08:00,73,W+R,0,False,False,False,B,-0.88,13.0524,207000
2023-05-30 10:08:09,42,B+R,0,False,False,False,W,-0.88,12.9957,207000
2023-05-30 10:08:23,49,W+R,0,False,False,False,B,-0.88,13.0054,207000
2023-05-30 10:08:36,43,W+R,0,False,False,False,B,-0.88,13.0283,207000
2023-05-30 10:08:47,42,B+R,1,False,False,False,W,-0.88,13.0242,207000
2023-05-30 10:09:00,43,W+R,1,False,False,False,B,-0.88,13.0358,207000
2023-05-30 10:09:11,43,W+R,0,False,False,False,B,-0.88,13.0331,207000
2023-05-30 10:09:38,78,B+R,0,False,False,False,W,-0.88,13.1721,207000
2023-05-30 10:09:51,43,W+R,0,False,False,False,B,-0.88,13.1929,207000
2023-05-30 10:10:02,43,W+R,0,False,False,False,B,-0.88,13.1916,207000
2023-05-30 10:10:12,43,W+R,0,False,False,False,B,-0.88,13.1808,207000
2023-05-30 10:10:24,51,W+R,0,False,False,False,B,-0.88,13.1007,207000
2023-05-30 10:10:37,42,B+R,0,False,False,False,W,-0.88,13.1201,207000
2023-05-30 10:10:51,43,W+R,0,False,False,False,B,-0.88,13.128,207000
2023-05-30 10:11:03,43,W+R,0,False,False,False,B,-0.88,13.1224,207000
2023-05-30 10:11:13,42,B+R,0,False,False,False,W,-0.88,13.0367,207000
2023-05-30 10:11:27,69,W+R,0,False,False,False,B,-0.88,13.0671,207000
2023-05-30 10:11:34,42,B+R,0,False,False,False,W,-0.88,13.0076,207000
2023-05-30 10:11:50,55,W+R,0,False,False,False,B,-0.88,13.0377,207000
2023-05-30 10:12:02,43,W+R,0,False,False,False,B,-0.88,13.0602,207000
2023-05-30 10:12:15,42,B+R,5,False,False,False,W,-0.88,13.0685,207000
2023-05-30 10:12:27,43,W+R,0,False,False,False,B,-0.88,13.0651,207000
2023-05-30 10:12:43,53,W+R,0,False,False,False,B,-0.88,13.0999,207000
2023-05-30 10:12:56,42,B+R,0,False,False,False,W,-0.88,13.1114,207000
2023-05-30 10:13:08,43,W+R,1,False,False,False,B,-0.88,13.1136,207000
2023-05-30 10:13:19,42,B+R,0,False,False,False,W,-0.88,13.0794,207000
2023-05-30 10:13:31,43,W+R,0,False,False,False,B,-0.88,13.0759,207000
2023-05-30 10:13:42,43,W+R,0,False,False,False,B,-0.88,13.093,207000
2023-05-30 10:14:08,89,W+6.5,6,True,True,False,B,-0.88,13.2455,207000
2023-05-30 10:14:21,43,W+R,0,False,False,False,B,-0.88,13.1937,207000
2023-05-30 10:14:40,93,B+13.5,14,True,True,False,W,-0.88,13.2689,207000
2023-05-30 10:14:52,43,W+R,0,False,False,False,B,-0.88,13.0624,207000
2023-05-30 10:15:05,43,W+R,0,False,False,False,B,-0.88,13.0778,207000
2023-05-30 10:16:15,46,B+R,0,False,False,False,W,-0.88,12.9837,208000
2023-05-30 10:16:26,43,W+R,0,False,False,False,B,-0.88,12.9781,208000
2023-05-30 10:16:38,43,W+R,1,False,False,False,B,-0.88,12.9941,208000
2023-05-30 10:16:47,42,B+R,0,False,False,False,W,-0.88,12.9971,208000
2023-05-30 10:17:04,57,W+R,0,False,False,False,B,-0.88,13.0336,208000
2023-05-30 10:17:21,66,B+R,0,False,False,False,W,-0.88,13.101,208000
2023-05-30 10:17:32,43,W+R,0,False,False,False,B,-0.88,13.0979,208000
2023-05-30 10:17:43,42,B+R,0,False,False,False,W,-0.88,13.1035,208000
2023-05-30 10:17:58,52,B+R,0,False,False,False,W,-0.88,13.1357,208000
2023-05-30 10:18:23,85,W+7.5,10,True,True,False,B,-0.88,13.0184,208000
2023-05-30 10:18:47,117,W+6.5,21,True,True,False,B,-0.88,13.1478,208000
2023-05-30 10:19:00,42,B+R,0,False,False,False,W,-0.88,13.1616,208000
2023-05-30 10:19:11,43,W+R,0,False,False,False,B,-0.88,13.1292,208000
2023-05-30 10:19:27,50,B+R,0,False,False,False,W,-0.88,13.1766,208000
2023-05-30 10:19:43,58,B+R,0,False,False,False,W,-0.88,13.2149,208000
2023-05-30 10:19:54,43,W+R,0,False,False,False,B,-0.88,13.2102,208000
2023-05-30 10:20:14,67,W+0.5,8,True,False,False,,-0.88,13.2924,208000
2023-05-30 10:20:25,43,W+R,0,False,False,False,B,-0.88,13.2075,208000
2023-05-30 10:20:38,49,B+15.5,3,True,True,False,W,-0.88,13.2314,208000
2023-05-30 10:20:54,46,B+R,0,False,False,False,W,-0.88,13.2851,208000
2023-05-30 10:21:04,42,B+R,0,False,False,False,W,-0.88,13.2255,208000
2023-05-30 10:21:17,43,W+R,0,False,False,False,B,-0.88,13.2469,208000
2023-05-30 10:21:31,43,W+R,0,False,False,False,B,-0.88,13.2684,208000
2023-05-30 10:21:43,42,B+R,0,False,False,False,W,-0.88,13.2759,208000
2023-05-30 10:21:56,43,W+R,0,False,False,False,B,-0.88,13.2912,208000
2023-05-30 10:22:06,42,B+R,0,False,False,False,W,-0.88,13.2739,208000
2023-05-30 10:22:23,72,W+2.5,9,True,True,False,B,-0.88,13.3349,208000
2023-05-30 10:22:33,42,B+R,0,False,False,False,W,-0.88,13.3263,208000
2023-05-30 10:22:44,43,W+R,0,False,False,False,B,-0.88,13.2589,208000
2023-05-30 10:22:56,43,W+R,1,False,False,False,B,-0.88,13.2631,208000
2023-05-30 10:23:16,62,B+R,0,False,False,False,W,-0.88,13.3428,208000
2023-05-30 10:23:27,43,W+R,0,False,False,False,B,-0.88,13.3396,208000
2023-05-30 10:23:41,43,W+R,0,False,False,False,B,-0.88,13.3526,208000
2023-05-30 10:24:01,62,B+R,0,False,False,False,W,-0.88,13.3851,208000
2023-05-30 10:24:13,45,W+R,0,False,False,False,B,-0.88,13.3807,208000
2023-05-30 10:24:24,43,W+R,0,False,False,False,B,-0.88,13.354,208000
2023-05-30 10:24:35,43,W+R,0,False,False,False,B,-0.88,13.3482,208000
2023-05-30 10:24:46,43,W+R,0,False,False,False,B,-0.88,13.3572,208000
2023-05-30 10:24:59,43,W+R,0,False,False,False,B,-0.88,13.3398,208000
2023-05-30 10:25:08,42,B+R,0,False,False,False,W,-0.88,13.3187,208000
2023-05-30 10:25:20,43,W+R,0,False,False,False,B,-0.88,13.3099,208000
2023-05-30 10:25:35,69,B+5.5,3,True,True,False,W,-0.88,13.3381,208000
2023-05-30 10:25:47,42,B+R,0,False,False,False,W,-0.88,13.336,208000
2023-05-30 10:25:58,43,W+R,0,False,False,False,B,-0.88,13.3001,208000
2023-05-30 10:27:16,45,W+R,0,False,False,False,B,-0.88,13.3698,209000
2023-05-30 10:27:25,42,B+R,0,False,False,False,W,-0.88,13.3767,209000
2023-05-30 10:27:37,43,W+R,0,False,False,False,B,-0.88,13.2216,209000
2023-05-30 10:27:48,48,B+R,0,False,False,False,W,-0.88,13.2204,209000
2023-05-30 10:27:58,43,W+R,0,False,False,False,B,-0.88,13.2154,209000
2023-05-30 10:28:10,43,W+R,2,False,False,False,B,-0.88,13.217,209000
2023-05-30 10:28:20,43,W+R,0,False,False,False,B,-0.88,13.2025,209000
2023-05-30 10:28:32,42,B+R,1,False,False,False,W,-0.88,13.2099,209000
2023-05-30 10:28:49,57,W+R,0,False,False,False,B,-0.88,13.2901,209000
2023-05-30 10:29:09,86,W+5.5,7,True,True,False,B,-0.88,13.3821,209000
2023-05-30 10:29:23,52,B+R,0,False,False,False,W,-0.88,13.4304,209000
2023-05-30 10:29:34,43,W+R,0,False,False,False,B,-0.88,13.4392,209000
2023-05-30 10:29:45,43,W+R,0,False,False,False,B,-0.88,13.3846,209000
2023-05-30 10:29:56,43,W+R,0,False,False,False,B,-0.88,13.374,209000
2023-05-30 10:30:08,43,W+R,2,False,False,False,B,-0.88,13.2007,209000
2023-05-30 10:30:19,43,W+R,0,False,False,False,B,-0.88,13.2114,209000
2023-05-30 10:30:31,47,W+R,0,False,False,False,B,-0.88,13.225,209000
2023-05-30 10:30:44,43,W+R,0,False,False,False,B,-0.88,13.2501,209000
2023-05-30 10:30:55,42,B+R,0,False,False,False,W,-0.88,13.2398,209000
2023-05-30 10:31:06,43,W+R,0,False,False,False,B,-0.88,13.2286,209000
2023-05-30 10:31:18,43,W+R,0,False,False,False,B,-0.88,13.2283,209000
2023-05-30 10:31:31,43,W+R,0,False,False,False,B,-0.88,13.1691,209000
2023-05-30 10:31:41,42,B+R,0,False,False,False,W,-0.88,13.1833,209000
2023-05-30 10:31:52,43,W+R,0,False,False,False,B,-0.88,13.1552,209000
2023-05-30 10:32:10,59,W+R,0,False,False,False,B,-0.88,13.2033,209000
2023-05-30 10:32:23,43,W+R,0,False,False,False,B,-0.88,13.2195,209000
2023-05-30 10:32:44,84,B+7.5,4,True,True,False,W,-0.88,13.3083,209000
2023-05-30 10:32:55,43,W+R,0,False,False,False,B,-0.88,13.3015,209000
2023-05-30 10:33:07,42,B+R,0,False,False,False,W,-0.88,13.1489,209000
2023-05-30 10:33:18,43,W+R,0,False,False,False,B,-0.88,13.1261,209000
2023-05-30 10:33:29,42,B+R,0,False,False,False,W,-0.88,13.1313,209000
2023-05-30 10:33:42,43,W+R,0,False,False,False,B,-0.88,13.1588,209000
2023-05-30 10:34:06,84,W+0.5,3,True,True,False,B,-0.88,13.2868,209000
2023-05-30 10:34:21,52,B+R,0,False,False,False,W,-0.88,13.3053,209000
2023-05-30 10:34:33,43,W+R,0,False,False,False,B,-0.88,13.2843,209000
2023-05-30 10:34:42,43,W+R,0,False,False,False,B,-0.88,13.2602,209000
2023-05-30 10:34:54,43,W+R,0,False,False,False,B,-0.88,13.2783,209000
2023-05-30 10:35:07,43,W+R,0,False,False,False,B,-0.88,13.2627,209000
2023-05-30 10:35:19,43,W+R,0,False,False,False,B,-0.88,13.3084,209000
2023-05-30 10:35:31,43,W+R,0,False,False,False,B,-0.88,13.2727,209000
2023-05-30 10:35:43,43,W+R,0,False,False,False,B,-0.88,13.2701,209000
2023-05-30 10:35:55,43,W+R,3,False,False,False,B,-0.88,13.2605,209000
2023-05-30 10:36:07,42,B+R,0,False,False,False,W,-0.88,13.2613,209000
2023-05-30 10:36:22,54,B+R,0,False,False,False,W,-0.88,13.2616,209000
2023-05-30 10:36:33,43,W+R,0,False,False,False,B,-0.88,13.2351,209000
2023-05-30 10:36:46,43,W+R,0,False,False,False,B,-0.88,13.2471,209000
2023-05-30 10:36:57,43,W+R,0,False,False,False,B,-0.88,13.2442,209000
2023-05-30 10:37:10,42,B+R,0,False,False,False,W,-0.88,13.2529,209000
2023-05-30 10:38:19,43,W+R,0,False,False,False,B,-0.88,13.1147,210000
2023-05-30 10:38:31,43,W+R,0,False,False,False,B,-0.88,13.0994,210000
2023-05-30 10:38:42,42,B+R,0,False,False,False,W,-0.88,13.032,210000
2023-05-30 10:38:56,42,B+R,0,False,False,False,W,-0.88,13.0513,210000
2023-05-30 10:39:09,43,W+R,0,False,False,False,B,-0.88,13.0479,210000
2023-05-30 10:39:23,47,W+R,0,False,False,False,B,-0.88,13.0959,210000
2023-05-30 10:39:34,42,B+R,0,False,False,False,W,-0.88,13.0493,210000
2023-05-30 10:39:45,43,W+R,0,False,False,False,B,-0.88,13.0434,210000
2023-05-30 10:39:59,46,B+R,0,False,False,False,W,-0.88,13.0704,210000
2023-05-30 10:40:13,43,W+R,0,False,False,False,B,-0.88,13.1099,210000
2023-05-30 10:40:25,42,B+R,0,False,False,False,W,-0.88,13.0629,210000
2023-05-30 10:40:36,42,B+R,0,False,False,False,W,-0.88,13.0085,210000
2023-05-30 10:40:47,42,B+R,0,False,False,False,W,-0.88,13.0038,210000
2023-05-30 10:41:05,57,W+R,0,False,False,False,B,-0.88,13.0731,210000
2023-05-30 10:41:15,43,W+R,0,False,False,False,B,-0.88,13.0129,210000
2023-05-30 10:41:26,43,W+R,0,False,False,False,B,-0.88,12.8802,210000
2023-05-30 10:41:40,42,B+R,0,False,False,False,W,-0.88,12.7845,210000
2023-05-30 10:41:51,43,W+R,0,False,False,False,B,-0.88,12.7689,210000
2023-05-30 10:42:04,43,W+R,0,False,False,False,B,-0.88,12.7763,210000
2023-05-30 10:42:16,43,W+R,0,False,False,False,B,-0.88,12.7433,210000
2023-05-30 10:42:27,43,W+R,1,False,False,False,B,-0.88,12.695,210000
2023-05-30 10:42:39,42,B+R,0,False,False,False,W,-0.88,12.6996,210000
2023-05-30 10:42:49,42,B+R,0,False,False,False,W,-0.88,12.6058,210000
2023-05-30 10:42:58,43,W+R,0,False,False,False,B,-0.88,12.5873,210000
2023-05-30 10:43:11,43,W+R,0,False,False,False,B,-0.88,12.5773,210000
2023-05-30 10:43:37,74,B+R,3,False,False,False,W,-0.88,12.6796,210000
2023-05-30 10:43:48,42,B+R,0,False,False,False,W,-0.88,12.6879,210000
2023-05-30 10:44:00,42,B+R,0,False,False,False,W,-0.88,12.6801,210000
2023-05-30 10:44:11,43,W+R,0,False,False,False,B,-0.88,12.6486,210000
2023-05-30 10:44:23,53,W+7.5,4,True,True,False,B,-0.88,12.6541,210000
2023-05-30 10:44:36,43,W+R,0,False,False,False,B,-0.88,12.6594,210000
2023-05-30 10:44:48,43,W+R,0,False,False,False,B,-0.88,12.6703,210000
2023-05-30 10:44:58,42,B+R,0,False,False,False,W,-0.88,12.6022,210000
2023-05-30 10:45:09,69,B+5.5,9,True,True,False,W,-0.88,12.6168,210000
2023-05-30 10:45:21,42,B+R,0,False,False,False,W,-0.88,12.6177,210000
2023-05-30 10:45:37,57,W+R,0,False,False,False,B,-0.88,12.6595,210000
2023-05-30 10:46:05,96,B+8.5,13,True,True,True,B,-0.88,12.741,210000
2023-05-30 10:46:17,42,B+R,0,False,False,False,W,-0.88,12.7532,210000
2023-05-30 10:46:38,66,B+R,0,False,False,False,W,-0.88,12.8243,210000
2023-05-30 10:46:51,50,B+R,0,False,False,False,W,-0.88,12.7493,210000
2023-05-30 10:47:04,42,B+R,0,False,False,False,W,-0.88,12.7669,210000
2023-05-30 10:47:15,43,W+R,0,False,False,False,B,-0.88,12.7614,210000
2023-05-30 10:47:28,44,B+R,0,False,False,False,W,-0.88,12.7866,210000
2023-05-30 10:47:38,43,W+R,0,False,False,False,B,-0.88,12.7673,210000
2023-05-30 10:47:49,43,W+R,0,False,False,False,B,-0.88,12.7512,210000
2023-05-30 10:49:19,43,W+R,0,False,False,False,B,-0.88,12.9468,211000
2023-05-30 10:49:30,42,B+R,0,False,False,False,W,-0.88,12.9173,211000
2023-05-30 10:49:42,43,W+R,0,False,False,False,B,-0.88,12.9091,211000
2023-05-30 10:50:19,162,W+4.5,35,True,True,False,B,-0.88,13.1766,211000
2023-05-30 10:50:30,43,W+R,0,False,False,False,B,-0.88,13.1237,211000
2023-05-30 10:50:48,68,B+R,0,False,False,False,W,-0.88,13.1741,211000
2023-05-30 10:51:16,92,B+R,0,False,False,False,W,-0.88,13.3638,211000
2023-05-30 10:51:30,42,B+R,0,False,False,False,W,-0.88,13.3798,211000
2023-05-30 10:51:41,43,W+R,0,False,False,False,B,-0.88,13.382,211000
2023-05-30 10:51:54,47,W+R,0,False,False,False,B,-0.88,13.4098,211000
2023-05-30 10:52:04,43,W+R,0,False,False,False,B,-0.88,13.3975,211000
2023-05-30 10:52:15,42,B+R,0,False,False,False,W,-0.88,13.3956,211000
2023-05-30 10:52:25,42,B+R,0,False,False,False,W,-0.88,13.3826,211000
2023-05-30 10:52:36,43,W+R,0,False,False,False,B,-0.88,13.322,211000
2023-05-30 10:52:48,43,W+R,0,False,False,False,B,-0.88,13.24,211000
2023-05-30 10:53:00,43,W+R,0,False,False,False,B,-0.88,13.2167,211000
2023-05-30 10:53:11,42,B+R,0,False,False,False,W,-0.88,13.2236,211000
2023-05-30 10:53:21,43,W+R,0,False,False,False,B,-0.88,13.2118,211000
2023-05-30 10:53:32,43,W+R,0,False,False,False,B,-0.88,13.215,211000
2023-05-30 10:53:52,63,W+R,0,False,False,False,B,-0.88,13.2916,211000
2023-05-30 10:54:05,43,W+R,0,False,False,False,B,-0.88,13.3031,211000
2023-05-30 10:54:18,43,W+R,0,False,False,False,B,-0.88,13.3134,211000
2023-05-30 10:54:38,73,W+R,1,False,False,False,B,-0.88,13.3937,211000
2023-05-30 10:54:51,42,B+R,0,False,False,False,W,-0.88,13.4108,211000
2023-05-30 10:55:02,42,B+R,1,False,False,False,W,-0.88,13.4079,211000
2023-05-30 10:55:26,70,B+R,0,False,False,False,W,-0.88,13.5328,211000
2023-05-30 10:55:38,43,W+R,0,False,False,False,B,-0.88,13.5263,211000
2023-05-30 10:55:51,43,W+R,0,False,False,False,B,-0.88,13.5506,211000
2023-05-30 10:56:04,43,W+R,0,False,False,False,B,-0.88,13.5652,211000
2023-05-30 10:56:15,40,W+14.5,3,True,False,False,,-0.88,13.5034,211000
2023-05-30 10:56:38,101,W+2.5,16,True,True,False,B,-0.88,13.6041,211000
2023-05-30 10:56:50,43,W+R,0,False,False,False,B,-0.88,13.5097,211000
2023-05-30 10:57:12,66,B+R,0,False,False,False,W,-0.88,13.616,211000
2023-05-30 10:57:38,86,B+2.5,4,True,True,False,W,-0.88,13.7664,211000
2023-05-30 10:57:50,43,W+R,0,False,False,False,B,-0.88,13.7707,211000
2023-05-30 10:58:03,42,B+R,0,False,False,False,W,-0.88,13.7949,211000
2023-05-30 10:58:15,42,B+R,0,False,False,False,W,-0.88,13.784,211000
2023-05-30 10:58:28,43,W+R,0,False,False,False,B,-0.88,13.668,211000
2023-05-30 10:58:40,42,B+R,0,False,False,False,W,-0.88,13.6359,211000
2023-05-30 10:58:52,43,W+R,0,False,False,False,B,-0.88,13.646,211000
2023-05-30 10:59:04,43,W+R,0,False,False,False,B,-0.88,13.6712,211000
2023-05-30 10:59:16,43,W+R,0,False,False,False,B,-0.88,13.6643,211000
2023-05-30 11:00:23,43,W+R,0,False,False,False,B,-0.88,13.6101,212000
2023-05-30 11:00:34,43,W+R,2,False,False,False,B,-0.88,13.6016,212000
2023-05-30 11:00:45,43,W+R,0,False,False,False,B,-0.88,13.5898,212000
2023-05-30 11:00:56,43,W+R,0,False,False,False,B,-0.88,13.5864,212000
2023-05-30 11:01:09,43,W+R,0,False,False,False,B,-0.88,13.5956,212000
2023-05-30 11:01:21,45,W+R,0,False,False,False,B,-0.88,13.5531,212000
2023-05-30 11:01:33,43,W+R,0,False,False,False,B,-0.88,13.5628,212000
2023-05-30 11:01:44,43,W+R,0,False,False,False,B,-0.88,13.5501,212000
2023-05-30 11:01:58,49,W+R,0,False,False,False,B,-0.88,13.5722,212000
2023-05-30 11:02:09,43,W+R,0,False,False,False,B,-0.88,13.5639,212000
2023-05-30 11:02:21,43,W+R,1,False,False,False,B,-0.88,13.5747,212000
2023-05-30 11:02:32,45,W+R,0,False,False,False,B,-0.88,13.5606,212000
2023-05-30 11:02:46,42,B+R,0,False,False,False,W,-0.88,13.5771,212000
2023-05-30 11:03:00,57,W+R,0,False,False,False,B,-0.88,13.6007,212000
2023-05-30 11:03:17,59,W+R,0,False,False,False,B,-0.88,13.6349,212000
2023-05-30 11:03:27,43,W+R,0,False,False,False,B,-0.88,13.6035,212000
2023-05-30 11:03:38,45,W+R,0,False,False,False,B,-0.88,13.5782,212000
2023-05-30 11:03:51,42,B+R,0,False,False,False,W,-0.88,13.5966,212000
2023-05-30 11:04:05,49,W+R,0,False,False,False,B,-0.88,13.6278,212000
2023-05-30 11:04:17,43,W+R,0,False,False,False,B,-0.88,13.5993,212000
2023-05-30 11:04:32,49,W+R,0,False,False,False,B,-0.88,13.6132,212000
2023-05-30 11:04:45,49,W+R,0,False,False,False,B,-0.88,13.629,212000
2023-05-30 11:04:56,42,B+R,2,False,False,False,W,-0.88,13.6266,212000
2023-05-30 11:05:07,42,B+R,0,False,False,False,W,-0.88,13.6297,212000
2023-05-30 11:05:19,43,W+R,0,False,False,False,B,-0.88,13.5677,212000
2023-05-30 11:05:36,64,B+R,1,False,False,False,W,-0.88,13.6411,212000
2023-05-30 11:05:52,51,W+R,0,False,False,False,B,-0.88,13.6877,212000
2023-05-30 11:06:04,43,W+R,0,False,False,False,B,-0.88,13.6637,212000
2023-05-30 11:06:15,43,W+R,0,False,False,False,B,-0.88,13.6646,212000
2023-05-30 11:06:26,43,W+R,0,False,False,False,B,-0.88,13.6469,212000
2023-05-30 11:06:37,43,W+R,0,False,False,False,B,-0.88,13.6352,212000
2023-05-30 11:06:52,52,B+R,0,False,False,False,W,-0.88,13.669,212000
2023-05-30 11:07:04,43,W+R,0,False,False,False,B,-0.88,13.6757,212000
2023-05-30 11:07:15,42,B+R,0,False,False,False,W,-0.88,13.6835,212000
2023-05-30 11:07:26,43,W+R,0,False,False,False,B,-0.88,13.703,212000
2023-05-30 11:07:38,42,B+R,0,False,False,False,W,-0.88,13.6943,212000
2023-05-30 11:07:50,43,W+R,0,False,False,False,B,-0.88,13.5617,212000
2023-05-30 11:08:02,43,W+R,0,False,False,False,B,-0.88,13.572,212000
2023-05-30 11:08:15,43,W+R,0,False,False,False,B,-0.88,13.5781,212000
2023-05-30 11:08:26,43,W+R,0,False,False,False,B,-0.88,13.5856,212000
2023-05-30 11:08:38,43,W+R,0,False,False,False,B,-0.88,13.5701,212000
2023-05-30 11:09:05,96,W+4.5,9,True,True,False,B,-0.88,13.7137,212000
2023-05-30 11:09:25,68,B+R,0,False,False,False,W,-0.88,13.7969,212000
2023-05-30 11:09:38,43,W+R,0,False,False,False,B,-0.88,13.8293,212000
2023-05-30 11:09:50,43,W+R,0,False,False,False,B,-0.88,13.8329,212000
2023-05-30 11:10:10,75,W+R,0,False,False,False,B,-0.88,13.9237,212000
2023-05-30 11:11:25,42,B+R,0,False,False,False,W,-0.88,13.7178,213000
2023-05-30 11:11:44,80,W+0.5,11,True,True,False,B,-0.88,13.7849,213000
2023-05-30 11:11:57,45,W+R,2,False,False,False,B,-0.88,13.7074,213000
2023-05-30 11:12:09,43,W+R,0,False,False,False,B,-0.88,13.6967,213000
2023-05-30 11:12:18,43,W+R,0,False,False,False,B,-0.88,13.6568,213000
2023-05-30 11:12:30,50,B+R,0,False,False,False,W,-0.88,13.6649,213000
2023-05-30 11:12:44,68,B+R,0,False,False,False,W,-0.88,13.6764,213000
2023-05-30 11:12:55,44,B+R,0,False,False,False,W,-0.88,13.6901,213000
2023-05-30 11:13:18,90,W+4.5,12,True,True,False,B,-0.88,13.8124,213000
2023-05-30 11:13:30,43,W+R,0,False,False,False,B,-0.88,13.6418,213000
2023-05-30 11:13:39,43,W+R,0,False,False,False,B,-0.88,13.6088,213000
2023-05-30 11:13:50,43,W+R,0,False,False,False,B,-0.88,13.603,213000
2023-05-30 11:14:01,43,W+R,0,False,False,False,B,-0.88,13.5941,213000
2023-05-30 11:14:13,43,W+R,0,False,False,False,B,-0.88,13.3438,213000
2023-05-30 11:14:25,43,W+R,0,False,False,False,B,-0.88,13.3603,213000
2023-05-30 11:14:35,43,W+R,0,False,False,False,B,-0.88,13.2763,213000
2023-05-30 11:14:54,87,B+4.5,2,True,True,False,W,-0.88,13.1895,213000
2023-05-30 11:15:07,43,W+R,0,False,False,False,B,-0.88,13.1827,213000
2023-05-30 11:15:18,43,W+R,0,False,False,False,B,-0.88,13.171,213000
2023-05-30 11:15:30,42,B+R,0,False,False,False,W,-0.88,13.1636,213000
2023-05-30 11:15:42,43,W+R,0,False,False,False,B,-0.88,13.1813,213000
2023-05-30 11:15:54,43,W+R,0,False,False,False,B,-0.88,13.1949,213000
2023-05-30 11:16:03,43,W+R,0,False,False,False,B,-0.88,13.1795,213000
2023-05-30 11:16:14,43,W+R,0,False,False,False,B,-0.88,13.1899,213000
2023-05-30 11:16:39,71,W+R,0,False,False,False,B,-0.88,13.3202,213000
2023-05-30 11:16:50,43,W+R,0,False,False,False,B,-0.88,13.3096,213000
2023-05-30 11:17:03,43,W+R,0,False,False,False,B,-0.88,13.3204,213000
2023-05-30 11:17:14,43,W+R,0,False,False,False,B,-0.88,13.3345,213000
2023-05-30 11:17:24,43,W+R,0,False,False,False,B,-0.88,13.3272,213000
2023-05-30 11:17:37,42,B+R,0,False,False,False,W,-0.88,13.2604,213000
2023-05-30 11:17:49,43,W+R,2,False,False,False,B,-0.88,13.252,213000
2023-05-30 11:18:10,93,W+1.5,15,True,True,False,B,-0.88,13.3349,213000
2023-05-30 11:18:22,43,W+R,1,False,False,False,B,-0.88,13.2405,213000
2023-05-30 11:18:37,53,W+R,0,False,False,False,B,-0.88,13.2715,213000
2023-05-30 11:18:52,53,W+R,0,False,False,False,B,-0.88,13.306,213000
2023-05-30 11:19:05,43,W+R,0,False,False,False,B,-0.88,13.1907,213000
2023-05-30 11:19:24,58,B+R,0,False,False,False,W,-0.88,13.2675,213000
2023-05-30 11:19:33,43,W+R,0,False,False,False,B,-0.88,13.2187,213000
2023-05-30 11:19:44,43,W+R,0,False,False,False,B,-0.88,13.2139,213000
2023-05-30 11:19:55,43,W+R,0,False,False,False,B,-0.88,13.2078,213000
2023-05-30 11:20:06,43,W+R,0,False,False,False,B,-0.88,13.0841,213000
2023-05-30 11:20:19,42,B+R,0,False,False,False,W,-0.88,13.0932,213000
2023-05-30 11:20:31,43,W+R,0,False,False,False,B,-0.88,12.9947,213000
2023-05-30 11:20:43,43,W+R,0,False,False,False,B,-0.88,12.8554,213000
2023-05-30 11:20:55,43,W+R,0,False,False,False,B,-0.88,12.8614,213000
2023-05-30 11:21:08,43,W+R,0,False,False,False,B,-0.88,12.8548,213000
2023-05-30 11:22:23,43,W+R,0,False,False,False,B,-0.88,12.8394,214000
2023-05-30 11:22:34,43,W+R,0,False,False,False,B,-0.88,12.8322,214000
2023-05-30 11:22:53,60,B+R,0,False,False,False,W,-0.88,12.8957,214000
2023-05-30 11:23:06,43,W+R,0,False,False,False,B,-0.88,12.9023,214000
2023-05-30 11:23:20,43,W+R,0,False,False,False,B,-0.88,12.9349,214000
2023-05-30 11:23:31,43,W+R,0,False,False,False,B,-0.88,12.9744,214000
2023-05-30 11:23:45,48,B+R,0,False,False,False,W,-0.88,12.9948,214000
2023-05-30 11:24:00,60,W+6.5,4,True,True,False,B,-0.88,13.0341,214000
2023-05-30 11:24:13,45,W+R,0,False,False,False,B,-0.88,13.0482,214000
2023-05-30 11:24:28,58,B+R,0,False,False,False,W,-0.88,13.0885,214000
2023-05-30 11:24:39,42,B+R,0,False,False,False,W,-0.88,13.0675,214000
2023-05-30 11:24:57,68,B+R,0,False,False,False,W,-0.88,13.1341,214000
2023-05-30 11:25:10,47,W+R,0,False,False,False,B,-0.88,13.1406,214000
2023-05-30 11:25:21,43,W+R,0,False,False,False,B,-0.88,13.1422,214000
2023-05-30 11:25:34,43,W+R,0,False,False,False,B,-0.88,13.1339,214000
2023-05-30 11:25:42,43,W+R,0,False,False,False,B,-0.88,13.1003,214000
2023-05-30 11:25:51,43,W+R,0,False,False,False,B,-0.88,13.074,214000
2023-05-30 11:26:00,43,W+R,0,False,False,False,B,-0.88,13.0499,214000
2023-05-30 11:26:12,42,B+R,0,False,False,False,W,-0.88,13.0318,214000
2023-05-30 11:26:20,43,W+R,0,False,False,False,B,-0.88,12.9741,214000
2023-05-30 11:26:29,43,W+R,0,False,False,False,B,-0.88,12.8962,214000
2023-05-30 11:26:41,43,W+R,0,False,False,False,B,-0.88,12.9188,214000
2023-05-30 11:26:58,69,W+20.5,7,True,True,False,B,-0.88,12.9632,214000
2023-05-30 11:27:09,43,W+R,0,False,False,False,B,-0.88,12.953,214000
2023-05-30 11:27:40,162,W+16.5,40,True,True,False,B,-0.88,13.1166,214000
2023-05-30 11:27:49,43,W+R,0,False,False,False,B,-0.88,13.0947,214000
2023-05-30 11:28:00,43,W+R,0,False,False,False,B,-0.88,13.0512,214000
2023-05-30 11:28:27,96,B+8.5,3,True,True,False,W,-0.88,13.1852,214000
2023-05-30 11:28:43,62,W+2.5,7,True,True,False,B,-0.88,13.241,214000
2023-05-30 11:28:54,43,W+R,0,False,False,False,B,-0.88,13.2352,214000
2023-05-30 11:29:06,43,W+R,0,False,False,False,B,-0.88,13.2326,214000
2023-05-30 11:29:31,81,W+R,0,False,False,False,B,-0.88,13.3261,214000
2023-05-30 11:29:43,43,W+R,2,False,False,False,B,-0.88,13.2815,214000
2023-05-30 11:29:54,43,W+R,0,False,False,False,B,-0.88,13.2793,214000
2023-05-30 11:30:07,43,W+R,0,False,False,False,B,-0.88,13.2904,214000
2023-05-30 11:30:19,43,W+R,0,False,False,False,B,-0.88,13.3082,214000
2023-05-30 11:30:40,63,W+R,0,False,False,False,B,-0.88,13.4046,214000
2023-05-30 11:30:52,43,W+R,0,False,False,False,B,-0.88,13.3711,214000
2023-05-30 11:31:05,43,W+R,0,False,False,False,B,-0.88,13.3806,214000
2023-05-30 11:31:17,43,W+R,0,False,False,False,B,-0.88,13.3896,214000
2023-05-30 11:31:28,43,W+R,0,False,False,False,B,-0.88,13.3923,214000
2023-05-30 11:31:47,63,W+R,0,False,False,False,B,-0.88,13.46,214000
2023-05-30 11:32:04,83,W+5.5,15,True,True,False,B,-0.88,13.5106,214000
2023-05-30 11:32:15,43,W+R,0,False,False,False,B,-0.88,13.4998,214000
2023-05-30 11:33:28,43,W+R,0,False,False,False,B,-0.88,13.4744,215000
2023-05-30 11:33:39,42,B+R,0,False,False,False,W,-0.88,13.4778,215000
2023-05-30 11:33:52,43,W+R,0,False,False,False,B,-0.88,13.3279,215000
2023-05-30 11:34:03,43,W+R,0,False,False,False,B,-0.88,13.24,215000
2023-05-30 11:34:15,43,W+R,0,False,False,False,B,-0.88,13.2339,215000
2023-05-30 11:34:28,42,B+R,0,False,False,False,W,-0.88,13.2355,215000
2023-05-30 11:34:39,43,W+R,0,False,False,False,B,-0.88,13.1492,215000
2023-05-30 11:34:52,43,W+R,0,False,False,False,B,-0.88,13.1548,215000
2023-05-30 11:35:03,43,W+R,0,False,False,False,B,-0.88,13.1518,215000
2023-05-30 11:35:14,43,W+R,0,False,False,False,B,-0.88,13.0746,215000
2023-05-30 11:35:33,59,W+R,0,False,False,False,B,-0.88,13.1316,215000
2023-05-30 11:35:46,43,W+R,0,False,False,False,B,-0.88,13.143,215000
2023-05-30 11:36:23,162,W+1.5,23,False,False,False,,-0.88,13.423,215000
2023-05-30 11:36:54,101,B+2.5,5,True,True,False,W,-0.88,13.6157,215000
2023-05-30 11:37:06,42,B+R,0,False,False,False,W,-0.88,13.5856,215000
2023-05-30 11:37:17,50,W+2.5,5,True,True,False,B,-0.88,13.5937,215000
2023-05-30 11:37:30,43,W+R,0,False,False,False,B,-0.88,13.4861,215000
2023-05-30 11:37:47,58,B+R,0,False,False,False,W,-0.88,13.5354,215000
2023-05-30 11:38:05,67,W+R,0,False,False,False,B,-0.88,13.6299,215000
2023-05-30 11:38:17,43,W+R,2,False,False,False,B,-0.88,13.6381,215000
2023-05-30 11:38:47,107,B+3.5,13,True,True,False,W,-0.88,13.8395,215000
2023-05-30 11:39:00,42,B+R,0,False,False,False,W,-0.88,13.839,215000
2023-05-30 11:39:11,43,W+R,0,False,False,False,B,-0.88,13.8267,215000
2023-05-30 11:39:20,43,W+R,0,False,False,False,B,-0.88,13.8253,215000
2023-05-30 11:39:32,43,W+R,1,False,False,False,B,-0.88,13.7435,215000
2023-05-30 11:39:45,43,W+R,0,False,False,False,B,-0.88,13.7473,215000
2023-05-30 11:39:56,43,W+R,0,False,False,False,B,-0.88,13.757,215000
2023-05-30 11:40:26,95,B+19.5,7,True,True,False,W,-0.88,13.9314,215000
2023-05-30 11:40:48,61,W+R,0,False,False,False,B,-0.88,14.0366,215000
2023-05-30 11:41:15,103,W+0.5,9,True,True,False,B,-0.88,14.1904,215000
2023-05-30 11:41:27,42,B+R,0,False,False,False,W,-0.88,14.213,215000
2023-05-30 11:41:49,76,W+4.5,3,True,True,False,B,-0.88,14.3134,215000
2023-05-30 11:42:01,43,W+R,0,False,False,False,B,-0.88,14.1879,215000
2023-05-30 11:42:13,43,W+R,0,False,False,False,B,-0.88,14.2008,215000
2023-05-30 11:42:25,43,W+R,0,False,False,False,B,-0.88,14.1941,215000
2023-05-30 11:42:39,43,W+R,0,False,False,False,B,-0.88,14.2206,215000
2023-05-30 11:43:01,67,W+R,0,False,False,False,B,-0.88,14.3432,215000
2023-05-30 11:43:13,43,W+R,0,False,False,False,B,-0.88,14.326,215000
2023-05-30 11:43:24,43,W+R,0,False,False,False,B,-0.88,14.3159,215000
2023-05-30 11:44:30,43,W+R,0,False,False,False,B,-0.88,14.1975,216000
2023-05-30 11:44:45,54,B+R,0,False,False,False,W,-0.88,14.1907,216000
2023-05-30 11:44:57,43,W+R,1,False,False,False,B,-0.88,14.1603,216000
2023-05-30 11:45:20,79,W+R,2,False,False,False,B,-0.88,14.2623,216000
2023-05-30 11:45:35,47,W+R,0,False,False,False,B,-0.88,14.216,216000
2023-05-30 11:45:46,43,W+R,0,False,False,False,B,-0.88,14.2441,216000
2023-05-30 11:45:58,42,B+R,0,False,False,False,W,-0.88,14.2463,216000
2023-05-30 11:46:15,59,W+R,0,False,False,False,B,-0.88,14.3065,216000
2023-05-30 11:46:32,56,B+R,0,False,False,False,W,-0.88,14.3802,216000
2023-05-30 11:46:44,43,W+R,0,False,False,False,B,-0.88,14.364,216000
2023-05-30 11:46:57,43,W+R,0,False,False,False,B,-0.88,14.3768,216000
2023-05-30 11:47:10,42,B+R,0,False,False,False,W,-0.88,14.377,216000
2023-05-30 11:47:22,43,W+R,0,False,False,False,B,-0.88,14.3838,216000
2023-05-30 11:47:35,43,W+R,0,False,False,False,B,-0.88,14.3788,216000
2023-05-30 11:47:45,43,W+R,0,False,False,False,B,-0.88,14.3688,216000
2023-05-30 11:47:57,43,W+R,0,False,False,False,B,-0.88,14.3743,216000
2023-05-30 11:48:06,42,B+R,0,False,False,False,W,-0.88,14.351,216000
2023-05-30 11:48:16,43,W+R,0,False,False,False,B,-0.88,14.258,216000
2023-05-30 11:48:35,74,W+5.5,4,True,True,False,B,-0.88,14.3256,216000
2023-05-30 11:48:56,77,W+4.5,6,True,True,False,B,-0.88,14.3911,216000
2023-05-30 11:49:09,51,W+R,0,False,False,False,B,-0.88,14.4022,216000
2023-05-30 11:49:21,43,W+R,0,False,False,False,B,-0.88,14.3903,216000
2023-05-30 11:49:32,43,W+R,0,False,False,False,B,-0.88,14.3493,216000
2023-05-30 11:49:41,51,W+R,0,False,False,False,B,-0.88,14.3142,216000
2023-05-30 11:49:56,57,W+R,0,False,False,False,B,-0.88,14.3102,216000
2023-05-30 11:50:07,43,W+R,0,False,False,False,B,-0.88,14.3084,216000
2023-05-30 11:50:18,43,W+R,0,False,False,False,B,-0.88,14.2336,216000
2023-05-30 11:50:32,43,W+R,0,False,False,False,B,-0.88,14.2589,216000
2023-05-30 11:50:45,43,W+R,0,False,False,False,B,-0.88,14.2715,216000
2023-05-30 11:50:58,43,W+R,0,False,False,False,B,-0.88,14.2658,216000
2023-05-30 11:51:08,43,W+R,0,False,False,False,B,-0.88,14.2897,216000
2023-05-30 11:51:21,45,W+R,0,False,False,False,B,-0.88,14.3258,216000
2023-05-30 11:51:33,43,W+R,1,False,False,False,B,-0.88,14.352,216000
2023-05-30 11:51:45,43,W+R,0,False,False,False,B,-0.88,14.3616,216000
2023-05-30 11:52:08,70,B+R,2,False,False,False,W,-0.88,14.5033,216000
2023-05-30 11:52:20,43,W+R,0,False,False,False,B,-0.88,14.5371,216000
2023-05-30 11:52:32,43,W+R,0,False,False,False,B,-0.88,14.5328,216000
2023-05-30 11:52:54,109,W+2.5,18,True,True,False,B,-0.88,14.5975,216000
2023-05-30 11:53:06,43,W+R,0,False,False,False,B,-0.88,14.5941,216000
2023-05-30 11:53:18,43,W+R,0,False,False,False,B,-0.88,14.4115,216000
2023-05-30 11:53:30,43,W+R,0,False,False,False,B,-0.88,14.4433,216000
2023-05-30 11:53:41,43,W+R,0,False,False,False,B,-0.88,14.4473,216000
2023-05-30 11:54:01,59,W+R,0,False,False,False,B,-0.88,14.372,216000
2023-05-30 11:54:13,42,B+R,0,False,False,False,W,-0.88,14.3233,216000
2023-05-30 11:55:30,43,W+R,0,False,False,False,B,-0.88,14.3328,217000
2023-05-30 11:55:41,43,W+R,0,False,False,False,B,-0.88,14.187,217000
2023-05-30 11:55:52,43,W+R,0,False,False,False,B,-0.88,14.1841,217000
2023-05-30 11:56:03,43,W+R,0,False,False,False,B,-0.88,14.1754,217000
2023-05-30 11:56:14,43,W+R,0,False,False,False,B,-0.88,14.1529,217000
2023-05-30 11:56:26,43,W+R,3,False,False,False,B,-0.88,14.1545,217000
2023-05-30 11:56:37,43,W+R,0,False,False,False,B,-0.88,14.0619,217000
2023-05-30 11:56:59,105,W+6.5,13,True,True,False,B,-0.88,14.1636,217000
2023-05-30 11:57:10,43,W+R,0,False,False,False,B,-0.88,14.1465,217000
2023-05-30 11:57:22,43,W+R,0,False,False,False,B,-0.88,14.1427,217000
2023-05-30 11:57:34,43,W+R,0,False,False,False,B,-0.88,14.1422,217000
2023-05-30 11:57:58,76,B+R,0,False,False,False,W,-0.88,14.2062,217000
2023-05-30 11:58:13,48,B+R,0,False,False,False,W,-0.88,14.1833,217000
2023-05-30 11:58:26,43,W+R,1,False,False,False,B,-0.88,14.1911,217000
2023-05-30 11:58:43,54,B+R,0,False,False,False,W,-0.88,14.2726,217000
2023-05-30 11:58:54,43,W+R,0,False,False,False,B,-0.88,14.2614,217000
2023-05-30 11:59:06,47,W+R,0,False,False,False,B,-0.88,14.2692,217000
2023-05-30 11:59:16,43,W+R,0,False,False,False,B,-0.88,14.2451,217000
2023-05-30 11:59:29,49,W+R,0,False,False,False,B,-0.88,14.2535,217000
2023-05-30 11:59:41,43,W+R,0,False,False,False,B,-0.88,14.2611,217000
2023-05-30 11:59:51,43,W+R,0,False,False,False,B,-0.88,14.2299,217000
2023-05-30 12:00:01,43,W+R,0,False,False,False,B,-0.88,14.2193,217000
2023-05-30 12:00:13,43,W+R,0,False,False,False,B,-0.88,14.2179,217000
2023-05-30 12:00:25,43,W+R,0,False,False,False,B,-0.88,14.2189,217000
2023-05-30 12:00:38,47,W+R,0,False,False,False,B,-0.88,14.2359,217000
2023-05-30 12:00:50,43,W+R,0,False,False,False,B,-0.88,14.1661,217000
2023-05-30 12:00:59,43,W+R,0,False,False,False,B,-0.88,14.13,217000
2023-05-30 12:01:18,67,W+R,0,False,False,False,B,-0.88,13.9502,217000
2023-05-30 12:01:30,43,W+R,0,False,False,False,B,-0.88,13.7535,217000
2023-05-30 12:01:42,43,W+R,0,False,False,False,B,-0.88,13.7636,217000
2023-05-30 12:01:52,43,W+R,0,False,False,False,B,-0.88,13.7462,217000
2023-05-30 12:02:03,43,W+R,0,False,False,False,B,-0.88,13.7267,217000
2023-05-30 12:02:13,43,W+R,0,False,False,False,B,-0.88,13.6663,217000
2023-05-30 12:02:24,42,B+R,0,False,False,False,W,-0.88,13.5943,217000
2023-05-30 12:02:35,42,B+R,0,False,False,False,W,-0.88,13.5808,217000
2023-05-30 12:02:48,47,W+R,0,False,False,False,B,-0.88,13.4043,217000
2023-05-30 12:02:59,43,W+R,0,False,False,False,B,-0.88,13.3948,217000
2023-05-30 12:03:30,93,W+R,9,False,False,False,B,-0.88,13.5896,217000
2023-05-30 12:04:05,162,W+1.5,38,True,True,False,B,-0.88,13.8507,217000
2023-05-30 12:04:20,52,B+R,0,False,False,False,W,-0.88,13.8841,217000
2023-05-30 12:04:31,43,W+R,0,False,False,False,B,-0.88,13.86,217000
2023-05-30 12:04:42,43,W+R,0,False,False,False,B,-0.88,13.8533,217000
2023-05-30 12:05:06,91,W+2.5,11,True,True,False,B,-0.88,13.7974,217000
2023-05-30 12:05:19,43,W+R,0,False,False,False,B,-0.88,13.7059,217000
2023-05-30 12:06:25,43,W+R,0,False,False,False,B,-0.88,13.5225,218000
2023-05-30 12:06:43,72,W+1.5,3,True,True,False,B,-0.88,13.4835,218000
2023-05-30 12:06:55,43,W+R,2,False,False,False,B,-0.88,13.4815,218000
2023-05-30 12:07:07,43,W+R,0,False,False,False,B,-0.88,13.4827,218000
2023-05-30 12:07:20,43,W+R,0,False,False,False,B,-0.88,13.4917,218000
2023-05-30 12:07:33,42,B+R,0,False,False,False,W,-0.88,13.4818,218000
2023-05-30 12:07:46,43,W+R,0,False,False,False,B,-0.88,13.3828,218000
2023-05-30 12:07:58,43,W+R,0,False,False,False,B,-0.88,13.3949,218000
2023-05-30 12:08:16,73,B+7.5,4,True,True,False,W,-0.88,13.4629,218000
2023-05-30 12:08:31,51,W+R,0,False,False,False,B,-0.88,13.5317,218000
2023-05-30 12:08:41,43,W+R,0,False,False,False,B,-0.88,13.5102,218000
2023-05-30 12:08:54,43,W+R,0,False,False,False,B,-0.88,13.4919,218000
2023-05-30 12:09:16,68,B+R,5,False,False,False,W,-0.88,13.5913,218000
2023-05-30 12:09:27,43,W+R,0,False,False,False,B,-0.88,13.4734,218000
2023-05-30 12:09:41,43,W+R,0,False,False,False,B,-0.88,13.4584,218000
2023-05-30 12:09:52,43,W+R,0,False,False,False,B,-0.88,13.464,218000
2023-05-30 12:10:02,42,B+R,0,False,False,False,W,-0.88,13.4437,218000
2023-05-30 12:10:16,46,B+R,0,False,False,False,W,-0.88,13.4101,218000
2023-05-30 12:10:27,42,B+R,0,False,False,False,W,-0.88,13.3458,218000
2023-05-30 12:10:39,43,W+R,0,False,False,False,B,-0.88,13.3518,218000
2023-05-30 12:10:53,54,W+8.5,4,True,True,False,B,-0.88,13.3564,218000
2023-05-30 12:11:04,43,W+R,0,False,False,False,B,-0.88,13.3376,218000
2023-05-30 12:11:23,69,W+R,0,False,False,False,B,-0.88,13.4017,218000
2023-05-30 12:11:34,43,W+R,0,False,False,False,B,-0.88,13.3966,218000
2023-05-30 12:11:54,62,W+0.5,2,True,True,False,B,-0.88,13.4805,218000
2023-05-30 12:12:07,43,W+R,0,False,False,False,B,-0.88,13.4898,218000
2023-05-30 12:12:19,43,W+R,0,False,False,False,B,-0.88,13.5281,218000
2023-05-30 12:12:32,43,W+R,0,False,False,False,B,-0.88,13.5649,218000
2023-05-30 12:12:44,43,W+R,0,False,False,False,B,-0.88,13.4827,218000
2023-05-30 12:12:55,43,W+R,1,False,False,False,B,-0.88,13.3873,218000
2023-05-30 12:13:08,43,W+R,0,False,False,False,B,-0.88,13.3884,218000
2023-05-30 12:13:18,51,W+R,0,False,False,False,B,-0.88,13.3689,218000
2023-05-30 12:13:43,119,W+10.5,18,True,True,False,B,-0.88,13.5044,218000
2023-05-30 12:13:56,43,W+R,0,False,False,False,B,-0.88,13.5484,218000
2023-05-30 12:14:09,43,W+R,0,False,False,False,B,-0.88,13.5232,218000
2023-05-30 12:14:20,43,W+R,0,False,False,False,B,-0.88,13.5346,218000
2023-05-30 12:14:33,43,W+R,0,False,False,False,B,-0.88,13.5522,218000
2023-05-30 12:14:45,42,B+R,0,False,False,False,W,-0.88,13.5226,218000
2023-05-30 12:14:58,43,W+R,0,False,False,False,B,-0.88,13.5264,218000
2023-05-30 12:15:10,43,W+R,0,False,False,False,B,-0.88,13.5244,218000
2023-05-30 12:15:23,43,W+R,0,False,False,False,B,-0.88,13.545,218000
2023-05-30 12:15:33,42,B+R,0,False,False,False,W,-0.88,13.5175,218000
2023-05-30 12:15:44,43,W+R,0,False,False,False,B,-0.88,13.5125,218000
2023-05-30 12:15:56,43,W+R,0,False,False,False,B,-0.88,13.5073,218000
2023-05-30 12:16:05,43,W+R,0,False,False,False,B,-0.88,13.3713,218000
2023-05-30 12:17:17,43,W+R,2,False,False,False,B,-0.88,13.3906,219000
2023-05-30 12:17:41,87,W+R,9,False,False,False,B,-0.88,13.3942,219000
2023-05-30 12:18:07,99,W+6.5,10,True,True,False,B,-0.88,13.5392,219000
2023-05-30 12:18:17,43,W+R,0,False,False,False,B,-0.88,13.5257,219000
2023-05-30 12:18:29,43,W+R,0,False,False,False,B,-0.88,13.5153,219000
2023-05-30 12:18:39,43,W+R,0,False,False,False,B,-0.88,13.5123,219000
2023-05-30 12:18:51,43,W+R,0,False,False,False,B,-0.88,13.437,219000
2023-05-30 12:19:02,43,W+R,0,False,False,False,B,-0.88,13.4275,219000
2023-05-30 12:19:24,102,W+5.5,14,True,True,False,B,-0.88,13.5309,219000
2023-05-30 12:19:34,43,W+R,0,False,False,False,B,-0.88,13.5133,219000
2023-05-30 12:20:02,126,W+4.5,25,True,True,False,B,-0.88,13.6809,219000
2023-05-30 12:20:12,43,W+R,0,False,False,False,B,-0.88,13.6726,219000
2023-05-30 12:20:39,100,W+5.5,9,True,True,False,B,-0.88,13.8279,219000
2023-05-30 12:20:51,43,W+R,0,False,False,False,B,-0.88,13.847,219000
2023-05-30 12:21:03,43,W+R,0,False,False,False,B,-0.88,13.8429,219000
2023-05-30 12:21:14,43,W+R,0,False,False,False,B,-0.88,13.8426,219000
2023-05-30 12:21:27,43,W+R,0,False,False,False,B,-0.88,13.751,219000
2023-05-30 12:21:39,43,W+R,0,False,False,False,B,-0.88,13.7596,219000
2023-05-30 12:21:52,43,W+R,0,False,False,False,B,-0.88,13.7667,219000
2023-05-30 12:22:04,43,W+R,0,False,False,False,B,-0.88,13.7778,219000
2023-05-30 12:22:24,85,W+7.5,10,True,True,False,B,-0.88,13.735,219000
2023-05-30 12:22:46,87,W+1.5,13,True,True,False,B,-0.88,13.8039,219000
2023-05-30 12:23:01,43,W+R,0,False,False,False,B,-0.88,13.8258,219000
2023-05-30 12:23:13,43,W+R,0,False,False,False,B,-0.88,13.7732,219000
2023-05-30 12:23:25,46,B+R,0,False,False,False,W,-0.88,13.7826,219000
2023-05-30 12:23:36,43,W+R,1,False,False,False,B,-0.88,13.7692,219000
2023-05-30 12:23:46,43,W+R,0,False,False,False,B,-0.88,13.7672,219000
2023-05-30 12:23:58,49,W+R,0,False,False,False,B,-0.88,13.764,219000
2023-05-30 12:24:09,43,W+R,0,False,False,False,B,-0.88,13.7548,219000
2023-05-30 12:24:22,43,W+R,0,False,False,False,B,-0.88,13.7893,219000
2023-05-30 12:24:38,57,W+R,0,False,False,False,B,-0.88,13.8438,219000
2023-05-30 12:24:49,43,W+R,2,False,False,False,B,-0.88,13.8275,219000
2023-05-30 12:25:13,66,B+R,0,False,False,False,W,-0.88,13.9533,219000
2023-05-30 12:25:24,43,W+R,2,False,False,False,B,-0.88,13.9277,219000
2023-05-30 12:25:34,43,W+R,0,False,False,False,B,-0.88,13.9153,219000
2023-05-30 12:25:45,43,W+R,1,False,False,False,B,-0.88,13.9351,219000
2023-05-30 12:25:57,52,B+R,0,False,False,False,W,-0.88,13.8608,219000
2023-05-30 12:26:09,43,W+R,0,False,False,False,B,-0.88,13.8705,219000
2023-05-30 12:26:19,42,B+R,0,False,False,False,W,-0.88,13.8417,219000
2023-05-30 12:26:35,59,W+0.5,2,True,True,False,B,-0.88,13.9036,219000
2023-05-30 12:26:50,47,W+R,0,False,False,False,B,-0.88,13.9495,219000
2023-05-30 12:27:12,75,W+1.5,3,True,True,False,B,-0.88,14.0558,219000
2023-05-30 12:28:23,43,W+R,0,False,False,False,B,-0.88,14.0811,220000
2023-05-30 12:28:34,43,W+R,0,False,False,False,B,-0.88,14.062,220000
2023-05-30 12:28:44,43,W+R,1,False,False,False,B,-0.88,14.0505,220000
2023-05-30 12:29:02,54,B+R,0,False,False,False,W,-0.88,13.9181,220000
2023-05-30 12:29:13,43,W+R,0,False,False,False,B,-0.88,13.6775,220000
2023-05-30 12:29:33,59,W+R,0,False,False,False,B,-0.88,13.7237,220000
2023-05-30 12:29:44,43,W+R,0,False,False,False,B,-0.88,13.7305,220000
2023-05-30 12:29:56,43,W+R,0,False,False,False,B,-0.88,13.7423,220000
2023-05-30 12:30:08,43,W+R,0,False,False,False,B,-0.88,13.6164,220000
2023-05-30 12:30:20,43,W+R,0,False,False,False,B,-0.88,13.6067,220000
2023-05-30 12:30:30,43,W+R,0,False,False,False,B,-0.88,13.6295,220000
2023-05-30 12:30:42,43,W+R,0,False,False,False,B,-0.88,13.6253,220000
2023-05-30 12:30:57,53,W+R,0,False,False,False,B,-0.88,13.6028,220000
2023-05-30 12:31:10,43,W+R,0,False,False,False,B,-0.88,13.6093,220000
2023-05-30 12:31:27,54,B+R,0,False,False,False,W,-0.88,13.6531,220000
2023-05-30 12:31:39,43,W+R,0,False,False,False,B,-0.88,13.6454,220000
2023-05-30 12:31:53,74,W+6.5,7,True,True,False,B,-0.88,13.6575,220000
2023-05-30 12:32:02,43,W+R,0,False,False,False,B,-0.88,13.6194,220000
2023-05-30 12:32:13,43,W+R,0,False,False,False,B,-0.88,13.607,220000
2023-05-30 12:32:24,43,W+R,0,False,False,False,B,-0.88,13.5351,220000
2023-05-30 12:32:35,43,W+R,0,False,False,False,B,-0.88,13.5016,220000
2023-05-30 12:32:48,43,W+R,0,False,False,False,B,-0.88,13.5251,220000
2023-05-30 12:33:00,43,W+R,3,False,False,False,B,-0.88,13.5125,220000
2023-05-30 12:33:10,43,W+R,0,False,False,False,B,-0.88,13.3967,220000
2023-05-30 12:33:26,71,W+0.5,7,True,True,False,B,-0.88,13.4484,220000
2023-05-30 12:33:39,43,W+R,0,False,False,False,B,-0.88,13.4407,220000
2023-05-30 12:33:58,55,W+R,0,False,False,False,B,-0.88,13.5116,220000
2023-05-30 12:34:09,42,B+R,0,False,False,False,W,-0.88,13.531,220000
2023-05-30 12:34:22,43,W+R,0,False,False,False,B,-0.88,13.5185,220000
2023-05-30 12:34:38,55,W+R,0,False,False,False,B,-0.88,13.5634,220000
2023-05-30 12:34:49,42,B+R,0,False,False,False,W,-0.88,13.5534,220000
2023-05-30 12:35:00,43,W+R,0,False,False,False,B,-0.88,13.5302,220000
2023-05-30 12:35:11,43,W+R,0,False,False,False,B,-0.88,13.5362,220000
2023-05-30 12:35:22,43,W+R,0,False,False,False,B,-0.88,13.4528,220000
2023-05-30 12:35:35,43,W+R,0,False,False,False,B,-0.88,13.4622,220000
2023-05-30 12:35:46,43,W+R,0,False,False,False,B,-0.88,13.3791,220000
2023-05-30 12:35:57,43,W+R,0,False,False,False,B,-0.88,13.3675,220000
2023-05-30 12:36:22,106,W+4.5,19,True,True,False,B,-0.88,13.4841,220000
2023-05-30 12:36:36,43,W+R,0,False,False,False,B,-0.88,13.4928,220000
2023-05-30 12:36:48,43,W+R,0,False,False,False,B,-0.88,13.5059,220000
2023-05-30 12:37:03,43,W+R,0,False,False,False,B,-0.88,13.5327,220000
2023-05-30 12:37:15,43,W+R,0,False,False,False,B,-0.88,13.5329,220000
2023-05-30 12:37:28,43,W+R,0,False,False,False,B,-0.88,13.5526,220000
2023-05-30 12:37:43,61,W+R,0,False,False,False,B,-0.88,13.4626,220000
2023-05-30 12:37:53,43,W+R,0,False,False,False,B,-0.88,13.4272,220000
2023-05-30 12:38:05,43,W+R,0,False,False,False,B,-0.88,13.418,220000
2023-05-30 12:39:24,43,W+R,0,False,False,False,B,-0.88,13.4314,221000
2023-05-30 12:39:35,43,W+R,0,False,False,False,B,-0.88,13.4244,221000
2023-05-30 12:39:48,43,W+R,1,False,False,False,B,-0.88,13.4187,221000
2023-05-30 12:40:00,43,W+R,0,False,False,False,B,-0.88,13.419,221000
2023-05-30 12:40:12,43,W+R,0,False,False,False,B,-0.88,13.4141,221000
2023-05-30 12:40:25,43,W+R,0,False,False,False,B,-0.88,13.4419,221000
2023-05-30 12:40:37,43,W+R,0,False,False,False,B,-0.88,13.4487,221000
2023-05-30 12:40:48,43,W+R,0,False,False,False,B,-0.88,13.4477,221000
2023-05-30 12:41:30,162,W+15.5,21,True,True,False,B,-0.88,13.7735,221000
2023-05-30 12:41:42,42,B+R,0,False,False,False,W,-0.88,13.7269,221000
2023-05-30 12:42:06,114,W+5.5,19,True,True,False,B,-0.88,13.8679,221000
2023-05-30 12:42:19,49,W+R,0,False,False,False,B,-0.88,13.7673,221000
2023-05-30 12:42:30,43,W+R,0,False,False,False,B,-0.88,13.621,221000
2023-05-30 12:42:49,62,B+R,0,False,False,False,W,-0.88,13.7026,221000
2023-05-30 12:43:02,53,W+R,0,False,False,False,B,-0.88,13.7233,221000
2023-05-30 12:43:11,43,W+R,0,False,False,False,B,-0.88,13.7003,221000
2023-05-30 12:43:23,43,W+R,0,False,False,False,B,-0.88,13.704,221000
2023-05-30 12:43:34,43,W+R,0,False,False,False,B,-0.88,13.7098,221000
2023-05-30 12:43:46,43,W+R,0,False,False,False,B,-0.88,13.6035,221000
2023-05-30 12:43:55,45,W+R,0,False,False,False,B,-0.88,13.5975,221000
2023-05-30 12:44:12,74,W+1.5,2,True,True,False,B,-0.88,13.4861,221000
2023-05-30 12:44:24,43,W+R,0,False,False,False,B,-0.88,13.5077,221000
2023-05-30 12:44:37,49,W+R,0,False,False,False,B,-0.88,13.3766,221000
2023-05-30 12:44:53,51,W+R,0,False,False,False,B,-0.88,13.4041,221000
2023-05-30 12:45:05,43,W+R,0,False,False,False,B,-0.88,13.4073,221000
2023-05-30 12:45:24,80,W+2.5,6,True,True,False,B,-0.88,13.4872,221000
2023-05-30 12:45:35,43,W+R,0,False,False,False,B,-0.88,13.4645,221000
2023-05-30 12:46:01,98,B+7.5,5,True,True,False,W,-0.88,13.6052,221000
2023-05-30 12:46:18,58,B+R,0,False,False,False,W,-0.88,13.6484,221000
2023-05-30 12:46:47,121,W+2.5,22,True,True,False,B,-0.88,13.8219,221000
2023-05-30 12:47:01,42,B+R,0,False,False,False,W,-0.88,13.7518,221000
2023-05-30 12:47:20,59,W+R,0,False,False,False,B,-0.88,13.7256,221000
2023-05-30 12:47:32,43,W+R,0,False,False,False,B,-0.88,13.6958,221000
2023-05-30 12:47:41,43,W+R,0,False,False,False,B,-0.88,13.6696,221000
2023-05-30 12:48:06,76,B+R,0,False,False,False,W,-0.88,13.7942,221000
2023-05-30 12:48:17,43,W+R,0,False,False,False,B,-0.88,13.803,221000
2023-05-30 12:48:39,92,W+4.5,10,True,True,False,B,-0.88,13.9162,221000
2023-05-30 12:48:46,42,B+R,0,False,False,False,W,-0.88,13.8743,221000
2023-05-30 12:49:07,97,W+R,8,False,False,False,B,-0.88,13.9622,221000
2023-05-30 12:50:22,43,W+R,1,False,False,False,B,-0.88,13.9227,222000
2023-05-30 12:50:34,43,W+R,0,False,False,False,B,-0.88,13.943,222000
2023-05-30 12:50:47,43,W+R,0,False,False,False,B,-0.88,13.8296,222000
2023-05-30 12:51:11,96,W+6.5,9,True,True,False,B,-0.88,13.966,222000
2023-05-30 12:51:42,162,W+4.5,36,True,True,False,B,-0.88,14.1651,222000
2023-05-30 12:51:53,43,W+R,0,False,False,False,B,-0.88,14.1719,222000
2023-05-30 12:52:03,43,W+R,0,False,False,False,B,-0.88,14.1503,222000
2023-05-30 12:52:13,43,W+R,0,False,False,False,B,-0.88,14.1293,222000
2023-05-30 12:52:22,43,W+R,0,False,False,False,B,-0.88,14.117,222000
2023-05-30 12:52:33,43,W+R,0,False,False,False,B,-0.88,14.0713,222000
2023-05-30 12:52:45,45,W+R,0,False,False,False,B,-0.88,14.042,222000
2023-05-30 12:52:57,43,W+R,3,False,False,False,B,-0.88,13.9417,222000
2023-05-30 12:53:08,47,W+R,0,False,False,False,B,-0.88,13.9355,222000
2023-05-30 12:53:19,43,W+R,0,False,False,False,B,-0.88,13.9263,222000
2023-05-30 12:53:36,68,W+0.5,2,True,True,False,B,-0.88,13.9858,222000
2023-05-30 12:53:49,43,W+R,0,False,False,False,B,-0.88,14.0147,222000
2023-05-30 12:54:01,43,W+R,0,False,False,False,B,-0.88,13.9538,222000
2023-05-30 12:54:12,43,W+R,0,False,False,False,B,-0.88,13.9541,222000
2023-05-30 12:54:24,43,W+R,0,False,False,False,B,-0.88,13.8792,222000
2023-05-30 12:54:36,43,W+R,0,False,False,False,B,-0.88,13.8837,222000
2023-05-30 12:54:47,43,W+R,1,False,False,False,B,-0.88,13.8783,222000
2023-05-30 12:54:57,43,W+R,0,False,False,False,B,-0.88,13.8532,222000
2023-05-30 12:55:07,43,W+R,0,False,False,False,B,-0.88,13.8404,222000
2023-05-30 12:55:26,63,W+R,0,False,False,False,B,-0.88,13.9219,222000
2023-05-30 12:55:38,42,B+R,0,False,False,False,W,-0.88,13.9287,222000
2023-05-30 12:55:50,43,W+R,0,False,False,False,B,-0.88,13.886,222000
2023-05-30 12:56:07,69,W+4.5,10,True,True,False,B,-0.88,13.9357,222000
2023-05-30 12:56:18,43,W+R,0,False,False,False,B,-0.88,13.8766,222000
2023-05-30 12:56:34,57,W+R,0,False,False,False,B,-0.88,13.9201,222000
2023-05-30 12:56:53,60,B+R,0,False,False,False,W,-0.88,13.9597,222000
2023-05-30 12:57:27,162,W+20.5,39,True,True,False,B,-0.88,14.2141,222000
2023-05-30 12:57:39,43,W+R,0,False,False,False,B,-0.88,14.231,222000
2023-05-30 12:58:01,64,B+R,0,False,False,False,W,-0.88,14.3379,222000
2023-05-30 12:58:13,43,W+R,0,False,False,False,B,-0.88,14.3445,222000
2023-05-30 12:58:26,43,W+R,0,False,False,False,B,-0.88,14.3405,222000
2023-05-30 12:58:36,42,B+R,0,False,False,False,W,-0.88,14.3266,222000
2023-05-30 12:58:48,43,W+R,0,False,False,False,B,-0.88,14.342,222000
2023-05-30 12:58:59,42,B+R,0,False,False,False,W,-0.88,14.2937,222000
2023-05-30 12:59:09,43,W+R,0,False,False,False,B,-0.88,14.2699,222000
2023-05-30 12:59:21,43,W+R,0,False,False,False,B,-0.88,14.203,222000
2023-05-30 12:59:32,43,W+R,0,False,False,False,B,-0.88,14.1943,222000
2023-05-30 12:59:49,53,W+R,0,False,False,False,B,-0.88,14.233,222000
2023-05-30 13:00:00,43,W+R,0,False,False,False,B,-0.88,14.1865,222000
2023-05-30 13:01:13,43,W+R,0,False,False,False,B,-0.88,14.183,223000
2023-05-30 13:01:23,43,W+R,0,False,False,False,B,-0.88,14.1709,223000
2023-05-30 13:01:34,43,W+R,0,False,False,False,B,-0.88,14.1711,223000
2023-05-30 13:01:50,62,B+R,0,False,False,False,W,-0.88,14.2016,223000
2023-05-30 13:02:02,42,W+32.5,4,False,False,False,,-0.88,14.2153,223000
2023-05-30 13:02:22,68,B+R,2,False,False,False,W,-0.88,14.2967,223000
2023-05-30 13:02:34,42,B+R,0,False,False,False,W,-0.88,14.1704,223000
2023-05-30 13:02:49,51,W+R,0,False,False,False,B,-0.88,14.1884,223000
2023-05-30 13:03:06,69,W+13.5,2,True,True,False,B,-0.88,14.2239,223000
2023-05-30 13:03:18,43,W+R,0,False,False,False,B,-0.88,14.2015,223000
2023-05-30 13:03:28,43,W+R,0,False,False,False,B,-0.88,14.1781,223000
2023-05-30 13:03:36,42,B+R,0,False,False,False,W,-0.88,14.131,223000
2023-05-30 13:03:45,44,B+R,0,False,False,False,W,-0.88,14.0666,223000
2023-05-30 13:03:56,43,W+R,0,False,False,False,B,-0.88,14.0838,223000
2023-05-30 13:04:13,53,W+R,0,False,False,False,B,-0.88,14.1377,223000
2023-05-30 13:04:26,43,W+R,0,False,False,False,B,-0.88,14.1472,223000
2023-05-30 13:04:52,110,W+13.5,13,True,True,False,B,-0.88,14.2695,223000
2023-05-30 13:05:04,43,W+R,0,False,False,False,B,-0.88,14.2791,223000
2023-05-30 13:05:15,43,W+R,0,False,False,False,B,-0.88,14.263,223000
2023-05-30 13:05:28,43,W+R,0,False,False,False,B,-0.88,14.2641,223000
2023-05-30 13:05:40,43,W+R,0,False,False,False,B,-0.88,14.266,223000
2023-05-30 13:05:51,43,W+R,1,False,False,False,B,-0.88,14.2564,223000
2023-05-30 13:06:02,43,W+R,0,False,False,False,B,-0.88,14.2414,223000
2023-05-30 13:06:15,42,B+R,0,False,False,False,W,-0.88,14.2513,223000
2023-05-30 13:06:27,43,W+R,0,False,False,False,B,-0.88,13.9553,223000
2023-05-30 13:06:37,43,W+R,1,False,False,False,B,-0.88,13.9413,223000
2023-05-30 13:06:51,43,W+R,0,False,False,False,B,-0.88,13.8387,223000
2023-05-30 13:07:04,43,W+R,0,False,False,False,B,-0.88,13.8415,223000
2023-05-30 13:07:26,87,W+4.5,8,True,True,False,B,-0.88,13.9521,223000
2023-05-30 13:07:34,43,W+R,1,False,False,False,B,-0.88,13.8417,223000
2023-05-30 13:07:47,43,W+R,1,False,False,False,B,-0.88,13.8312,223000
2023-05-30 13:07:58,43,W+R,0,False,False,False,B,-0.88,13.8623,223000
2023-05-30 13:08:10,43,W+R,0,False,False,False,B,-0.88,13.8641,223000
2023-05-30 13:08:23,43,W+R,1,False,False,False,B,-0.88,13.8699,223000
2023-05-30 13:08:36,47,W+R,0,False,False,False,B,-0.88,13.8872,223000
2023-05-30 13:08:58,68,B+R,0,False,False,False,W,-0.88,14.0223,223000
2023-05-30 13:09:12,45,W+R,0,False,False,False,B,-0.88,13.993,223000
2023-05-30 13:09:21,42,B+R,0,False,False,False,W,-0.88,13.9513,223000
2023-05-30 13:09:29,43,W+R,0,False,False,False,B,-0.88,13.8996,223000
2023-05-30 13:09:47,63,W+R,0,False,False,False,B,-0.88,13.9281,223000
2023-05-30 13:09:57,43,W+R,1,False,False,False,B,-0.88,13.9081,223000
2023-05-30 13:10:40,162,B+6.5,30,True,True,False,W,-0.88,14.1439,223000
2023-05-30 13:10:47,42,B+R,0,False,False,False,W,-0.88,14.116,223000
2023-05-30 13:11:00,50,B+R,0,False,False,False,W,-0.88,13.9809,223000
2023-05-30 13:12:12,43,W+R,0,False,False,False,B,-0.88,13.7451,224000
2023-05-30 13:12:26,53,W+R,0,False,False,False,B,-0.88,13.758,224000
2023-05-30 13:12:38,43,W+R,0,False,False,False,B,-0.88,13.6827,224000
2023-05-30 13:12:53,55,W+R,2,False,False,False,B,-0.88,13.7139,224000
2023-05-30 13:13:04,42,B+R,0,False,False,False,W,-0.88,13.731,224000
2023-05-30 13:13:21,65,W+R,0,False,False,False,B,-0.88,13.6577,224000
2023-05-30 13:13:28,43,W+R,0,False,False,False,B,-0.88,13.612,224000
2023-05-30 13:13:37,42,B+R,0,False,False,False,W,-0.88,13.4892,224000
2023-05-30 13:13:44,43,W+R,0,False,False,False,B,-0.88,13.482,224000
2023-05-30 13:14:14,162,W+23.5,44,True,True,False,B,-0.88,13.5789,224000
2023-05-30 13:14:35,60,B+R,0,False,False,False,W,-0.88,13.6625,224000
2023-05-30 13:14:45,43,W+R,0,False,False,False,B,-0.88,13.636,224000
2023-05-30 13:14:58,43,W+R,0,False,False,False,B,-0.88,13.6424,224000
2023-05-30 13:15:27,88,W+4.5,6,True,True,False,B,-0.88,13.8027,224000
2023-05-30 13:15:39,43,W+R,0,False,False,False,B,-0.88,13.6815,224000
2023-05-30 13:15:52,43,W+R,0,False,False,False,B,-0.88,13.5017,224000
2023-05-30 13:16:18,82,B+R,2,False,False,False,W,-0.88,13.6415,224000
2023-05-30 13:16:30,43,W+R,0,False,False,False,B,-0.88,13.6654,224000
2023-05-30 13:16:46,58,B+R,2,False,False,False,W,-0.88,13.7284,224000
