datetime,game_length,game_result,time_per_game,training_steps
2023-05-24 13:25:40,41,B+1.0,29.6966,0
2023-05-24 13:26:27,66,W+1.0,38.4128,0
2023-05-24 13:27:08,59,B+1.0,39.4671,0
2023-05-24 13:27:38,45,B+1.0,37.1069,0
2023-05-24 13:28:06,40,W+1.0,35.2829,0
2023-05-24 13:28:25,45,B+1.0,32.5471,0
2023-05-24 13:28:49,54,W+1.0,31.2938,0
2023-05-24 13:29:03,35,B+1.0,29.0909,0
2023-05-24 13:29:27,55,B+1.0,28.5891,0
2023-05-24 13:29:45,41,B+1.0,27.505,0
2023-05-24 13:30:02,39,B+1.0,26.5372,0
2023-05-24 13:30:12,25,B+1.0,25.1624,0
2023-05-24 13:30:34,49,B+1.0,24.8878,0
2023-05-24 13:30:52,41,B+1.0,24.396,0
2023-05-24 13:31:12,46,W+1.0,24.0987,0
2023-05-24 13:31:41,65,B+1.0,24.4532,0
2023-05-24 13:31:52,25,B+1.0,23.6518,0
2023-05-24 13:32:27,74,W+1.0,24.2808,0
2023-05-24 13:33:04,76,W+1.0,24.9252,0
2023-05-24 13:33:19,33,B+1.0,24.4319,0
2023-05-24 13:33:38,43,B+1.0,24.1987,0
2023-05-24 13:33:59,47,B+1.0,24.0432,0
2023-05-24 13:34:16,41,B+1.0,23.7513,0
2023-05-24 13:34:30,33,B+1.0,23.3168,0
2023-05-24 13:34:55,54,W+1.0,23.3947,0
2023-05-24 13:35:16,47,B+1.0,23.2982,0
2023-05-24 13:35:24,22,W+1.0,22.7555,0
2023-05-24 13:35:51,62,W+1.0,22.9001,0
2023-05-24 13:36:22,67,B+1.0,23.1813,0
2023-05-24 13:36:32,23,B+1.0,22.7296,0
2023-05-24 13:36:42,25,B+1.0,22.3356,0
2023-05-24 13:37:00,43,B+1.0,22.1978,0
2023-05-24 13:37:16,37,B+1.0,22.0116,0
2023-05-24 13:37:36,47,B+1.0,21.9368,0
2023-05-24 13:37:48,28,W+1.0,21.6598,0
2023-05-24 13:38:07,42,W+1.0,21.5718,0
2023-05-24 13:38:32,53,B+1.0,21.6634,0
2023-05-24 13:38:56,55,B+1.0,21.7427,0
2023-05-24 13:39:08,27,B+1.0,21.4905,0
2023-05-24 13:39:24,34,W+1.0,21.3438,0
2023-05-24 13:39:43,43,B+1.0,21.2787,0
2023-05-24 13:39:58,33,B+1.0,21.1429,0
2023-05-24 13:40:19,47,B+1.0,21.1297,0
2023-05-24 13:40:45,55,B+1.0,21.2481,0
2023-05-24 13:41:10,55,B+1.0,21.3308,0
2023-05-24 13:41:38,60,W+1.0,21.4751,0
2023-05-24 13:42:11,70,W+1.0,21.7237,0
2023-05-24 13:42:40,65,B+1.0,21.8784,0
2023-05-24 13:42:51,25,B+1.0,21.6523,0
2023-05-24 13:43:06,36,W+1.0,21.5205,0
2023-05-24 13:43:26,44,W+1.0,21.4904,0
2023-05-24 13:45:02,37,B+1.0,21.5371,1000
2023-05-24 13:45:32,53,B+1.0,21.7061,1000
2023-05-24 13:45:54,38,W+1.0,21.6976,1000
2023-05-24 13:46:32,65,B+1.0,21.9907,1000
2023-05-24 13:47:06,60,W+1.0,22.2135,1000
2023-05-24 13:47:36,52,W+1.0,22.343,1000
2023-05-24 13:47:58,39,B+1.0,22.3333,1000
2023-05-24 13:48:15,31,B+1.0,22.2494,1000
2023-05-24 13:48:40,44,W+1.0,22.2876,1000
2023-05-24 13:49:07,50,W+1.0,22.3604,1000
2023-05-24 13:49:37,55,B+1.0,22.4815,1000
2023-05-24 13:50:15,71,B+1.0,22.7308,1000
2023-05-24 13:50:28,25,B+1.0,22.5862,1000
2023-05-24 13:51:06,68,W+1.0,22.8165,1000
2023-05-24 13:51:28,41,B+1.0,22.7977,1000
2023-05-24 13:51:49,41,B+1.0,22.7798,1000
2023-05-24 13:52:24,63,B+1.0,22.9512,1000
2023-05-24 13:52:41,32,W+1.0,22.8648,1000
2023-05-24 13:53:09,51,B+1.0,22.9341,1000
2023-05-24 13:53:47,68,W+1.0,23.148,1000
2023-05-24 13:54:02,28,W+1.0,23.0335,1000
2023-05-24 13:54:26,45,B+1.0,23.0509,1000
2023-05-24 13:55:02,64,W+1.0,23.2179,1000
2023-05-24 13:55:43,73,B+1.0,23.4589,1000
2023-05-24 13:56:08,45,B+1.0,23.4737,1000
2023-05-24 13:56:33,50,W+1.0,23.5018,1000
2023-05-24 13:56:56,42,W+1.0,23.4882,1000
2023-05-24 13:57:23,50,W+1.0,23.5288,1000
2023-05-24 13:57:55,59,B+1.0,23.6336,1000
2023-05-24 13:58:19,45,B+1.0,23.6462,1000
2023-05-24 13:58:51,60,W+1.0,23.7386,1000
2023-05-24 13:59:10,38,W+1.0,23.6917,1000
2023-05-24 13:59:34,45,B+1.0,23.6944,1000
2023-05-24 13:59:56,41,B+1.0,23.6696,1000
2023-05-24 14:00:30,63,B+1.0,23.791,1000
2023-05-24 14:00:53,45,B+1.0,23.7824,1000
2023-05-24 14:01:21,52,W+1.0,23.8257,1000
2023-05-24 14:01:42,40,W+1.0,23.7927,1000
2023-05-24 14:02:22,73,B+1.0,23.976,1000
2023-05-24 14:02:35,26,W+1.0,23.8576,1000
2023-05-24 14:03:06,57,B+1.0,23.9353,1000
2023-05-24 14:03:35,54,W+1.0,23.9827,1000
2023-05-24 14:04:05,59,B+1.0,24.0494,1000
2023-05-24 14:04:39,66,W+1.0,24.1514,1000
2023-05-24 14:04:58,37,B+1.0,24.0989,1000
2023-05-24 14:06:36,65,B+1.0,24.2044,2000
2023-05-24 14:07:09,55,B+1.0,24.2945,2000
2023-05-24 14:07:42,55,B+1.0,24.3348,2000
2023-05-24 14:08:05,41,B+1.0,24.0887,2000
2023-05-24 14:08:45,65,B+1.0,24.0746,2000
2023-05-24 14:09:14,48,W+1.0,24.0599,2000
2023-05-24 14:09:36,39,B+1.0,24.0023,2000
2023-05-24 14:10:09,55,B+1.0,24.1424,2000
2023-05-24 14:10:32,43,B+1.0,24.135,2000
2023-05-24 14:11:16,74,W+1.0,24.4387,2000
2023-05-24 14:11:58,73,B+1.0,24.6093,2000
2023-05-24 14:12:17,36,W+1.0,24.6247,2000
2023-05-24 14:12:54,61,B+1.0,24.8323,2000
2023-05-24 14:13:19,45,B+1.0,24.9775,2000
2023-05-24 14:13:52,55,B+1.0,25.092,2000
2023-05-24 14:14:22,54,W+1.0,25.2148,2000
2023-05-24 14:14:50,48,W+1.0,25.2904,2000
2023-05-24 14:15:09,35,B+1.0,25.1889,2000
2023-05-24 14:15:47,62,W+1.0,25.453,2000
2023-05-24 14:16:20,56,W+1.0,25.4355,2000
2023-05-24 14:16:39,32,W+1.0,25.2585,2000
2023-05-24 14:17:08,49,B+1.0,25.4016,2000
2023-05-24 14:17:48,68,W+1.0,25.6042,2000
2023-05-24 14:18:13,42,W+1.0,25.6486,2000
2023-05-24 14:18:56,70,W+1.0,25.8995,2000
2023-05-24 14:19:26,55,B+1.0,26.0743,2000
2023-05-24 14:19:53,47,B+1.0,26.0918,2000
2023-05-24 14:20:30,61,B+1.0,26.2476,2000
2023-05-24 14:20:51,36,W+1.0,26.3682,2000
2023-05-24 14:21:30,65,B+1.0,26.4976,2000
2023-05-24 14:21:46,28,W+1.0,26.3419,2000
2023-05-24 14:22:04,32,W+1.0,26.4231,2000
2023-05-24 14:22:25,39,B+1.0,26.5297,2000
2023-05-24 14:22:55,53,B+1.0,26.6567,2000
2023-05-24 14:23:11,30,W+1.0,26.6568,2000
2023-05-24 14:23:45,58,W+1.0,26.8011,2000
2023-05-24 14:24:10,49,B+1.0,26.9302,2000
2023-05-24 14:24:40,56,W+1.0,27.0402,2000
2023-05-24 14:25:05,44,W+1.0,27.0371,2000
2023-05-24 14:26:55,44,W+1.0,27.2999,3000
2023-05-24 14:27:22,49,B+1.0,27.4148,3000
2023-05-24 14:27:47,47,B+1.0,27.4866,3000
2023-05-24 14:28:19,60,W+1.0,27.6505,3000
2023-05-24 14:28:50,52,W+1.0,27.7545,3000
2023-05-24 14:29:38,81,B+1.0,27.9697,3000
2023-05-24 14:30:16,65,B+1.0,28.0974,3000
2023-05-24 14:30:45,52,W+1.0,28.1083,3000
2023-05-24 14:31:13,52,W+1.0,28.0516,3000
2023-05-24 14:31:32,36,W+1.0,27.9537,3000
2023-05-24 14:32:06,60,W+1.0,28.1822,3000
2023-05-24 14:32:18,23,B+1.0,28.1509,3000
2023-05-24 14:32:43,46,W+1.0,28.2065,3000
2023-05-24 14:33:18,60,W+1.0,28.3132,3000
2023-05-24 14:33:43,45,B+1.0,28.3512,3000
2023-05-24 14:34:11,49,B+1.0,28.322,3000
2023-05-24 14:34:44,60,W+1.0,28.4463,3000
2023-05-24 14:35:19,63,B+1.0,28.4126,3000
2023-05-24 14:35:46,51,B+1.0,28.3333,3000
2023-05-24 14:36:09,42,W+1.0,28.2628,3000
2023-05-24 14:36:38,54,W+1.0,28.3372,3000
2023-05-24 14:37:14,68,W+1.0,28.5261,3000
2023-05-24 14:37:38,44,W+1.0,28.5246,3000
2023-05-24 14:38:07,53,B+1.0,28.5431,3000
2023-05-24 14:38:25,34,W+1.0,28.4253,3000
2023-05-24 14:38:43,32,W+1.0,28.2178,3000
2023-05-24 14:39:06,41,B+1.0,28.3152,3000
2023-05-24 14:39:52,80,W+1.0,28.3941,3000
2023-05-24 14:40:13,38,W+1.0,28.3898,3000
2023-05-24 14:40:39,46,W+1.0,28.4366,3000
2023-05-24 14:41:09,53,B+1.0,28.392,3000
2023-05-24 14:41:43,60,W+1.0,28.5592,3000
2023-05-24 14:41:56,23,B+1.0,28.4088,3000
2023-05-24 14:42:30,61,B+1.0,28.3658,3000
2023-05-24 14:42:53,43,B+1.0,28.455,3000
2023-05-24 14:43:23,54,W+1.0,28.505,3000
2023-05-24 14:43:47,42,W+1.0,28.395,3000
2023-05-24 14:44:21,62,W+1.0,28.3191,3000
2023-05-24 14:44:39,32,W+1.0,28.2495,3000
2023-05-24 14:45:09,53,B+1.0,28.2931,3000
2023-05-24 14:47:08,68,W+1.0,28.4989,4000
2023-05-24 14:47:35,45,B+1.0,28.4429,4000
2023-05-24 14:48:10,60,W+1.0,28.5501,4000
2023-05-24 14:48:42,56,W+1.0,28.5541,4000
2023-05-24 14:49:04,39,B+1.0,28.5771,4000
2023-05-24 14:49:28,45,B+1.0,28.5766,4000
2023-05-24 14:50:01,59,B+1.0,28.6942,4000
2023-05-24 14:50:30,56,W+1.0,28.644,4000
2023-05-24 14:51:01,54,W+1.0,28.7186,4000
2023-05-24 14:51:20,34,W+1.0,28.6286,4000
2023-05-24 14:51:51,56,W+1.0,28.7327,4000
2023-05-24 14:52:30,69,B+1.0,28.7149,4000
2023-05-24 14:52:58,55,B+1.0,28.8654,4000
2023-05-24 14:53:36,69,B+1.0,28.9359,4000
2023-05-24 14:54:20,78,W+1.0,29.0985,4000
2023-05-24 14:54:49,52,W+1.0,29.0833,4000
2023-05-24 14:55:16,50,W+1.0,29.0124,4000
2023-05-24 14:55:40,44,W+1.0,29.0629,4000
2023-05-24 14:56:18,67,B+1.0,29.2323,4000
2023-05-24 14:56:38,37,B+1.0,29.0576,4000
2023-05-24 14:57:10,56,W+1.0,29.0433,4000
2023-05-24 14:57:40,52,W+1.0,29.0021,4000
2023-05-24 14:58:15,61,B+1.0,29.1271,4000
2023-05-24 14:58:40,47,B+1.0,28.9786,4000
2023-05-24 14:59:13,58,W+1.0,29.0256,4000
2023-05-24 14:59:48,63,B+1.0,29.1472,4000
2023-05-24 15:00:11,43,B+1.0,29.053,4000
2023-05-24 15:00:35,42,W+1.0,29.0604,4000
2023-05-24 15:00:55,37,B+1.0,28.825,4000
2023-05-24 15:01:21,48,W+1.0,28.6684,4000
2023-05-24 15:01:51,52,W+1.0,28.7717,4000
2023-05-24 15:02:15,46,W+1.0,28.6354,4000
2023-05-24 15:02:36,38,W+1.0,28.5973,4000
2023-05-24 15:03:04,55,B+1.0,28.5536,4000
2023-05-24 15:03:29,43,B+1.0,28.4974,4000
2023-05-24 15:03:58,51,B+1.0,28.5138,4000
2023-05-24 15:04:21,42,W+1.0,28.5483,4000
2023-05-24 15:06:12,41,B+1.0,28.4884,5000
2023-05-24 15:06:34,39,B+1.0,28.5211,5000
2023-05-24 15:06:57,43,B+1.0,28.4584,5000
2023-05-24 15:07:23,47,B+1.0,28.3247,5000
2023-05-24 15:07:42,33,B+1.0,28.2618,5000
2023-05-24 15:08:08,44,W+1.0,28.098,5000
2023-05-24 15:08:29,37,B+1.0,27.9968,5000
2023-05-24 15:09:01,54,W+1.0,28.041,5000
2023-05-24 15:09:30,51,B+1.0,27.9663,5000
2023-05-24 15:10:02,54,W+1.0,28.0787,5000
2023-05-24 15:10:33,55,B+1.0,27.9999,5000
2023-05-24 15:11:01,51,B+1.0,28.1252,5000
2023-05-24 15:11:17,27,B+1.0,28.1027,5000
2023-05-24 15:11:37,37,B+1.0,28.0875,5000
2023-05-24 15:11:50,24,W+1.0,27.9139,5000
2023-05-24 15:12:14,42,W+1.0,27.9941,5000
2023-05-24 15:12:38,42,W+1.0,27.8989,5000
2023-05-24 15:13:06,51,B+1.0,27.9212,5000
2023-05-24 15:13:22,30,W+1.0,27.7904,5000
2023-05-24 15:13:38,27,B+1.0,27.6984,5000
2023-05-24 15:14:01,41,B+1.0,27.5642,5000
2023-05-24 15:14:37,60,W+1.0,27.661,5000
2023-05-24 15:15:05,52,W+1.0,27.6748,5000
2023-05-24 15:15:31,45,B+1.0,27.6699,5000
2023-05-24 15:16:03,55,B+1.0,27.6736,5000
2023-05-24 15:16:40,61,B+1.0,27.7324,5000
2023-05-24 15:16:52,23,B+1.0,27.3781,5000
2023-05-24 15:17:16,43,B+1.0,27.2411,5000
2023-05-24 15:17:34,34,W+1.0,27.133,5000
2023-05-24 15:17:54,35,B+1.0,27.0582,5000
2023-05-24 15:18:23,50,W+1.0,27.1512,5000
2023-05-24 15:18:55,57,B+1.0,27.1331,5000
2023-05-24 15:19:07,21,B+1.0,27.1301,5000
2023-05-24 15:19:40,59,B+1.0,27.2103,5000
2023-05-24 15:20:08,48,W+1.0,27.14,5000
2023-05-24 15:20:26,33,B+1.0,27.0714,5000
2023-05-24 15:20:55,53,B+1.0,27.0802,5000
2023-05-24 15:21:18,39,B+1.0,26.971,5000
2023-05-24 15:21:38,39,B+1.0,26.8312,5000
2023-05-24 15:21:55,31,B+1.0,26.7319,5000
2023-05-24 15:22:21,47,B+1.0,26.7607,5000
2023-05-24 15:22:41,36,W+1.0,26.6705,5000
2023-05-24 15:23:16,64,W+1.0,26.6586,5000
2023-05-24 15:23:54,62,W+1.0,26.7962,5000
2023-05-24 15:25:19,31,B+1.0,26.661,6000
2023-05-24 15:25:50,55,B+1.0,26.8024,6000
2023-05-24 15:26:12,37,B+1.0,26.7901,6000
2023-05-24 15:26:49,60,W+1.0,26.6994,6000
2023-05-24 15:27:17,49,B+1.0,26.7743,6000
2023-05-24 15:27:58,67,B+1.0,26.9181,6000
2023-05-24 15:28:19,36,W+1.0,26.8215,6000
2023-05-24 15:28:47,48,W+1.0,26.7727,6000
2023-05-24 15:29:24,63,B+1.0,27.0083,6000
2023-05-24 15:29:49,48,W+1.0,26.9203,6000
2023-05-24 15:30:27,71,B+1.0,27.0633,6000
2023-05-24 15:30:40,24,W+1.0,26.8997,6000
2023-05-24 15:31:08,52,W+1.0,26.9333,6000
2023-05-24 15:31:40,55,B+1.0,26.9197,6000
2023-05-24 15:32:09,49,B+1.0,27.0251,6000
2023-05-24 15:32:42,57,B+1.0,27.0563,6000
2023-05-24 15:33:01,32,W+1.0,26.9523,6000
2023-05-24 15:33:15,24,W+1.0,26.6899,6000
2023-05-24 15:33:43,48,W+1.0,26.708,6000
2023-05-24 15:34:05,37,B+1.0,26.5708,6000
2023-05-24 15:34:40,57,B+1.0,26.6076,6000
2023-05-24 15:35:11,54,W+1.0,26.6995,6000
2023-05-24 15:35:31,33,B+1.0,26.6576,6000
2023-05-24 15:36:02,50,W+1.0,26.6336,6000
2023-05-24 15:36:48,76,W+1.0,26.7984,6000
2023-05-24 15:37:18,55,B+1.0,26.8009,6000
2023-05-24 15:37:56,61,B+1.0,26.9908,6000
2023-05-24 15:38:31,57,B+1.0,27.0244,6000
2023-05-24 15:38:55,41,B+1.0,26.8833,6000
2023-05-24 15:39:16,37,B+1.0,26.8118,6000
2023-05-24 15:39:48,52,W+1.0,26.7437,6000
2023-05-24 15:40:15,47,B+1.0,26.5684,6000
2023-05-24 15:40:47,57,B+1.0,26.603,6000
2023-05-24 15:41:17,52,W+1.0,26.6391,6000
2023-05-24 15:41:42,41,B+1.0,26.647,6000
2023-05-24 15:42:17,55,B+1.0,26.6167,6000
2023-05-24 15:42:44,47,B+1.0,26.6829,6000
2023-05-24 15:44:09,39,B+1.0,26.4639,7000
2023-05-24 15:44:37,50,W+1.0,26.3967,7000
2023-05-24 15:45:02,45,B+1.0,26.39,7000
2023-05-24 15:45:25,46,W+1.0,26.2944,7000
2023-05-24 15:45:52,50,W+1.0,26.2139,7000
2023-05-24 15:46:07,29,B+1.0,26.1298,7000
2023-05-24 15:46:21,29,B+1.0,26.0363,7000
2023-05-24 15:46:45,50,W+1.0,26.0669,7000
2023-05-24 15:47:00,31,B+1.0,25.9607,7000
2023-05-24 15:47:30,58,W+1.0,25.9693,7000
2023-05-24 15:47:44,25,B+1.0,25.8601,7000
2023-05-24 15:47:59,29,B+1.0,25.8029,7000
2023-05-24 15:48:17,37,B+1.0,25.7029,7000
2023-05-24 15:48:37,39,B+1.0,25.6582,7000
2023-05-24 15:49:07,51,B+1.0,25.6611,7000
2023-05-24 15:49:24,33,B+1.0,25.6,7000
2023-05-24 15:49:56,57,B+1.0,25.5262,7000
2023-05-24 15:50:18,41,B+1.0,25.4994,7000
2023-05-24 15:50:36,32,W+1.0,25.4547,7000
2023-05-24 15:51:01,45,B+1.0,25.4707,7000
2023-05-24 15:51:21,38,W+1.0,25.4114,7000
2023-05-24 15:51:55,59,B+1.0,25.5569,7000
2023-05-24 15:52:21,48,W+1.0,25.5634,7000
2023-05-24 15:52:39,31,B+1.0,25.533,7000
2023-05-24 15:52:51,22,W+1.0,25.3389,7000
2023-05-24 15:53:18,49,B+1.0,25.3236,7000
2023-05-24 15:53:48,51,B+1.0,25.299,7000
2023-05-24 15:54:17,51,B+1.0,25.2673,7000
2023-05-24 15:54:32,27,B+1.0,25.1444,7000
2023-05-24 15:54:52,35,B+1.0,25.1848,7000
2023-05-24 15:55:24,54,W+1.0,25.3057,7000
2023-05-24 15:55:52,48,W+1.0,25.4545,7000
2023-05-24 15:56:11,34,W+1.0,25.404,7000
2023-05-24 15:56:49,66,W+1.0,25.5408,7000
2023-05-24 15:57:08,32,W+1.0,25.4594,7000
2023-05-24 15:57:30,41,B+1.0,25.5108,7000
2023-05-24 15:58:09,65,B+1.0,25.7485,7000
2023-05-24 15:58:47,67,B+1.0,25.8966,7000
2023-05-24 15:59:08,38,W+1.0,25.7537,7000
2023-05-24 15:59:21,22,W+1.0,25.5934,7000
2023-05-24 15:59:45,40,W+1.0,25.5784,7000
2023-05-24 16:00:03,32,W+1.0,25.4355,7000
2023-05-24 16:00:38,59,B+1.0,25.4176,7000
2023-05-24 16:02:02,51,B+1.0,25.515,8000
2023-05-24 16:02:30,50,W+1.0,25.62,8000
2023-05-24 16:02:49,31,B+1.0,25.6057,8000
2023-05-24 16:03:13,41,B+1.0,25.5583,8000
2023-05-24 16:03:37,40,W+1.0,25.4832,8000
2023-05-24 16:03:54,30,W+1.0,25.5352,8000
2023-05-24 16:04:30,56,W+1.0,25.5563,8000
2023-05-24 16:04:54,41,B+1.0,25.5243,8000
2023-05-24 16:05:16,38,W+1.0,25.5599,8000
2023-05-24 16:05:42,44,W+1.0,25.532,8000
2023-05-24 16:06:08,45,B+1.0,25.561,8000
2023-05-24 16:06:42,57,B+1.0,25.696,8000
2023-05-24 16:07:10,49,B+1.0,25.8134,8000
2023-05-24 16:07:31,38,W+1.0,25.7656,8000
2023-05-24 16:07:53,36,W+1.0,25.7807,8000
2023-05-24 16:08:16,42,W+1.0,25.6606,8000
2023-05-24 16:08:46,52,W+1.0,25.5843,8000
2023-05-24 16:09:10,44,W+1.0,25.6724,8000
2023-05-24 16:09:24,24,W+1.0,25.6316,8000
2023-05-24 16:09:33,15,B+1.0,25.3956,8000
2023-05-24 16:10:04,51,B+1.0,25.4947,8000
2023-05-24 16:10:30,44,W+1.0,25.381,8000
2023-05-24 16:11:05,58,W+1.0,25.4471,8000
2023-05-24 16:11:52,72,W+1.0,25.5101,8000
2023-05-24 16:12:25,59,B+1.0,25.6401,8000
2023-05-24 16:12:53,49,B+1.0,25.6336,8000
2023-05-24 16:13:17,39,B+1.0,25.5068,8000
2023-05-24 16:13:44,49,B+1.0,25.5264,8000
2023-05-24 16:14:04,35,B+1.0,25.3455,8000
2023-05-24 16:14:28,43,B+1.0,25.451,8000
2023-05-24 16:14:40,23,B+1.0,25.2995,8000
2023-05-24 16:14:58,31,B+1.0,25.1474,8000
2023-05-24 16:15:37,69,B+1.0,25.2578,8000
2023-05-24 16:15:55,32,W+1.0,25.1012,8000
2023-05-24 16:16:24,51,B+1.0,25.2024,8000
2023-05-24 16:16:39,27,B+1.0,25.2184,8000
2023-05-24 16:17:08,47,B+1.0,25.2181,8000
2023-05-24 16:18:33,25,B+1.0,25.0246,9000
2023-05-24 16:18:55,37,B+1.0,24.9278,9000
2023-05-24 16:19:11,29,B+1.0,24.8948,9000
2023-05-24 16:19:45,57,B+1.0,24.9251,9000
2023-05-24 16:20:15,49,B+1.0,24.7662,9000
2023-05-24 16:20:34,32,W+1.0,24.6504,9000
2023-05-24 16:20:49,27,B+1.0,24.4179,9000
2023-05-24 16:21:01,21,B+1.0,24.1925,9000
2023-05-24 16:21:13,23,B+1.0,24.0728,9000
2023-05-24 16:21:31,31,B+1.0,24.0382,9000
2023-05-24 16:22:05,58,W+1.0,24.0655,9000
2023-05-24 16:22:20,26,W+1.0,23.9452,9000
2023-05-24 16:22:46,44,W+1.0,23.8879,9000
2023-05-24 16:23:07,36,W+1.0,23.79,9000
2023-05-24 16:23:27,36,W+1.0,23.7435,9000
2023-05-24 16:23:45,31,B+1.0,23.5787,9000
2023-05-24 16:24:14,50,W+1.0,23.595,9000
2023-05-24 16:24:38,42,W+1.0,23.6523,9000
2023-05-24 16:24:49,20,W+1.0,23.545,9000
2023-05-24 16:25:06,32,W+1.0,23.4398,9000
2023-05-24 16:25:17,20,W+1.0,23.3034,9000
2023-05-24 16:25:36,34,W+1.0,23.2569,9000
2023-05-24 16:26:05,50,W+1.0,23.2818,9000
2023-05-24 16:26:47,66,W+1.0,23.5448,9000
2023-05-24 16:27:01,26,W+1.0,23.5467,9000
2023-05-24 16:27:27,47,B+1.0,23.5703,9000
2023-05-24 16:27:45,32,W+1.0,23.5923,9000
2023-05-24 16:28:02,30,W+1.0,23.4574,9000
2023-05-24 16:28:22,35,B+1.0,23.532,9000
2023-05-24 16:28:34,20,W+1.0,23.4965,9000
2023-05-24 16:28:59,42,W+1.0,23.56,9000
2023-05-24 16:29:18,34,W+1.0,23.5543,9000
2023-05-24 16:29:36,31,B+1.0,23.4376,9000
2023-05-24 16:29:58,40,W+1.0,23.4847,9000
2023-05-24 16:30:11,24,W+1.0,23.2943,9000
2023-05-24 16:30:41,51,B+1.0,23.3739,9000
2023-05-24 16:30:56,26,W+1.0,23.3449,9000
2023-05-24 16:31:11,27,B+1.0,23.2449,9000
2023-05-24 16:31:41,51,B+1.0,23.3417,9000
2023-05-24 16:32:12,53,B+1.0,23.3152,9000
2023-05-24 16:33:19,35,B+1.0,23.314,10000
2023-05-24 16:33:33,25,B+1.0,23.3333,10000
2023-05-24 16:33:52,36,W+1.0,23.2441,10000
2023-05-24 16:34:04,24,W+1.0,23.0691,10000
2023-05-24 16:34:15,24,W+1.0,22.8934,10000
2023-05-24 16:34:40,47,B+1.0,22.9858,10000
2023-05-24 16:34:54,28,W+1.0,22.9276,10000
2023-05-24 16:35:02,18,W+1.0,22.6945,10000
2023-05-24 16:35:19,31,B+1.0,22.579,10000
2023-05-24 16:35:41,43,B+1.0,22.6093,10000
2023-05-24 16:35:55,28,W+1.0,22.3708,10000
2023-05-24 16:36:10,32,W+1.0,22.331,10000
2023-05-24 16:36:26,36,W+1.0,22.2741,10000
2023-05-24 16:36:39,26,W+1.0,22.0088,10000
2023-05-24 16:36:50,21,B+1.0,21.7407,10000
2023-05-24 16:37:02,25,B+1.0,21.6414,10000
2023-05-24 16:37:15,28,W+1.0,21.6467,10000
2023-05-24 16:37:27,27,B+1.0,21.5343,10000
2023-05-24 16:37:42,30,W+1.0,21.5,10000
2023-05-24 16:37:57,32,W+1.0,21.2994,10000
2023-05-24 16:38:14,33,B+1.0,21.2956,10000
2023-05-24 16:38:40,48,W+1.0,21.2641,10000
2023-05-24 16:38:57,36,W+1.0,21.1465,10000
2023-05-24 16:39:12,30,W+1.0,21.1109,10000
2023-05-24 16:39:25,25,B+1.0,21.0015,10000
2023-05-24 16:39:49,46,W+1.0,20.9975,10000
2023-05-24 16:40:02,26,W+1.0,20.9594,10000
2023-05-24 16:40:12,20,W+1.0,20.705,10000
2023-05-24 16:40:28,33,B+1.0,20.6248,10000
2023-05-24 16:40:38,20,W+1.0,20.4992,10000
2023-05-24 16:40:54,36,W+1.0,20.4074,10000
2023-05-24 16:41:09,29,B+1.0,20.2983,10000
2023-05-24 16:41:24,28,W+1.0,20.1008,10000
2023-05-24 16:41:41,38,W+1.0,19.9866,10000
2023-05-24 16:41:57,35,B+1.0,19.9458,10000
2023-05-24 16:42:11,28,W+1.0,19.8656,10000
2023-05-24 16:42:25,30,W+1.0,19.7723,10000
2023-05-24 16:42:39,31,B+1.0,19.6095,10000
2023-05-24 16:42:51,25,B+1.0,19.4892,10000
2023-05-24 16:43:02,22,W+1.0,19.4539,10000
2023-05-24 16:43:11,20,W+1.0,19.4694,10000
2023-05-24 16:43:22,22,W+1.0,19.261,10000
2023-05-24 16:43:37,33,B+1.0,19.1592,10000
2023-05-24 16:43:46,18,W+1.0,18.8917,10000
2023-05-24 16:44:05,39,B+1.0,18.614,10000
2023-05-24 16:44:14,18,W+1.0,18.3657,10000
2023-05-24 16:45:20,23,B+1.0,18.1085,11000
2023-05-24 16:45:34,25,B+1.0,17.9716,11000
2023-05-24 16:45:51,31,B+1.0,17.943,11000
2023-05-24 16:46:16,44,W+1.0,17.9577,11000
2023-05-24 16:46:36,36,W+1.0,18.0324,11000
2023-05-24 16:46:45,15,B+1.0,17.9432,11000
2023-05-24 16:47:03,33,B+1.0,17.7356,11000
2023-05-24 16:47:21,34,W+1.0,17.7458,11000
2023-05-24 16:47:39,34,W+1.0,17.6263,11000
2023-05-24 16:47:49,19,B+1.0,17.5678,11000
2023-05-24 16:48:01,25,B+1.0,17.4111,11000
2023-05-24 16:48:19,35,B+1.0,17.3736,11000
2023-05-24 16:48:34,30,W+1.0,17.3669,11000
2023-05-24 16:48:54,38,W+1.0,17.3467,11000
2023-05-24 16:49:04,22,W+1.0,17.2819,11000
2023-05-24 16:49:22,34,W+1.0,17.1192,11000
2023-05-24 16:49:42,39,B+1.0,17.0275,11000
2023-05-24 16:49:57,30,W+1.0,16.9881,11000
2023-05-24 16:50:04,13,B+1.0,16.9063,11000
2023-05-24 16:50:11,15,B+1.0,16.8609,11000
2023-05-24 16:50:21,19,B+1.0,16.8304,11000
2023-05-24 16:50:46,49,B+1.0,16.9079,11000
2023-05-24 16:51:03,35,B+1.0,16.7385,11000
2023-05-24 16:51:20,32,W+1.0,16.7536,11000
2023-05-24 16:51:32,25,B+1.0,16.6137,11000
2023-05-24 16:51:43,22,W+1.0,16.5136,11000
2023-05-24 16:52:00,32,W+1.0,16.481,11000
2023-05-24 16:52:15,28,W+1.0,16.451,11000
2023-05-24 16:52:29,26,W+1.0,16.3006,11000
2023-05-24 16:52:41,22,W+1.0,16.1809,11000
2023-05-24 16:52:53,27,B+1.0,16.2022,11000
2023-05-24 16:53:07,27,B+1.0,16.1664,11000
2023-05-24 16:53:21,27,B+1.0,16.1925,11000
2023-05-24 16:53:38,31,B+1.0,16.1732,11000
2023-05-24 16:53:53,26,W+1.0,16.0311,11000
2023-05-24 16:54:13,36,W+1.0,15.8193,11000
2023-05-24 16:54:25,23,B+1.0,15.7944,11000
2023-05-24 16:54:49,47,B+1.0,15.7755,11000
2023-05-24 16:55:01,22,W+1.0,15.7157,11000
2023-05-24 16:55:10,18,W+1.0,15.637,11000
2023-05-24 16:56:03,14,W+1.0,15.5308,12000
2023-05-24 16:56:18,33,B+1.0,15.4329,12000
2023-05-24 16:56:27,20,W+1.0,15.3263,12000
2023-05-24 16:56:37,24,W+1.0,15.2526,12000
2023-05-24 16:56:52,30,W+1.0,15.1808,12000
2023-05-24 16:57:04,27,B+1.0,15.1669,12000
2023-05-24 16:57:19,31,B+1.0,15.0223,12000
2023-05-24 16:57:31,26,W+1.0,14.9932,12000
2023-05-24 16:57:43,24,W+1.0,14.9644,12000
2023-05-24 16:57:51,19,B+1.0,14.7455,12000
2023-05-24 16:58:17,50,W+1.0,14.6921,12000
2023-05-24 16:58:28,24,W+1.0,14.5547,12000
2023-05-24 16:58:40,26,W+1.0,14.4849,12000
2023-05-24 16:58:55,32,W+1.0,14.4947,12000
2023-05-24 16:59:07,24,W+1.0,14.4228,12000
2023-05-24 16:59:21,28,W+1.0,14.4462,12000
2023-05-24 16:59:32,23,B+1.0,14.4476,12000
2023-05-24 16:59:45,29,B+1.0,14.3312,12000
2023-05-24 16:59:55,19,B+1.0,14.2892,12000
2023-05-24 17:00:06,23,B+1.0,14.3117,12000
2023-05-24 17:00:25,39,B+1.0,14.3396,12000
2023-05-24 17:00:38,28,W+1.0,14.2493,12000
2023-05-24 17:00:52,29,B+1.0,14.2466,12000
2023-05-24 17:01:01,20,W+1.0,14.1862,12000
2023-05-24 17:01:12,23,B+1.0,14.1315,12000
2023-05-24 17:01:26,32,W+1.0,14.1504,12000
2023-05-24 17:01:40,28,W+1.0,14.179,12000
2023-05-24 17:01:50,18,W+1.0,14.1557,12000
2023-05-24 17:02:00,22,W+1.0,14.1326,12000
2023-05-24 17:02:15,33,B+1.0,14.1577,12000
2023-05-24 17:02:27,26,W+1.0,14.1299,12000
2023-05-24 17:02:42,33,B+1.0,14.1242,12000
2023-05-24 17:02:55,26,W+1.0,14.0846,12000
2023-05-24 17:03:07,26,W+1.0,13.9466,12000
2023-05-24 17:03:14,15,B+1.0,13.8509,12000
2023-05-24 17:03:27,27,B+1.0,13.8301,12000
2023-05-24 17:03:42,30,W+1.0,13.8508,12000
2023-05-24 17:03:53,24,W+1.0,13.7201,12000
2023-05-24 17:04:06,26,W+1.0,13.7204,12000
2023-05-24 17:04:17,23,B+1.0,13.7311,12000
2023-05-24 17:04:28,22,W+1.0,13.6734,12000
2023-05-24 17:04:36,19,B+1.0,13.6573,12000
2023-05-24 17:04:45,19,B+1.0,13.582,12000
2023-05-24 17:06:03,43,B+1.0,13.6268,13000
2023-05-24 17:06:19,29,B+1.0,13.621,13000
2023-05-24 17:06:32,21,B+1.0,13.5751,13000
2023-05-24 17:06:45,23,B+1.0,13.5678,13000
2023-05-24 17:06:54,17,B+1.0,13.5273,13000
2023-05-24 17:07:06,22,W+1.0,13.5079,13000
2023-05-24 17:07:18,20,W+1.0,13.5,13000
2023-05-24 17:07:29,21,B+1.0,13.5116,13000
2023-05-24 17:07:41,22,W+1.0,13.5348,13000
2023-05-24 17:07:59,31,B+1.0,13.6001,13000
2023-05-24 17:08:20,37,B+1.0,13.6573,13000
2023-05-24 17:08:31,20,W+1.0,13.6893,13000
2023-05-24 17:08:44,23,B+1.0,13.629,13000
2023-05-24 17:09:02,31,B+1.0,13.7177,13000
2023-05-24 17:09:16,25,B+1.0,13.7264,13000
2023-05-24 17:09:27,20,W+1.0,13.7085,13000
2023-05-24 17:09:35,15,B+1.0,13.6491,13000
2023-05-24 17:09:47,22,W+1.0,13.5989,13000
2023-05-24 17:09:59,22,W+1.0,13.4763,13000
2023-05-24 17:10:05,11,B+1.0,13.334,13000
2023-05-24 17:10:20,25,B+1.0,13.3911,13000
2023-05-24 17:10:39,34,W+1.0,13.3974,13000
2023-05-24 17:10:51,21,B+1.0,13.331,13000
2023-05-24 17:10:58,14,W+1.0,13.2322,13000
2023-05-24 17:11:09,20,W+1.0,13.2473,13000
2023-05-24 17:11:33,44,W+1.0,13.3648,13000
2023-05-24 17:11:45,20,W+1.0,13.2973,13000
2023-05-24 17:12:01,30,W+1.0,13.3083,13000
2023-05-24 17:12:14,22,W+1.0,13.2386,13000
2023-05-24 17:12:26,22,W+1.0,13.2645,13000
2023-05-24 17:12:43,30,W+1.0,13.252,13000
2023-05-24 17:12:54,21,B+1.0,13.1543,13000
2023-05-24 17:13:05,22,W+1.0,13.1154,13000
2023-05-24 17:13:20,27,B+1.0,13.2039,13000
2023-05-24 17:13:28,16,W+1.0,13.2126,13000
2023-05-24 17:13:39,21,B+1.0,13.2263,13000
2023-05-24 17:13:56,32,W+1.0,13.1432,13000
2023-05-24 17:14:06,18,W+1.0,13.0673,13000
2023-05-24 17:14:13,15,B+1.0,12.9784,13000
2023-05-24 17:14:29,30,W+1.0,13.0055,13000
2023-05-24 17:15:25,17,B+1.0,12.8979,14000
2023-05-24 17:15:34,18,W+1.0,12.8454,14000
2023-05-24 17:15:42,15,B+1.0,12.7807,14000
2023-05-24 17:15:48,15,B+1.0,12.7276,14000
2023-05-24 17:16:03,29,B+1.0,12.7476,14000
2023-05-24 17:16:15,24,W+1.0,12.7306,14000
2023-05-24 17:16:26,19,B+1.0,12.6956,14000
2023-05-24 17:16:37,22,W+1.0,12.6363,14000
2023-05-24 17:16:49,24,W+1.0,12.6133,14000
2023-05-24 17:17:00,24,W+1.0,12.5248,14000
2023-05-24 17:17:09,16,W+1.0,12.4909,14000
2023-05-24 17:17:25,30,W+1.0,12.4077,14000
2023-05-24 17:17:30,11,B+1.0,12.3421,14000
2023-05-24 17:17:41,20,W+1.0,12.3618,14000
2023-05-24 17:17:49,17,B+1.0,12.299,14000
2023-05-24 17:17:55,13,B+1.0,12.2885,14000
2023-05-24 17:18:07,23,B+1.0,12.2582,14000
2023-05-24 17:18:14,14,W+1.0,12.2381,14000
2023-05-24 17:18:22,16,W+1.0,12.2138,14000
2023-05-24 17:18:33,20,W+1.0,12.1729,14000
2023-05-24 17:18:43,21,B+1.0,12.1582,14000
2023-05-24 17:18:58,28,W+1.0,12.1541,14000
2023-05-24 17:19:09,23,B+1.0,12.1453,14000
2023-05-24 17:19:16,14,W+1.0,12.0921,14000
2023-05-24 17:19:23,15,B+1.0,12.0823,14000
2023-05-24 17:19:34,21,B+1.0,11.9376,14000
2023-05-24 17:19:42,16,W+1.0,11.9017,14000
2023-05-24 17:19:56,27,B+1.0,11.9258,14000
2023-05-24 17:20:04,16,W+1.0,11.8537,14000
2023-05-24 17:20:18,28,W+1.0,11.8774,14000
2023-05-24 17:20:23,13,B+1.0,11.7907,14000
2023-05-24 17:20:31,16,W+1.0,11.7552,14000
2023-05-24 17:20:36,11,B+1.0,11.674,14000
2023-05-24 17:20:49,24,W+1.0,11.703,14000
2023-05-24 17:20:54,11,B+1.0,11.6479,14000
2023-05-24 17:21:04,18,W+1.0,11.5511,14000
2023-05-24 17:21:16,26,W+1.0,11.5463,14000
2023-05-24 17:21:24,16,W+1.0,11.4885,14000
2023-05-24 17:21:36,24,W+1.0,11.5181,14000
2023-05-24 17:21:52,32,W+1.0,11.567,14000
2023-05-24 17:22:02,20,W+1.0,11.5267,14000
2023-05-24 17:22:56,13,B+1.0,11.413,15000
2023-05-24 17:23:02,14,W+1.0,11.3674,15000
2023-05-24 17:23:07,11,B+1.0,11.2643,15000
2023-05-24 17:23:12,11,B+1.0,11.1895,15000
2023-05-24 17:23:17,13,B+1.0,11.0987,15000
2023-05-24 17:23:23,15,B+1.0,11.0306,15000
2023-05-24 17:23:32,23,B+1.0,10.999,15000
2023-05-24 17:23:40,19,B+1.0,11.0068,15000
2023-05-24 17:23:47,17,B+1.0,10.9434,15000
2023-05-24 17:23:54,17,B+1.0,10.8671,15000
2023-05-24 17:24:05,23,B+1.0,10.8643,15000
2023-05-24 17:24:14,20,W+1.0,10.8267,15000
2023-05-24 17:24:20,16,W+1.0,10.7786,15000
2023-05-24 17:24:27,16,W+1.0,10.7406,15000
2023-05-24 17:24:34,17,B+1.0,10.7281,15000
2023-05-24 17:24:44,22,W+1.0,10.7359,15000
2023-05-24 17:24:48,11,B+1.0,10.6894,15000
2023-05-24 17:24:56,17,B+1.0,10.5211,15000
2023-05-24 17:25:03,16,W+1.0,10.4278,15000
2023-05-24 17:25:07,11,B+1.0,10.3482,15000
2023-05-24 17:25:16,18,W+1.0,10.3073,15000
2023-05-24 17:25:22,15,B+1.0,10.2732,15000
2023-05-24 17:25:33,22,W+1.0,10.2524,15000
2023-05-24 17:25:39,17,B+1.0,10.2078,15000
2023-05-24 17:25:48,20,W+1.0,10.1736,15000
2023-05-24 17:25:58,23,B+1.0,10.1602,15000
2023-05-24 17:26:08,21,B+1.0,10.0827,15000
2023-05-24 17:26:15,14,W+1.0,9.9433,15000
2023-05-24 17:26:23,17,B+1.0,9.9041,15000
2023-05-24 17:26:35,25,B+1.0,9.8929,15000
2023-05-24 17:26:45,21,B+1.0,9.8205,15000
2023-05-24 17:26:52,14,W+1.0,9.7452,15000
2023-05-24 17:27:01,18,W+1.0,9.726,15000
2023-05-24 17:27:05,11,B+1.0,9.6981,15000
2023-05-24 17:27:11,12,W+1.0,9.6287,15000
2023-05-24 17:27:18,17,B+1.0,9.5735,15000
2023-05-24 17:27:25,16,W+1.0,9.588,15000
2023-05-24 17:27:30,12,W+1.0,9.4949,15000
2023-05-24 17:27:40,22,W+1.0,9.4012,15000
2023-05-24 17:27:48,18,W+1.0,9.3609,15000
2023-05-24 17:27:56,18,W+1.0,9.375,15000
2023-05-24 17:28:01,11,B+1.0,9.3083,15000
2023-05-24 17:28:12,22,W+1.0,9.1735,15000
2023-05-24 17:29:09,13,B+1.0,9.0839,16000
2023-05-24 17:29:21,26,W+1.0,9.0745,16000
2023-05-24 17:29:30,18,W+1.0,9.0336,16000
2023-05-24 17:29:35,13,B+1.0,8.923,16000
2023-05-24 17:29:41,15,B+1.0,8.8749,16000
2023-05-24 17:29:45,9,B+1.0,8.8013,16000
2023-05-24 17:29:55,22,W+1.0,8.7489,16000
2023-05-24 17:29:59,9,B+1.0,8.705,16000
2023-05-24 17:30:09,22,W+1.0,8.6964,16000
2023-05-24 17:30:20,22,W+1.0,8.6346,16000
2023-05-24 17:30:29,21,B+1.0,8.6349,16000
2023-05-24 17:30:38,20,W+1.0,8.6466,16000
2023-05-24 17:30:48,22,W+1.0,8.5981,16000
2023-05-24 17:30:53,11,B+1.0,8.5654,16000
2023-05-24 17:30:57,10,W+1.0,8.5143,16000
2023-05-24 17:31:02,11,B+1.0,8.4662,16000
2023-05-24 17:31:08,15,B+1.0,8.4556,16000
2023-05-24 17:31:20,26,W+1.0,8.5033,16000
2023-05-24 17:31:28,18,W+1.0,8.4388,16000
2023-05-24 17:31:34,15,B+1.0,8.3712,16000
2023-05-24 17:31:37,9,B+1.0,8.305,16000
2023-05-24 17:31:41,10,W+1.0,8.2337,16000
2023-05-24 17:31:49,19,B+1.0,8.1854,16000
2023-05-24 17:31:57,20,W+1.0,8.1577,16000
2023-05-24 17:32:03,16,W+1.0,8.1338,16000
2023-05-24 17:32:14,23,B+1.0,8.0777,16000
2023-05-24 17:32:28,29,B+1.0,8.1735,16000
2023-05-24 17:32:38,20,W+1.0,8.1636,16000
2023-05-24 17:32:48,20,W+1.0,8.1781,16000
2023-05-24 17:32:53,14,W+1.0,8.1742,16000
2023-05-24 17:33:04,22,W+1.0,8.1633,16000
2023-05-24 17:33:17,26,W+1.0,8.2224,16000
2023-05-24 17:33:27,22,W+1.0,8.2407,16000
2023-05-24 17:33:35,16,W+1.0,8.2106,16000
2023-05-24 17:33:42,17,B+1.0,8.1779,16000
2023-05-24 17:33:46,11,B+1.0,8.0706,16000
2023-05-24 17:33:51,11,B+1.0,8.0056,16000
2023-05-24 17:33:54,9,B+1.0,7.9736,16000
2023-05-24 17:34:02,17,B+1.0,7.9803,16000
2023-05-24 17:34:12,22,W+1.0,7.9729,16000
2023-05-24 17:35:00,14,W+1.0,7.9043,17000
2023-05-24 17:35:05,11,B+1.0,7.8758,17000
2023-05-24 17:35:10,11,B+1.0,7.7864,17000
2023-05-24 17:35:14,9,B+1.0,7.7676,17000
2023-05-24 17:35:19,13,B+1.0,7.7426,17000
2023-05-24 17:35:25,15,B+1.0,7.7548,17000
2023-05-24 17:35:28,9,B+1.0,7.66,17000
2023-05-24 17:35:32,11,B+1.0,7.6481,17000
2023-05-24 17:35:38,14,W+1.0,7.606,17000
2023-05-24 17:35:44,13,B+1.0,7.538,17000
2023-05-24 17:35:51,15,B+1.0,7.5276,17000
2023-05-24 17:36:00,21,B+1.0,7.4993,17000
2023-05-24 17:36:06,13,B+1.0,7.4008,17000
2023-05-24 17:36:09,9,B+1.0,7.3259,17000
2023-05-24 17:36:18,21,B+1.0,7.3594,17000
2023-05-24 17:36:28,21,B+1.0,7.3944,17000
2023-05-24 17:36:32,11,B+1.0,7.3798,17000
2023-05-24 17:36:40,17,B+1.0,7.4056,17000
2023-05-24 17:36:46,15,B+1.0,7.426,17000
2023-05-24 17:36:51,13,B+1.0,7.4255,17000
2023-05-24 17:36:55,9,B+1.0,7.3999,17000
2023-05-24 17:37:00,11,B+1.0,7.3586,17000
2023-05-24 17:37:03,9,B+1.0,7.3126,17000
2023-05-24 17:37:07,9,B+1.0,7.2823,17000
2023-05-24 17:37:10,9,B+1.0,7.2412,17000
2023-05-24 17:37:17,15,B+1.0,7.2077,17000
2023-05-24 17:37:21,11,B+1.0,7.1502,17000
2023-05-24 17:37:25,10,W+1.0,7.1241,17000
2023-05-24 17:37:41,34,W+1.0,7.218,17000
2023-05-24 17:37:44,9,B+1.0,7.1869,17000
2023-05-24 17:37:50,13,B+1.0,7.1405,17000
2023-05-24 17:37:56,15,B+1.0,7.1607,17000
2023-05-24 17:38:03,17,B+1.0,7.1555,17000
2023-05-24 17:38:13,21,B+1.0,7.1781,17000
2023-05-24 17:38:23,21,B+1.0,7.2333,17000
2023-05-24 17:38:30,17,B+1.0,7.22,17000
2023-05-24 17:38:33,9,B+1.0,7.1918,17000
2023-05-24 17:38:46,31,B+1.0,7.2138,17000
2023-05-24 17:38:53,19,B+1.0,7.2191,17000
2023-05-24 17:39:03,21,B+1.0,7.2324,17000
2023-05-24 17:39:07,9,B+1.0,7.1646,17000
2023-05-24 17:39:13,15,B+1.0,7.1324,17000
2023-05-24 17:39:17,9,B+1.0,7.0987,17000
2023-05-24 17:39:20,9,B+1.0,7.0562,17000
2023-05-24 17:39:24,9,B+1.0,6.9733,17000
2023-05-24 17:39:32,17,B+1.0,6.9474,17000
2023-05-24 17:39:35,9,B+1.0,6.9125,17000
2023-05-24 17:40:25,9,B+1.0,6.8863,18000
2023-05-24 17:40:28,9,B+1.0,6.8698,18000
2023-05-24 17:40:35,15,B+1.0,6.8662,18000
2023-05-24 17:40:43,17,B+1.0,6.8739,18000
2023-05-24 17:40:49,14,W+1.0,6.8814,18000
2023-05-24 17:40:53,11,B+1.0,6.8267,18000
2023-05-24 17:40:57,9,B+1.0,6.7841,18000
2023-05-24 17:41:06,19,B+1.0,6.7894,18000
2023-05-24 17:41:10,9,B+1.0,6.7793,18000
2023-05-24 17:41:13,9,B+1.0,6.7077,18000
2023-05-24 17:41:19,11,B+1.0,6.6311,18000
2023-05-24 17:41:22,9,B+1.0,6.6121,18000
2023-05-24 17:41:27,11,B+1.0,6.5423,18000
2023-05-24 17:41:32,11,B+1.0,6.5091,18000
2023-05-24 17:41:36,9,B+1.0,6.4928,18000
2023-05-24 17:41:41,11,B+1.0,6.4821,18000
2023-05-24 17:41:45,9,B+1.0,6.4781,18000
2023-05-24 17:41:48,9,B+1.0,6.4182,18000
2023-05-24 17:41:54,13,B+1.0,6.4358,18000
2023-05-24 17:41:58,9,B+1.0,6.369,18000
2023-05-24 17:42:02,11,B+1.0,6.3017,18000
2023-05-24 17:42:07,11,B+1.0,6.2556,18000
2023-05-24 17:42:11,11,B+1.0,6.2166,18000
2023-05-24 17:42:15,9,B+1.0,6.1522,18000
2023-05-24 17:42:20,11,B+1.0,6.1569,18000
2023-05-24 17:42:25,12,W+1.0,6.1597,18000
2023-05-24 17:42:28,9,B+1.0,6.1465,18000
2023-05-24 17:42:36,19,B+1.0,6.1627,18000
2023-05-24 17:42:41,9,B+1.0,6.092,18000
2023-05-24 17:42:44,9,B+1.0,6.0485,18000
2023-05-24 17:42:48,9,B+1.0,6.0317,18000
2023-05-24 17:42:53,11,B+1.0,6.0463,18000
2023-05-24 17:42:57,9,B+1.0,6.041,18000
2023-05-24 17:43:01,9,B+1.0,6.005,18000
2023-05-24 17:43:06,13,B+1.0,5.9757,18000
2023-05-24 17:43:11,9,B+1.0,5.9536,18000
2023-05-24 17:43:14,9,B+1.0,5.8885,18000
2023-05-24 17:43:22,15,B+1.0,5.8176,18000
2023-05-24 17:43:32,21,B+1.0,5.8215,18000
2023-05-24 17:43:36,9,B+1.0,5.7698,18000
2023-05-24 17:43:42,13,B+1.0,5.7707,18000
2023-05-24 17:43:46,9,B+1.0,5.698,18000
2023-05-24 17:43:55,21,B+1.0,5.6547,18000
2023-05-24 17:44:48,17,B+1.0,5.6304,19000
2023-05-24 17:44:55,15,B+1.0,5.6193,19000
2023-05-24 17:44:59,11,B+1.0,5.6226,19000
2023-05-24 17:45:03,9,B+1.0,5.6129,19000
2023-05-24 17:45:08,12,W+1.0,5.629,19000
2023-05-24 17:45:15,16,W+1.0,5.6216,19000
2023-05-24 17:45:22,16,W+1.0,5.5882,19000
2023-05-24 17:45:25,9,B+1.0,5.5197,19000
2023-05-24 17:45:30,11,B+1.0,5.5111,19000
2023-05-24 17:45:41,25,B+1.0,5.5774,19000
2023-05-24 17:45:45,9,B+1.0,5.5669,19000
2023-05-24 17:45:48,9,B+1.0,5.5623,19000
2023-05-24 17:45:53,11,B+1.0,5.5608,19000
2023-05-24 17:45:57,9,B+1.0,5.5388,19000
2023-05-24 17:46:03,14,W+1.0,5.5629,19000
2023-05-24 17:46:12,19,B+1.0,5.6158,19000
2023-05-24 17:46:16,9,B+1.0,5.5971,19000
2023-05-24 17:46:20,9,B+1.0,5.5793,19000
2023-05-24 17:46:24,9,B+1.0,5.5478,19000
2023-05-24 17:46:27,9,B+1.0,5.4899,19000
2023-05-24 17:46:31,9,B+1.0,5.4694,19000
2023-05-24 17:46:34,9,B+1.0,5.4766,19000
2023-05-24 17:46:38,9,B+1.0,5.4224,19000
2023-05-24 17:46:45,18,W+1.0,5.3942,19000
2023-05-24 17:46:51,14,W+1.0,5.4071,19000
2023-05-24 17:46:56,11,B+1.0,5.3803,19000
2023-05-24 17:46:59,9,B+1.0,5.35,19000
2023-05-24 17:47:03,9,B+1.0,5.3322,19000
2023-05-24 17:47:06,9,B+1.0,5.3332,19000
2023-05-24 17:47:10,9,B+1.0,5.3218,19000
2023-05-24 17:47:15,13,B+1.0,5.3379,19000
2023-05-24 17:47:20,12,W+1.0,5.3493,19000
2023-05-24 17:47:23,9,B+1.0,5.3511,19000
2023-05-24 17:47:27,9,B+1.0,5.3138,19000
2023-05-24 17:47:34,16,W+1.0,5.3463,19000
2023-05-24 17:47:39,14,W+1.0,5.3645,19000
2023-05-24 17:48:30,11,B+1.0,5.2609,20000
2023-05-24 17:48:33,9,B+1.0,5.2405,20000
2023-05-24 17:48:37,11,B+1.0,5.224,20000
2023-05-24 17:48:41,9,B+1.0,5.1858,20000
2023-05-24 17:48:44,9,B+1.0,5.1223,20000
2023-05-24 17:48:47,9,B+1.0,5.0567,20000
2023-05-24 17:48:53,13,B+1.0,5.0342,20000
2023-05-24 17:48:56,9,B+1.0,5.0296,20000
2023-05-24 17:49:01,15,B+1.0,4.9608,20000
2023-05-24 17:49:04,9,B+1.0,4.9178,20000
2023-05-24 17:49:07,9,B+1.0,4.8528,20000
2023-05-24 17:49:14,15,B+1.0,4.8818,20000
2023-05-24 17:49:18,9,B+1.0,4.8543,20000
2023-05-24 17:49:21,9,B+1.0,4.8528,20000
2023-05-24 17:49:29,17,B+1.0,4.8928,20000
2023-05-24 17:49:36,15,B+1.0,4.9248,20000
2023-05-24 17:49:39,9,B+1.0,4.8818,20000
2023-05-24 17:49:43,9,B+1.0,4.8869,20000
2023-05-24 17:49:46,9,B+1.0,4.8497,20000
2023-05-24 17:49:49,9,B+1.0,4.8442,20000
2023-05-24 17:49:52,9,B+1.0,4.8382,20000
2023-05-24 17:49:56,9,B+1.0,4.803,20000
2023-05-24 17:49:59,9,B+1.0,4.7566,20000
2023-05-24 17:50:03,9,B+1.0,4.7365,20000
2023-05-24 17:50:06,9,B+1.0,4.7263,20000
2023-05-24 17:50:12,15,B+1.0,4.7454,20000
2023-05-24 17:50:17,13,B+1.0,4.7045,20000
2023-05-24 17:50:22,14,W+1.0,4.7185,20000
2023-05-24 17:50:25,9,B+1.0,4.7144,20000
2023-05-24 17:50:29,9,B+1.0,4.6975,20000
2023-05-24 17:50:32,9,B+1.0,4.6966,20000
2023-05-24 17:50:36,9,B+1.0,4.6825,20000
2023-05-24 17:50:38,9,B+1.0,4.6592,20000
2023-05-24 17:50:42,9,B+1.0,4.6595,20000
2023-05-24 17:50:47,13,B+1.0,4.655,20000
2023-05-24 17:50:50,9,B+1.0,4.6507,20000
2023-05-24 17:50:53,9,B+1.0,4.6436,20000
2023-05-24 17:50:58,13,B+1.0,4.6359,20000
2023-05-24 17:51:01,9,B+1.0,4.6312,20000
2023-05-24 17:51:04,9,B+1.0,4.6238,20000
2023-05-24 17:51:08,9,B+1.0,4.6118,20000
2023-05-24 17:51:11,9,B+1.0,4.5952,20000
2023-05-24 17:51:15,9,B+1.0,4.5917,20000
2023-05-24 17:52:03,15,B+1.0,4.6032,21000
2023-05-24 17:52:09,16,W+1.0,4.6308,21000
2023-05-24 17:52:12,9,B+1.0,4.5795,21000
2023-05-24 17:52:15,9,B+1.0,4.5691,21000
2023-05-24 17:52:19,9,B+1.0,4.568,21000
2023-05-24 17:52:22,9,B+1.0,4.5608,21000
2023-05-24 17:52:26,9,B+1.0,4.5477,21000
2023-05-24 17:52:31,14,W+1.0,4.5641,21000
2023-05-24 17:52:35,11,B+1.0,4.5666,21000
2023-05-24 17:52:39,9,B+1.0,4.5452,21000
2023-05-24 17:52:43,9,B+1.0,4.5414,21000
2023-05-24 17:52:48,13,B+1.0,4.562,21000
2023-05-24 17:52:52,9,B+1.0,4.5255,21000
2023-05-24 17:52:56,9,B+1.0,4.4568,21000
2023-05-24 17:53:07,23,B+1.0,4.5246,21000
2023-05-24 17:53:11,9,B+1.0,4.504,21000
2023-05-24 17:53:15,11,B+1.0,4.514,21000
2023-05-24 17:53:19,9,B+1.0,4.4634,21000
2023-05-24 17:53:22,9,B+1.0,4.4376,21000
2023-05-24 17:53:27,11,B+1.0,4.3974,21000
2023-05-24 17:53:33,14,W+1.0,4.3921,21000
2023-05-24 17:53:36,9,B+1.0,4.383,21000
2023-05-24 17:53:40,9,B+1.0,4.3857,21000
2023-05-24 17:53:48,19,B+1.0,4.4182,21000
2023-05-24 17:53:54,11,B+1.0,4.3995,21000
2023-05-24 17:54:00,13,B+1.0,4.3926,21000
2023-05-24 17:54:03,9,B+1.0,4.3962,21000
2023-05-24 17:54:07,9,B+1.0,4.3881,21000
2023-05-24 17:54:11,9,B+1.0,4.3086,21000
2023-05-24 17:54:15,9,B+1.0,4.3114,21000
2023-05-24 17:54:18,9,B+1.0,4.3139,21000
2023-05-24 17:54:21,9,B+1.0,4.2916,21000
2023-05-24 17:54:26,11,B+1.0,4.2971,21000
2023-05-24 17:54:29,9,B+1.0,4.2786,21000
2023-05-24 17:54:33,9,B+1.0,4.2209,21000
2023-05-24 17:54:37,9,B+1.0,4.2222,21000
2023-05-24 17:54:40,9,B+1.0,4.2162,21000
2023-05-24 17:54:48,18,W+1.0,4.2539,21000
2023-05-24 17:55:34,9,B+1.0,4.2523,22000
2023-05-24 17:55:39,13,B+1.0,4.2621,22000
2023-05-24 17:55:42,9,B+1.0,4.2557,22000
2023-05-24 17:55:50,19,B+1.0,4.2688,22000
2023-05-24 17:55:53,9,B+1.0,4.2398,22000
2023-05-24 17:55:56,9,B+1.0,4.2236,22000
2023-05-24 17:56:01,11,B+1.0,4.2381,22000
2023-05-24 17:56:09,19,B+1.0,4.2818,22000
2023-05-24 17:56:13,9,B+1.0,4.282,22000
2023-05-24 17:56:18,11,B+1.0,4.2988,22000
2023-05-24 17:56:21,9,B+1.0,4.2808,22000
2023-05-24 17:56:24,9,B+1.0,4.2655,22000
2023-05-24 17:56:29,11,B+1.0,4.2738,22000
2023-05-24 17:56:32,9,B+1.0,4.2687,22000
2023-05-24 17:56:35,9,B+1.0,4.2344,22000
2023-05-24 17:56:38,9,B+1.0,4.2108,22000
2023-05-24 17:56:42,9,B+1.0,4.1961,22000
2023-05-24 17:56:52,25,B+1.0,4.2582,22000
2023-05-24 17:56:56,9,B+1.0,4.2637,22000
2023-05-24 17:57:01,12,W+1.0,4.2699,22000
2023-05-24 17:57:09,20,W+1.0,4.3131,22000
2023-05-24 17:57:13,9,B+1.0,4.3203,22000
2023-05-24 17:57:17,9,B+1.0,4.3305,22000
2023-05-24 17:57:21,9,B+1.0,4.3174,22000
2023-05-24 17:57:25,9,B+1.0,4.3227,22000
2023-05-24 17:57:28,9,B+1.0,4.2972,22000
2023-05-24 17:57:31,9,B+1.0,4.3003,22000
2023-05-24 17:57:35,13,B+1.0,4.3125,22000
2023-05-24 17:57:39,11,B+1.0,4.2829,22000
2023-05-24 17:57:42,9,B+1.0,4.2772,22000
2023-05-24 17:57:46,9,B+1.0,4.2752,22000
2023-05-24 17:57:49,9,B+1.0,4.2347,22000
2023-05-24 17:57:55,15,B+1.0,4.229,22000
2023-05-24 17:58:03,17,B+1.0,4.2758,22000
2023-05-24 17:58:07,9,B+1.0,4.2769,22000
2023-05-24 17:58:13,15,B+1.0,4.3025,22000
2023-05-24 17:58:17,9,B+1.0,4.3035,22000
2023-05-24 17:58:20,9,B+1.0,4.3079,22000
2023-05-24 17:59:04,9,B+1.0,4.2949,23000
2023-05-24 17:59:07,9,B+1.0,4.293,23000
2023-05-24 17:59:14,15,B+1.0,4.3332,23000
2023-05-24 17:59:18,9,B+1.0,4.3099,23000
2023-05-24 17:59:22,11,B+1.0,4.3053,23000
2023-05-24 17:59:28,13,B+1.0,4.3129,23000
2023-05-24 17:59:34,15,B+1.0,4.335,23000
2023-05-24 17:59:36,9,B+1.0,4.3254,23000
2023-05-24 17:59:43,17,B+1.0,4.3563,23000
2023-05-24 17:59:48,14,W+1.0,4.3689,23000
2023-05-24 17:59:51,9,B+1.0,4.3745,23000
2023-05-24 17:59:56,13,B+1.0,4.3826,23000
2023-05-24 18:00:00,13,B+1.0,4.3855,23000
2023-05-24 18:00:03,9,B+1.0,4.3847,23000
2023-05-24 18:00:06,9,B+1.0,4.3845,23000
2023-05-24 18:00:09,9,B+1.0,4.3609,23000
2023-05-24 18:00:15,16,W+1.0,4.3868,23000
2023-05-24 18:00:18,9,B+1.0,4.3899,23000
2023-05-24 18:00:21,9,B+1.0,4.3821,23000
2023-05-24 18:00:32,27,B+1.0,4.4525,23000
2023-05-24 18:00:38,16,W+1.0,4.4853,23000
2023-05-24 18:00:41,9,B+1.0,4.4911,23000
2023-05-24 18:00:44,9,B+1.0,4.4396,23000
2023-05-24 18:00:48,9,B+1.0,4.4144,23000
2023-05-24 18:00:53,16,W+1.0,4.4393,23000
2023-05-24 18:00:58,15,B+1.0,4.4556,23000
2023-05-24 18:01:05,17,B+1.0,4.4863,23000
2023-05-24 18:01:09,9,B+1.0,4.4879,23000
2023-05-24 18:01:13,13,B+1.0,4.4989,23000
2023-05-24 18:01:17,9,B+1.0,4.4822,23000
2023-05-24 18:01:20,9,B+1.0,4.4743,23000
2023-05-24 18:01:25,13,B+1.0,4.489,23000
2023-05-24 18:01:28,9,B+1.0,4.4834,23000
2023-05-24 18:01:34,13,B+1.0,4.4796,23000
2023-05-24 18:01:39,14,W+1.0,4.4971,23000
2023-05-24 18:01:43,9,B+1.0,4.4981,23000
2023-05-24 18:01:46,9,B+1.0,4.4213,23000
2023-05-24 18:01:51,13,B+1.0,4.4292,23000
2023-05-24 18:01:54,9,B+1.0,4.4135,23000
2023-05-24 18:01:58,9,B+1.0,4.4128,23000
2023-05-24 18:02:01,9,B+1.0,4.4119,23000
2023-05-24 18:02:48,13,B+1.0,4.4036,24000
2023-05-24 18:02:52,9,B+1.0,4.4098,24000
2023-05-24 18:02:55,9,B+1.0,4.4072,24000
2023-05-24 18:03:03,19,B+1.0,4.4045,24000
2023-05-24 18:03:07,9,B+1.0,4.3861,24000
2023-05-24 18:03:12,15,B+1.0,4.3792,24000
2023-05-24 18:03:16,9,B+1.0,4.3809,24000
2023-05-24 18:03:20,9,B+1.0,4.3806,24000
2023-05-24 18:03:24,10,W+1.0,4.387,24000
2023-05-24 18:03:28,9,B+1.0,4.3832,24000
2023-05-24 18:03:32,9,B+1.0,4.3875,24000
2023-05-24 18:03:36,9,B+1.0,4.4037,24000
2023-05-24 18:03:40,9,B+1.0,4.3915,24000
2023-05-24 18:03:45,11,B+1.0,4.4072,24000
2023-05-24 18:03:49,13,B+1.0,4.4168,24000
2023-05-24 18:03:54,11,B+1.0,4.4248,24000
2023-05-24 18:03:59,13,B+1.0,4.4404,24000
2023-05-24 18:04:02,9,B+1.0,4.3992,24000
2023-05-24 18:04:06,9,B+1.0,4.3986,24000
2023-05-24 18:04:09,9,B+1.0,4.4032,24000
2023-05-24 18:04:13,9,B+1.0,4.3961,24000
2023-05-24 18:04:17,9,B+1.0,4.4022,24000
2023-05-24 18:04:24,15,B+1.0,4.3906,24000
2023-05-24 18:04:28,9,B+1.0,4.3951,24000
2023-05-24 18:04:31,9,B+1.0,4.4005,24000
2023-05-24 18:04:36,11,B+1.0,4.4001,24000
2023-05-24 18:04:40,9,B+1.0,4.3548,24000
2023-05-24 18:04:43,9,B+1.0,4.3539,24000
2023-05-24 18:04:47,9,B+1.0,4.3395,24000
2023-05-24 18:04:53,15,B+1.0,4.3638,24000
2023-05-24 18:04:58,13,B+1.0,4.3861,24000
2023-05-24 18:05:06,19,B+1.0,4.4255,24000
2023-05-24 18:05:10,9,B+1.0,4.4335,24000
2023-05-24 18:05:14,9,B+1.0,4.4372,24000
2023-05-24 18:05:17,9,B+1.0,4.4368,24000
2023-05-24 18:05:24,17,B+1.0,4.4743,24000
2023-05-24 18:05:28,9,B+1.0,4.4032,24000
2023-05-24 18:05:31,9,B+1.0,4.3998,24000
2023-05-24 18:06:21,19,B+1.0,4.374,25000
2023-05-24 18:06:25,13,B+1.0,4.3793,25000
2023-05-24 18:06:29,12,W+1.0,4.3809,25000
2023-05-24 18:06:34,13,B+1.0,4.3873,25000
2023-05-24 18:06:37,9,B+1.0,4.383,25000
2023-05-24 18:06:40,9,B+1.0,4.3846,25000
2023-05-24 18:06:44,11,B+1.0,4.3896,25000
2023-05-24 18:06:47,9,B+1.0,4.3801,25000
2023-05-24 18:06:51,13,B+1.0,4.3815,25000
2023-05-24 18:07:01,25,B+1.0,4.4495,25000
2023-05-24 18:07:05,9,B+1.0,4.4502,25000
2023-05-24 18:07:08,9,B+1.0,4.4474,25000
2023-05-24 18:07:14,16,W+1.0,4.4419,25000
2023-05-24 18:07:17,9,B+1.0,4.3945,25000
2023-05-24 18:07:20,9,B+1.0,4.3866,25000
2023-05-24 18:07:23,9,B+1.0,4.3588,25000
2023-05-24 18:07:27,9,B+1.0,4.358,25000
2023-05-24 18:07:32,15,B+1.0,4.3786,25000
2023-05-24 18:07:36,13,B+1.0,4.3944,25000
2023-05-24 18:07:40,13,B+1.0,4.4048,25000
2023-05-24 18:07:43,9,B+1.0,4.4013,25000
2023-05-24 18:07:46,9,B+1.0,4.3603,25000
2023-05-24 18:07:50,9,B+1.0,4.3616,25000
2023-05-24 18:07:53,9,B+1.0,4.3477,25000
2023-05-24 18:07:56,9,B+1.0,4.3203,25000
2023-05-24 18:07:59,9,B+1.0,4.2994,25000
2023-05-24 18:08:02,9,B+1.0,4.3023,25000
2023-05-24 18:08:06,9,B+1.0,4.269,25000
2023-05-24 18:08:09,9,B+1.0,4.2511,25000
2023-05-24 18:08:11,9,B+1.0,4.2462,25000
2023-05-24 18:08:18,19,B+1.0,4.2682,25000
2023-05-24 18:08:22,9,B+1.0,4.2572,25000
2023-05-24 18:08:25,9,B+1.0,4.2596,25000
2023-05-24 18:08:28,9,B+1.0,4.2603,25000
2023-05-24 18:08:31,9,B+1.0,4.2645,25000
2023-05-24 18:08:36,13,B+1.0,4.2514,25000
2023-05-24 18:08:38,9,B+1.0,4.2436,25000
2023-05-24 18:08:41,9,B+1.0,4.2437,25000
2023-05-24 18:08:45,9,B+1.0,4.1745,25000
2023-05-24 18:08:48,9,B+1.0,4.1413,25000
2023-05-24 18:08:52,9,B+1.0,4.1428,25000
2023-05-24 18:08:55,9,B+1.0,4.1455,25000
2023-05-24 18:08:59,11,B+1.0,4.1536,25000
2023-05-24 18:09:02,9,B+1.0,4.1304,25000
2023-05-24 18:09:06,9,B+1.0,4.1137,25000
2023-05-24 18:09:52,9,B+1.0,4.0787,26000
2023-05-24 18:09:55,9,B+1.0,4.0628,26000
2023-05-24 18:09:59,9,B+1.0,4.0582,26000
2023-05-24 18:10:05,16,W+1.0,4.0865,26000
2023-05-24 18:10:09,13,B+1.0,4.0808,26000
2023-05-24 18:10:12,9,B+1.0,4.0784,26000
2023-05-24 18:10:16,13,B+1.0,4.0677,26000
2023-05-24 18:10:20,13,B+1.0,4.0539,26000
2023-05-24 18:10:23,9,B+1.0,4.043,26000
2023-05-24 18:10:28,14,W+1.0,4.0567,26000
2023-05-24 18:10:31,9,B+1.0,4.0458,26000
2023-05-24 18:10:36,14,W+1.0,4.0639,26000
2023-05-24 18:10:41,14,W+1.0,4.0773,26000
2023-05-24 18:10:45,9,B+1.0,4.0803,26000
2023-05-24 18:10:48,9,B+1.0,4.0644,26000
2023-05-24 18:10:52,14,W+1.0,4.0588,26000
2023-05-24 18:11:03,27,B+1.0,4.1212,26000
2023-05-24 18:11:08,15,B+1.0,4.1433,26000
2023-05-24 18:11:14,15,B+1.0,4.1186,26000
2023-05-24 18:11:18,11,B+1.0,4.1244,26000
2023-05-24 18:11:21,9,B+1.0,4.0988,26000
2023-05-24 18:11:27,15,B+1.0,4.118,26000
2023-05-24 18:11:29,9,B+1.0,4.1103,26000
2023-05-24 18:11:34,13,B+1.0,4.1127,26000
2023-05-24 18:11:37,9,B+1.0,4.1114,26000
2023-05-24 18:11:43,15,B+1.0,4.1252,26000
2023-05-24 18:11:49,17,B+1.0,4.144,26000
2023-05-24 18:11:52,9,B+1.0,4.1412,26000
2023-05-24 18:12:01,21,B+1.0,4.1745,26000
2023-05-24 18:12:06,13,B+1.0,4.178,26000
2023-05-24 18:12:10,13,B+1.0,4.1764,26000
2023-05-24 18:12:13,9,B+1.0,4.158,26000
2023-05-24 18:12:16,9,B+1.0,4.1553,26000
2023-05-24 18:12:20,9,B+1.0,4.1534,26000
2023-05-24 18:12:23,9,B+1.0,4.1462,26000
2023-05-24 18:12:26,9,B+1.0,4.1356,26000
2023-05-24 18:12:30,13,B+1.0,4.1415,26000
2023-05-24 18:12:35,11,B+1.0,4.1174,26000
2023-05-24 18:12:38,9,B+1.0,4.1201,26000
2023-05-24 18:12:42,9,B+1.0,4.1167,26000
2023-05-24 18:12:45,9,B+1.0,4.0986,26000
2023-05-24 18:12:49,11,B+1.0,4.1113,26000
2023-05-24 18:12:54,13,B+1.0,4.1163,26000
2023-05-24 18:13:41,9,B+1.0,4.0861,27000
2023-05-24 18:13:47,12,W+1.0,4.0863,27000
2023-05-24 18:13:50,9,B+1.0,4.0359,27000
2023-05-24 18:13:54,12,W+1.0,4.0373,27000
2023-05-24 18:13:57,9,B+1.0,4.0319,27000
2023-05-24 18:14:00,9,B+1.0,4.0292,27000
2023-05-24 18:14:05,11,B+1.0,4.0039,27000
2023-05-24 18:14:08,9,B+1.0,3.9984,27000
2023-05-24 18:14:11,9,B+1.0,3.9982,27000
2023-05-24 18:14:14,9,B+1.0,3.9896,27000
2023-05-24 18:14:18,9,B+1.0,3.9589,27000
2023-05-24 18:14:22,9,B+1.0,3.9524,27000
2023-05-24 18:14:25,9,B+1.0,3.942,27000
2023-05-24 18:14:29,12,W+1.0,3.9394,27000
2023-05-24 18:14:33,9,B+1.0,3.9433,27000
2023-05-24 18:14:37,13,B+1.0,3.9576,27000
2023-05-24 18:14:42,11,B+1.0,3.963,27000
2023-05-24 18:14:45,9,B+1.0,3.9649,27000
2023-05-24 18:14:49,9,B+1.0,3.959,27000
2023-05-24 18:14:52,9,B+1.0,3.8926,27000
2023-05-24 18:14:56,13,B+1.0,3.9018,27000
2023-05-24 18:15:00,13,B+1.0,3.9123,27000
2023-05-24 18:15:05,13,B+1.0,3.8998,27000
2023-05-24 18:15:08,9,B+1.0,3.8961,27000
2023-05-24 18:15:12,13,B+1.0,3.9087,27000
2023-05-24 18:15:15,9,B+1.0,3.9077,27000
2023-05-24 18:15:21,14,W+1.0,3.9284,27000
2023-05-24 18:15:30,27,B+1.0,3.9686,27000
2023-05-24 18:15:33,9,B+1.0,3.9557,27000
2023-05-24 18:15:38,15,B+1.0,3.9708,27000
2023-05-24 18:15:48,25,B+1.0,4.0387,27000
2023-05-24 18:15:52,13,B+1.0,4.0482,27000
2023-05-24 18:15:57,15,B+1.0,4.0592,27000
2023-05-24 18:16:01,10,W+1.0,4.0685,27000
2023-05-24 18:16:10,26,W+1.0,4.1292,27000
2023-05-24 18:16:15,15,B+1.0,4.1474,27000
2023-05-24 18:16:23,18,W+1.0,4.1896,27000
2023-05-24 18:16:25,9,B+1.0,4.1848,27000
2023-05-24 18:16:29,9,B+1.0,4.191,27000
2023-05-24 18:16:32,9,B+1.0,4.1942,27000
2023-05-24 18:16:36,9,B+1.0,4.1657,27000
2023-05-24 18:16:41,13,B+1.0,4.1773,27000
2023-05-24 18:16:45,12,W+1.0,4.1907,27000
2023-05-24 18:17:32,9,B+1.0,4.2008,28000
2023-05-24 18:17:37,13,B+1.0,4.2095,28000
2023-05-24 18:17:43,13,B+1.0,4.2345,28000
2023-05-24 18:17:47,11,B+1.0,4.2497,28000
2023-05-24 18:17:52,12,W+1.0,4.2622,28000
2023-05-24 18:17:55,9,B+1.0,4.2565,28000
2023-05-24 18:17:58,9,B+1.0,4.2602,28000
2023-05-24 18:18:02,12,W+1.0,4.27,28000
2023-05-24 18:18:05,9,B+1.0,4.255,28000
2023-05-24 18:18:08,9,B+1.0,4.2548,28000
2023-05-24 18:18:12,9,B+1.0,4.2558,28000
2023-05-24 18:18:16,13,B+1.0,4.2642,28000
2023-05-24 18:18:19,9,B+1.0,4.2624,28000
2023-05-24 18:18:22,9,B+1.0,4.262,28000
2023-05-24 18:18:27,11,B+1.0,4.2777,28000
2023-05-24 18:18:33,15,B+1.0,4.2738,28000
2023-05-24 18:18:39,15,B+1.0,4.2872,28000
2023-05-24 18:18:42,9,B+1.0,4.2927,28000
2023-05-24 18:18:47,15,B+1.0,4.3022,28000
2023-05-24 18:18:51,9,B+1.0,4.2951,28000
2023-05-24 18:18:54,9,B+1.0,4.2987,28000
2023-05-24 18:18:57,9,B+1.0,4.2847,28000
2023-05-24 18:19:05,21,B+1.0,4.3257,28000
2023-05-24 18:19:09,13,B+1.0,4.3229,28000
2023-05-24 18:19:15,15,B+1.0,4.3282,28000
2023-05-24 18:19:18,9,B+1.0,4.321,28000
2023-05-24 18:19:23,15,B+1.0,4.3429,28000
2023-05-24 18:19:26,9,B+1.0,4.3279,28000
2023-05-24 18:19:29,9,B+1.0,4.2597,28000
2023-05-24 18:19:35,14,W+1.0,4.2544,28000
2023-05-24 18:19:39,11,B+1.0,4.2445,28000
2023-05-24 18:19:42,10,W+1.0,4.2375,28000
2023-05-24 18:19:47,13,B+1.0,4.2534,28000
2023-05-24 18:19:51,12,W+1.0,4.2417,28000
2023-05-24 18:19:55,9,B+1.0,4.2463,28000
2023-05-24 18:19:58,9,B+1.0,4.236,28000
2023-05-24 18:20:04,16,W+1.0,4.258,28000
2023-05-24 18:20:12,21,B+1.0,4.2821,28000
2023-05-24 18:20:17,15,B+1.0,4.2749,28000
2023-05-24 18:20:20,9,B+1.0,4.2728,28000
2023-05-24 18:20:26,15,B+1.0,4.2426,28000
2023-05-24 18:20:33,17,B+1.0,4.2697,28000
2023-05-24 18:21:22,15,B+1.0,4.287,29000
2023-05-24 18:21:25,9,B+1.0,4.2868,29000
2023-05-24 18:21:29,9,B+1.0,4.2883,29000
2023-05-24 18:21:35,17,B+1.0,4.3253,29000
2023-05-24 18:21:40,13,B+1.0,4.3408,29000
2023-05-24 18:21:48,20,W+1.0,4.3807,29000
2023-05-24 18:21:52,9,B+1.0,4.3667,29000
2023-05-24 18:21:55,9,B+1.0,4.3588,29000
2023-05-24 18:21:59,13,B+1.0,4.3724,29000
2023-05-24 18:22:11,29,B+1.0,4.4572,29000
2023-05-24 18:22:16,13,B+1.0,4.465,29000
2023-05-24 18:22:21,15,B+1.0,4.4732,29000
2023-05-24 18:22:29,18,W+1.0,4.518,29000
2023-05-24 18:22:34,15,B+1.0,4.5388,29000
2023-05-24 18:22:43,21,B+1.0,4.5685,29000
2023-05-24 18:22:47,13,B+1.0,4.5795,29000
2023-05-24 18:22:54,19,B+1.0,4.6095,29000
2023-05-24 18:22:57,9,B+1.0,4.6118,29000
2023-05-24 18:23:02,13,B+1.0,4.632,29000
2023-05-24 18:23:09,19,B+1.0,4.6584,29000
2023-05-24 18:23:15,15,B+1.0,4.6789,29000
2023-05-24 18:23:19,12,W+1.0,4.6856,29000
2023-05-24 18:23:22,9,B+1.0,4.6859,29000
2023-05-24 18:23:25,9,B+1.0,4.6835,29000
2023-05-24 18:23:28,9,B+1.0,4.6779,29000
2023-05-24 18:23:35,19,B+1.0,4.7166,29000
2023-05-24 18:23:39,9,B+1.0,4.7098,29000
2023-05-24 18:23:44,11,B+1.0,4.7246,29000
2023-05-24 18:23:48,9,B+1.0,4.715,29000
2023-05-24 18:23:53,14,W+1.0,4.7238,29000
2023-05-24 18:23:56,10,W+1.0,4.723,29000
2023-05-24 18:24:00,9,B+1.0,4.7238,29000
2023-05-24 18:24:05,13,B+1.0,4.7416,29000
2023-05-24 18:24:11,13,B+1.0,4.7584,29000
2023-05-24 18:24:17,15,B+1.0,4.7748,29000
2023-05-24 18:24:23,15,B+1.0,4.7878,29000
2023-05-24 18:24:27,12,W+1.0,4.8054,29000
2023-05-24 18:25:19,15,B+1.0,4.8487,30000
2023-05-24 18:25:23,9,B+1.0,4.8363,30000
2023-05-24 18:25:29,15,B+1.0,4.7996,30000
2023-05-24 18:25:33,12,W+1.0,4.8148,30000
2023-05-24 18:25:38,13,B+1.0,4.8125,30000
2023-05-24 18:25:42,9,B+1.0,4.7485,30000
2023-05-24 18:25:45,9,B+1.0,4.7377,30000
2023-05-24 18:25:49,9,B+1.0,4.7296,30000
2023-05-24 18:25:52,9,B+1.0,4.7239,30000
2023-05-24 18:25:57,13,B+1.0,4.6821,30000
2023-05-24 18:26:04,17,B+1.0,4.702,30000
2023-05-24 18:26:12,19,B+1.0,4.703,30000
2023-05-24 18:26:16,13,B+1.0,4.7203,30000
2023-05-24 18:26:22,13,B+1.0,4.7404,30000
2023-05-24 18:26:25,9,B+1.0,4.7443,30000
2023-05-24 18:26:28,9,B+1.0,4.736,30000
2023-05-24 18:26:36,18,W+1.0,4.7595,30000
2023-05-24 18:26:40,13,B+1.0,4.7587,30000
2023-05-24 18:26:45,11,B+1.0,4.7729,30000
2023-05-24 18:26:56,27,B+1.0,4.8412,30000
2023-05-24 18:26:59,9,B+1.0,4.8216,30000
2023-05-24 18:27:07,19,B+1.0,4.8529,30000
2023-05-24 18:27:11,9,B+1.0,4.844,30000
2023-05-24 18:27:15,11,B+1.0,4.8381,30000
2023-05-24 18:27:18,9,B+1.0,4.8434,30000
2023-05-24 18:27:22,9,B+1.0,4.841,30000
2023-05-24 18:27:25,9,B+1.0,4.8321,30000
2023-05-24 18:27:29,11,B+1.0,4.8422,30000
2023-05-24 18:27:32,9,B+1.0,4.8452,30000
2023-05-24 18:27:38,15,B+1.0,4.8713,30000
2023-05-24 18:27:47,23,B+1.0,4.9131,30000
2023-05-24 18:27:50,9,B+1.0,4.9109,30000
2023-05-24 18:27:53,9,B+1.0,4.9167,30000
2023-05-24 18:27:57,9,B+1.0,4.9061,30000
2023-05-24 18:28:02,14,W+1.0,4.9022,30000
2023-05-24 18:28:12,22,W+1.0,4.9419,30000
2023-05-24 18:28:15,9,B+1.0,4.9409,30000
2023-05-24 18:28:19,9,B+1.0,4.9248,30000
2023-05-24 18:29:06,9,B+1.0,4.9386,31000
2023-05-24 18:29:11,13,B+1.0,4.9584,31000
2023-05-24 18:29:18,16,W+1.0,4.9498,31000
2023-05-24 18:29:21,9,B+1.0,4.9335,31000
2023-05-24 18:29:24,9,B+1.0,4.9125,31000
2023-05-24 18:29:30,17,B+1.0,4.9439,31000
2023-05-24 18:29:34,10,W+1.0,4.9314,31000
2023-05-24 18:29:39,11,B+1.0,4.9513,31000
2023-05-24 18:29:49,29,B+1.0,5.0142,31000
2023-05-24 18:29:53,11,B+1.0,5.0059,31000
2023-05-24 18:29:59,15,B+1.0,5.0164,31000
2023-05-24 18:30:03,9,B+1.0,5.0196,31000
2023-05-24 18:30:07,14,W+1.0,5.0222,31000
2023-05-24 18:30:11,9,B+1.0,5.0165,31000
2023-05-24 18:30:15,9,B+1.0,5.0184,31000
2023-05-24 18:30:19,9,B+1.0,5.0249,31000
2023-05-24 18:30:29,23,B+1.0,5.0674,31000
2023-05-24 18:30:33,9,B+1.0,5.0293,31000
2023-05-24 18:30:38,12,W+1.0,5.0266,31000
2023-05-24 18:30:41,9,B+1.0,5.0263,31000
2023-05-24 18:30:47,14,W+1.0,5.0299,31000
2023-05-24 18:30:52,15,B+1.0,5.0045,31000
2023-05-24 18:30:57,12,W+1.0,5.013,31000
2023-05-24 18:31:01,9,B+1.0,5.0012,31000
2023-05-24 18:31:08,15,B+1.0,5.0395,31000
2023-05-24 18:31:13,14,W+1.0,5.0554,31000
2023-05-24 18:31:17,9,B+1.0,5.0254,31000
2023-05-24 18:31:23,17,B+1.0,5.0378,31000
2023-05-24 18:31:30,18,W+1.0,5.0271,31000
2023-05-24 18:31:38,21,B+1.0,5.0769,31000
2023-05-24 18:31:41,9,B+1.0,5.0793,31000
2023-05-24 18:31:44,9,B+1.0,5.0637,31000
2023-05-24 18:31:50,17,B+1.0,5.0092,31000
2023-05-24 18:31:58,22,W+1.0,5.0275,31000
2023-05-24 18:32:01,9,B+1.0,5.0086,31000
2023-05-24 18:32:04,9,B+1.0,4.96,31000
2023-05-24 18:32:09,15,B+1.0,4.9583,31000
2023-05-24 18:32:12,9,B+1.0,4.9046,31000
2023-05-24 18:32:15,9,B+1.0,4.8959,31000
2023-05-24 18:33:08,19,B+1.0,4.9126,32000
2023-05-24 18:33:11,9,B+1.0,4.895,32000
2023-05-24 18:33:18,20,W+1.0,4.8938,32000
2023-05-24 18:33:23,13,B+1.0,4.8931,32000
2023-05-24 18:33:27,9,B+1.0,4.8858,32000
2023-05-24 18:33:32,15,B+1.0,4.903,32000
2023-05-24 18:33:36,9,B+1.0,4.9074,32000
2023-05-24 18:33:39,9,B+1.0,4.9106,32000
2023-05-24 18:33:44,13,B+1.0,4.8852,32000
2023-05-24 18:33:47,9,B+1.0,4.8821,32000
2023-05-24 18:33:50,9,B+1.0,4.8676,32000
2023-05-24 18:33:56,17,B+1.0,4.8862,32000
2023-05-24 18:33:59,9,B+1.0,4.8685,32000
2023-05-24 18:34:06,17,B+1.0,4.8971,32000
2023-05-24 18:34:11,13,B+1.0,4.9132,32000
2023-05-24 18:34:16,13,B+1.0,4.9155,32000
2023-05-24 18:34:21,11,B+1.0,4.9017,32000
2023-05-24 18:34:25,11,B+1.0,4.8861,32000
2023-05-24 18:34:31,17,B+1.0,4.8886,32000
2023-05-24 18:34:36,13,B+1.0,4.8868,32000
2023-05-24 18:34:42,17,B+1.0,4.8982,32000
2023-05-24 18:34:45,9,B+1.0,4.8693,32000
2023-05-24 18:34:55,23,B+1.0,4.9197,32000
2023-05-24 18:34:58,9,B+1.0,4.8952,32000
2023-05-24 18:35:04,15,B+1.0,4.9057,32000
2023-05-24 18:35:08,13,B+1.0,4.8994,32000
2023-05-24 18:35:12,9,B+1.0,4.9013,32000
2023-05-24 18:35:16,9,B+1.0,4.9082,32000
2023-05-24 18:35:20,14,W+1.0,4.9206,32000
2023-05-24 18:35:25,11,B+1.0,4.9276,32000
2023-05-24 18:35:28,9,B+1.0,4.9082,32000
2023-05-24 18:35:33,13,B+1.0,4.8853,32000
2023-05-24 18:35:36,9,B+1.0,4.8434,32000
2023-05-24 18:35:39,9,B+1.0,4.8269,32000
2023-05-24 18:35:45,17,B+1.0,4.8306,32000
2023-05-24 18:35:48,9,B+1.0,4.827,32000
2023-05-24 18:35:53,13,B+1.0,4.8458,32000
2023-05-24 18:35:56,9,B+1.0,4.806,32000
2023-05-24 18:36:00,11,B+1.0,4.8011,32000
2023-05-24 18:36:03,9,B+1.0,4.7832,32000
2023-05-24 18:36:07,9,B+1.0,4.7144,32000
2023-05-24 18:37:04,31,B+1.0,4.7713,33000
2023-05-24 18:37:08,9,B+1.0,4.7744,33000
2023-05-24 18:37:13,11,B+1.0,4.7808,33000
2023-05-24 18:37:17,11,B+1.0,4.7886,33000
2023-05-24 18:37:24,19,B+1.0,4.8203,33000
2023-05-24 18:37:28,15,B+1.0,4.8374,33000
2023-05-24 18:37:36,20,W+1.0,4.8708,33000
2023-05-24 18:37:39,9,B+1.0,4.8665,33000
2023-05-24 18:37:43,13,B+1.0,4.8511,33000
2023-05-24 18:37:51,19,B+1.0,4.846,33000
2023-05-24 18:37:56,13,B+1.0,4.8649,33000
2023-05-24 18:37:59,9,B+1.0,4.8616,33000
2023-05-24 18:38:05,17,B+1.0,4.887,33000
2023-05-24 18:38:09,9,B+1.0,4.8663,33000
2023-05-24 18:38:16,20,W+1.0,4.845,33000
2023-05-24 18:38:22,15,B+1.0,4.8633,33000
2023-05-24 18:38:27,15,B+1.0,4.8788,33000
2023-05-24 18:38:32,15,B+1.0,4.8814,33000
2023-05-24 18:38:37,15,B+1.0,4.8985,33000
2023-05-24 18:38:40,11,B+1.0,4.883,33000
2023-05-24 18:38:43,9,B+1.0,4.8465,33000
2023-05-24 18:38:46,9,B+1.0,4.8441,33000
2023-05-24 18:38:50,9,B+1.0,4.8458,33000
2023-05-24 18:38:57,19,B+1.0,4.8562,33000
2023-05-24 18:39:02,15,B+1.0,4.8666,33000
2023-05-24 18:39:05,9,B+1.0,4.8484,33000
2023-05-24 18:39:09,11,B+1.0,4.7866,33000
2023-05-24 18:39:13,15,B+1.0,4.7884,33000
2023-05-24 18:39:16,9,B+1.0,4.7673,33000
2023-05-24 18:39:22,15,B+1.0,4.7816,33000
2023-05-24 18:39:25,9,B+1.0,4.7636,33000
2023-05-24 18:39:28,9,B+1.0,4.7544,33000
2023-05-24 18:39:32,13,B+1.0,4.7593,33000
2023-05-24 18:39:40,22,W+1.0,4.7994,33000
2023-05-24 18:39:45,15,B+1.0,4.7501,33000
2023-05-24 18:39:54,27,B+1.0,4.8007,33000
2023-05-24 18:39:59,15,B+1.0,4.7972,33000
2023-05-24 18:40:02,9,B+1.0,4.7944,33000
2023-05-24 18:40:05,9,B+1.0,4.7694,33000
2023-05-24 18:40:08,9,B+1.0,4.7462,33000
2023-05-24 18:40:11,9,B+1.0,4.7285,33000
2023-05-24 18:40:57,9,B+1.0,4.7008,34000
2023-05-24 18:41:03,19,B+1.0,4.7088,34000
2023-05-24 18:41:10,19,B+1.0,4.7481,34000
2023-05-24 18:41:14,9,B+1.0,4.7256,34000
2023-05-24 18:41:18,11,B+1.0,4.6942,34000
2023-05-24 18:41:22,13,B+1.0,4.6552,34000
2023-05-24 18:41:27,15,B+1.0,4.6752,34000
2023-05-24 18:41:31,9,B+1.0,4.6758,34000
2023-05-24 18:41:34,9,B+1.0,4.6546,34000
2023-05-24 18:41:42,19,B+1.0,4.6526,34000
2023-05-24 18:41:48,16,W+1.0,4.6815,34000
2023-05-24 18:41:51,9,B+1.0,4.6852,34000
2023-05-24 18:41:55,11,B+1.0,4.6763,34000
2023-05-24 18:41:59,13,B+1.0,4.6888,34000
2023-05-24 18:42:02,9,B+1.0,4.6858,34000
2023-05-24 18:42:15,33,B+1.0,4.7755,34000
2023-05-24 18:42:19,9,B+1.0,4.7291,34000
2023-05-24 18:42:22,9,B+1.0,4.7293,34000
2023-05-24 18:42:25,9,B+1.0,4.6916,34000
2023-05-24 18:42:29,11,B+1.0,4.6763,34000
2023-05-24 18:42:32,9,B+1.0,4.6763,34000
2023-05-24 18:42:38,16,W+1.0,4.6809,34000
2023-05-24 18:42:45,19,B+1.0,4.7132,34000
2023-05-24 18:42:48,9,B+1.0,4.7081,34000
2023-05-24 18:42:52,13,B+1.0,4.7087,34000
2023-05-24 18:43:00,19,B+1.0,4.7494,34000
2023-05-24 18:43:04,13,B+1.0,4.7625,34000
2023-05-24 18:43:08,9,B+1.0,4.7394,34000
2023-05-24 18:43:11,9,B+1.0,4.7389,34000
2023-05-24 18:43:18,19,B+1.0,4.746,34000
2023-05-24 18:43:22,9,B+1.0,4.73,34000
2023-05-24 18:43:27,15,B+1.0,4.7305,34000
2023-05-24 18:43:36,25,B+1.0,4.778,34000
2023-05-24 18:43:39,9,B+1.0,4.7622,34000
2023-05-24 18:43:46,19,B+1.0,4.7737,34000
2023-05-24 18:43:49,9,B+1.0,4.758,34000
2023-05-24 18:43:52,9,B+1.0,4.7259,34000
2023-05-24 18:43:56,9,B+1.0,4.7245,34000
2023-05-24 18:44:00,13,B+1.0,4.6771,34000
2023-05-24 18:44:06,17,B+1.0,4.7029,34000
2023-05-24 18:44:09,9,B+1.0,4.6764,34000
2023-05-24 18:45:02,20,W+1.0,4.7246,35000
2023-05-24 18:45:05,9,B+1.0,4.7188,35000
2023-05-24 18:45:11,16,W+1.0,4.7276,35000
2023-05-24 18:45:15,9,B+1.0,4.7212,35000
2023-05-24 18:45:22,20,W+1.0,4.7604,35000
2023-05-24 18:45:26,11,B+1.0,4.7583,35000
2023-05-24 18:45:30,9,B+1.0,4.7665,35000
2023-05-24 18:45:34,9,B+1.0,4.7727,35000
2023-05-24 18:45:37,9,B+1.0,4.7469,35000
2023-05-24 18:45:43,15,B+1.0,4.7701,35000
2023-05-24 18:45:50,17,B+1.0,4.7944,35000
2023-05-24 18:45:55,13,B+1.0,4.8094,35000
2023-05-24 18:46:04,25,B+1.0,4.8605,35000
2023-05-24 18:46:08,9,B+1.0,4.8658,35000
2023-05-24 18:46:11,9,B+1.0,4.8631,35000
2023-05-24 18:46:15,9,B+1.0,4.8378,35000
2023-05-24 18:46:18,11,B+1.0,4.7628,35000
2023-05-24 18:46:21,9,B+1.0,4.7555,35000
2023-05-24 18:46:31,24,W+1.0,4.8046,35000
2023-05-24 18:46:35,9,B+1.0,4.7992,35000
2023-05-24 18:46:38,9,B+1.0,4.771,35000
2023-05-24 18:46:43,13,B+1.0,4.7717,35000
2023-05-24 18:46:47,9,B+1.0,4.7332,35000
2023-05-24 18:46:53,15,B+1.0,4.7648,35000
2023-05-24 18:46:57,11,B+1.0,4.7588,35000
2023-05-24 18:47:01,9,B+1.0,4.7233,35000
2023-05-24 18:47:07,17,B+1.0,4.737,35000
2023-05-24 18:47:11,9,B+1.0,4.7388,35000
2023-05-24 18:47:15,11,B+1.0,4.7198,35000
2023-05-24 18:47:19,9,B+1.0,4.7251,35000
2023-05-24 18:47:22,9,B+1.0,4.6834,35000
2023-05-24 18:47:29,17,B+1.0,4.7,35000
2023-05-24 18:47:36,18,W+1.0,4.7165,35000
2023-05-24 18:47:41,15,B+1.0,4.7184,35000
2023-05-24 18:47:44,9,B+1.0,4.7004,35000
2023-05-24 18:47:48,9,B+1.0,4.6982,35000
2023-05-24 18:47:54,15,B+1.0,4.7339,35000
2023-05-24 18:48:02,20,W+1.0,4.7836,35000
2023-05-24 18:48:06,9,B+1.0,4.7861,35000
2023-05-24 18:48:09,9,B+1.0,4.7449,35000
2023-05-24 18:48:14,15,B+1.0,4.7492,35000
2023-05-24 18:48:59,9,B+1.0,4.753,36000
2023-05-24 18:49:02,9,B+1.0,4.7377,36000
2023-05-24 18:49:07,15,B+1.0,4.752,36000
2023-05-24 18:49:12,15,B+1.0,4.7502,36000
2023-05-24 18:49:16,11,B+1.0,4.7564,36000
2023-05-24 18:49:26,29,B+1.0,4.828,36000
2023-05-24 18:49:29,9,B+1.0,4.8181,36000
2023-05-24 18:49:32,9,B+1.0,4.7664,36000
2023-05-24 18:49:35,9,B+1.0,4.7474,36000
2023-05-24 18:49:41,19,B+1.0,4.72,36000
2023-05-24 18:49:46,15,B+1.0,4.7181,36000
2023-05-24 18:49:51,15,B+1.0,4.7354,36000
2023-05-24 18:49:55,13,B+1.0,4.7504,36000
2023-05-24 18:49:58,9,B+1.0,4.7536,36000
2023-05-24 18:50:06,24,W+1.0,4.7993,36000
2023-05-24 18:50:09,9,B+1.0,4.7771,36000
2023-05-24 18:50:12,9,B+1.0,4.774,36000
2023-05-24 18:50:16,12,W+1.0,4.7578,36000
2023-05-24 18:50:22,17,B+1.0,4.7449,36000
2023-05-24 18:50:26,9,B+1.0,4.7443,36000
2023-05-24 18:50:29,9,B+1.0,4.7324,36000
2023-05-24 18:50:32,9,B+1.0,4.7227,36000
2023-05-24 18:50:36,9,B+1.0,4.7037,36000
2023-05-24 18:50:39,9,B+1.0,4.703,36000
2023-05-24 18:50:42,11,B+1.0,4.7024,36000
2023-05-24 18:50:45,9,B+1.0,4.661,36000
2023-05-24 18:50:48,9,B+1.0,4.6295,36000
2023-05-24 18:50:51,9,B+1.0,4.629,36000
2023-05-24 18:50:54,9,B+1.0,4.6125,36000
2023-05-24 18:50:57,9,B+1.0,4.6023,36000
2023-05-24 18:51:06,25,B+1.0,4.6609,36000
2023-05-24 18:51:09,9,B+1.0,4.5594,36000
2023-05-24 18:51:15,15,B+1.0,4.5845,36000
2023-05-24 18:51:18,9,B+1.0,4.5841,36000
2023-05-24 18:51:23,13,B+1.0,4.596,36000
2023-05-24 18:51:26,9,B+1.0,4.5913,36000
2023-05-24 18:51:32,21,B+1.0,4.6226,36000
2023-05-24 18:51:36,9,B+1.0,4.6022,36000
2023-05-24 18:51:39,9,B+1.0,4.5651,36000
2023-05-24 18:51:45,18,W+1.0,4.5983,36000
2023-05-24 18:51:49,13,B+1.0,4.5925,36000
2023-05-24 18:51:54,11,B+1.0,4.5617,36000
2023-05-24 18:51:56,9,B+1.0,4.5426,36000
2023-05-24 18:51:59,9,B+1.0,4.5402,36000
2023-05-24 18:52:04,15,B+1.0,4.554,36000
2023-05-24 18:52:51,9,B+1.0,4.5459,37000
2023-05-24 18:52:55,9,B+1.0,4.5253,37000
2023-05-24 18:52:58,9,B+1.0,4.4682,37000
2023-05-24 18:53:02,9,B+1.0,4.4748,37000
2023-05-24 18:53:05,9,B+1.0,4.4359,37000
2023-05-24 18:53:08,9,B+1.0,4.4379,37000
2023-05-24 18:53:12,9,B+1.0,4.4424,37000
2023-05-24 18:53:15,9,B+1.0,4.4423,37000
2023-05-24 18:53:18,9,B+1.0,4.4278,37000
2023-05-24 18:53:22,9,B+1.0,4.4016,37000
2023-05-24 18:53:25,9,B+1.0,4.4029,37000
2023-05-24 18:53:28,9,B+1.0,4.3845,37000
2023-05-24 18:53:41,37,B+1.0,4.4386,37000
2023-05-24 18:53:46,15,B+1.0,4.4593,37000
2023-05-24 18:53:51,13,B+1.0,4.4492,37000
2023-05-24 18:53:59,21,B+1.0,4.4876,37000
2023-05-24 18:54:02,9,B+1.0,4.4513,37000
2023-05-24 18:54:05,9,B+1.0,4.4368,37000
2023-05-24 18:54:09,9,B+1.0,4.4313,37000
2023-05-24 18:54:12,9,B+1.0,4.4287,37000
2023-05-24 18:54:18,15,B+1.0,4.4538,37000
2023-05-24 18:54:25,19,B+1.0,4.4683,37000
2023-05-24 18:54:31,16,W+1.0,4.4543,37000
2023-05-24 18:54:35,13,B+1.0,4.4536,37000
2023-05-24 18:54:38,9,B+1.0,4.3934,37000
2023-05-24 18:54:42,9,B+1.0,4.3906,37000
2023-05-24 18:54:45,9,B+1.0,4.3912,37000
2023-05-24 18:54:48,9,B+1.0,4.3851,37000
2023-05-24 18:54:55,17,B+1.0,4.4186,37000
2023-05-24 18:55:01,13,B+1.0,4.4396,37000
2023-05-24 18:55:04,9,B+1.0,4.3762,37000
2023-05-24 18:55:10,17,B+1.0,4.4034,37000
2023-05-24 18:55:20,26,W+1.0,4.4676,37000
2023-05-24 18:55:26,15,B+1.0,4.4732,37000
2023-05-24 18:55:29,9,B+1.0,4.4688,37000
2023-05-24 18:55:33,11,B+1.0,4.449,37000
2023-05-24 18:55:40,19,B+1.0,4.4787,37000
2023-05-24 18:55:45,11,B+1.0,4.4816,37000
2023-05-24 18:55:49,11,B+1.0,4.4617,37000
2023-05-24 18:55:52,9,B+1.0,4.4582,37000
2023-05-24 18:55:55,9,B+1.0,4.4506,37000
2023-05-24 18:55:59,9,B+1.0,4.4457,37000
2023-05-24 18:56:06,17,B+1.0,4.4785,37000
2023-05-24 18:57:02,27,B+1.0,4.4954,38000
2023-05-24 18:57:09,19,B+1.0,4.5199,38000
2023-05-24 18:57:15,15,B+1.0,4.5497,38000
2023-05-24 18:57:19,9,B+1.0,4.5497,38000
2023-05-24 18:57:27,20,W+1.0,4.5676,38000
2023-05-24 18:57:33,16,W+1.0,4.5521,38000
2023-05-24 18:57:39,13,B+1.0,4.5718,38000
2023-05-24 18:57:45,13,B+1.0,4.5995,38000
2023-05-24 18:57:51,15,B+1.0,4.608,38000
2023-05-24 18:57:57,17,B+1.0,4.6327,38000
2023-05-24 18:58:05,17,B+1.0,4.6714,38000
2023-05-24 18:58:10,15,B+1.0,4.6951,38000
2023-05-24 18:58:14,9,B+1.0,4.6846,38000
2023-05-24 18:58:22,17,B+1.0,4.7122,38000
2023-05-24 18:58:25,9,B+1.0,4.7064,38000
2023-05-24 18:58:28,9,B+1.0,4.6423,38000
2023-05-24 18:58:32,9,B+1.0,4.6469,38000
2023-05-24 18:58:35,9,B+1.0,4.6534,38000
2023-05-24 18:58:39,9,B+1.0,4.6574,38000
2023-05-24 18:58:43,9,B+1.0,4.6334,38000
2023-05-24 18:58:47,11,B+1.0,4.6301,38000
2023-05-24 18:58:58,27,B+1.0,4.6908,38000
2023-05-24 18:59:06,21,B+1.0,4.7211,38000
2023-05-24 18:59:09,9,B+1.0,4.7235,38000
2023-05-24 18:59:13,9,B+1.0,4.6837,38000
2023-05-24 18:59:23,23,B+1.0,4.7605,38000
2023-05-24 18:59:35,29,B+1.0,4.8489,38000
2023-05-24 18:59:41,17,B+1.0,4.8688,38000
2023-05-24 18:59:46,13,B+1.0,4.8558,38000
2023-05-24 18:59:53,19,B+1.0,4.8932,38000
2023-05-24 18:59:57,9,B+1.0,4.9008,38000
2023-05-24 19:00:01,9,B+1.0,4.9033,38000
2023-05-24 19:00:04,9,B+1.0,4.9048,38000
2023-05-24 19:00:10,15,B+1.0,4.9269,38000
2023-05-24 19:00:58,9,B+1.0,4.9464,39000
2023-05-24 19:01:01,9,B+1.0,4.9514,39000
2023-05-24 19:01:05,9,B+1.0,4.9515,39000
2023-05-24 19:01:10,15,B+1.0,4.977,39000
2023-05-24 19:01:13,9,B+1.0,4.9801,39000
2023-05-24 19:01:17,11,B+1.0,4.9278,39000
2023-05-24 19:01:21,9,B+1.0,4.9328,39000
2023-05-24 19:01:26,15,B+1.0,4.9276,39000
2023-05-24 19:01:29,9,B+1.0,4.9282,39000
2023-05-24 19:01:32,9,B+1.0,4.9122,39000
2023-05-24 19:01:36,11,B+1.0,4.9246,39000
2023-05-24 19:01:39,9,B+1.0,4.886,39000
2023-05-24 19:01:44,15,B+1.0,4.9005,39000
2023-05-24 19:01:47,9,B+1.0,4.8974,39000
2023-05-24 19:01:53,15,B+1.0,4.8961,39000
2023-05-24 19:01:56,9,B+1.0,4.8836,39000
2023-05-24 19:01:59,9,B+1.0,4.872,39000
2023-05-24 19:02:02,9,B+1.0,4.8761,39000
2023-05-24 19:02:05,9,B+1.0,4.8766,39000
2023-05-24 19:02:11,17,B+1.0,4.8894,39000
2023-05-24 19:02:16,15,B+1.0,4.869,39000
2023-05-24 19:02:23,20,W+1.0,4.9091,39000
2023-05-24 19:02:26,9,B+1.0,4.9077,39000
2023-05-24 19:02:29,9,B+1.0,4.9039,39000
2023-05-24 19:02:35,15,B+1.0,4.9267,39000
2023-05-24 19:02:40,13,B+1.0,4.9406,39000
2023-05-24 19:02:44,12,W+1.0,4.955,39000
2023-05-24 19:02:47,9,B+1.0,4.9483,39000
2023-05-24 19:02:53,15,B+1.0,4.9672,39000
2023-05-24 19:03:00,19,B+1.0,5.0074,39000
2023-05-24 19:03:05,13,B+1.0,5.0238,39000
2023-05-24 19:03:14,25,B+1.0,5.0838,39000
2023-05-24 19:03:17,9,B+1.0,5.0806,39000
2023-05-24 19:03:20,9,B+1.0,4.9825,39000
2023-05-24 19:03:25,15,B+1.0,4.9828,39000
2023-05-24 19:03:28,9,B+1.0,4.966,39000
2023-05-24 19:03:38,31,B+1.0,4.9861,39000
2023-05-24 19:03:41,9,B+1.0,4.9842,39000
2023-05-24 19:03:46,15,B+1.0,5.0047,39000
2023-05-24 19:03:49,9,B+1.0,5.0004,39000
2023-05-24 19:03:52,9,B+1.0,4.9969,39000
2023-05-24 19:03:59,17,B+1.0,5.002,39000
2023-05-24 19:04:04,15,B+1.0,4.983,39000
2023-05-24 19:04:06,9,B+1.0,4.9518,39000
2023-05-24 19:04:09,9,B+1.0,4.9339,39000
2023-05-24 19:04:56,9,B+1.0,4.9695,40000
2023-05-24 19:04:59,9,B+1.0,4.9677,40000
2023-05-24 19:05:06,17,B+1.0,5.0046,40000
2023-05-24 19:05:09,9,B+1.0,4.97,40000
2023-05-24 19:05:13,9,B+1.0,4.9559,40000
2023-05-24 19:05:17,9,B+1.0,4.9589,40000
2023-05-24 19:05:20,9,B+1.0,4.9243,40000
2023-05-24 19:05:23,9,B+1.0,4.8568,40000
2023-05-24 19:05:27,11,B+1.0,4.8379,40000
2023-05-24 19:05:31,9,B+1.0,4.8448,40000
2023-05-24 19:05:34,9,B+1.0,4.8373,40000
2023-05-24 19:05:39,12,W+1.0,4.8185,40000
2023-05-24 19:05:42,9,B+1.0,4.8073,40000
2023-05-24 19:05:46,9,B+1.0,4.795,40000
2023-05-24 19:05:50,11,B+1.0,4.8074,40000
2023-05-24 19:05:53,9,B+1.0,4.8054,40000
2023-05-24 19:05:58,11,B+1.0,4.8167,40000
2023-05-24 19:06:01,9,B+1.0,4.7783,40000
2023-05-24 19:06:07,15,B+1.0,4.8073,40000
2023-05-24 19:06:12,11,B+1.0,4.7358,40000
2023-05-24 19:06:15,9,B+1.0,4.6932,40000
2023-05-24 19:06:18,9,B+1.0,4.6645,40000
2023-05-24 19:06:22,9,B+1.0,4.6644,40000
2023-05-24 19:06:25,9,B+1.0,4.6147,40000
2023-05-24 19:06:29,9,B+1.0,4.5869,40000
2023-05-24 19:06:33,11,B+1.0,4.5708,40000
2023-05-24 19:06:38,17,B+1.0,4.5708,40000
2023-05-24 19:06:42,9,B+1.0,4.5418,40000
2023-05-24 19:06:45,9,B+1.0,4.5149,40000
2023-05-24 19:06:49,9,B+1.0,4.4731,40000
2023-05-24 19:06:54,15,B+1.0,4.475,40000
2023-05-24 19:06:57,9,B+1.0,4.4718,40000
2023-05-24 19:07:02,11,B+1.0,4.4403,40000
2023-05-24 19:07:06,9,B+1.0,4.4467,40000
2023-05-24 19:07:09,9,B+1.0,4.4441,40000
2023-05-24 19:07:14,13,B+1.0,4.4578,40000
2023-05-24 19:07:19,11,B+1.0,4.4697,40000
2023-05-24 19:07:22,9,B+1.0,4.4672,40000
2023-05-24 19:07:27,12,W+1.0,4.479,40000
2023-05-24 19:07:33,19,B+1.0,4.4927,40000
2023-05-24 19:07:41,21,B+1.0,4.4636,40000
2023-05-24 19:07:50,28,W+1.0,4.4765,40000
2023-05-24 19:07:55,13,B+1.0,4.4996,40000
2023-05-24 19:07:59,9,B+1.0,4.4994,40000
2023-05-24 19:08:03,9,B+1.0,4.4291,40000
2023-05-24 19:08:51,9,B+1.0,4.3306,41000
2023-05-24 19:08:57,15,B+1.0,4.3395,41000
2023-05-24 19:09:01,11,B+1.0,4.3085,41000
2023-05-24 19:09:05,9,B+1.0,4.3055,41000
2023-05-24 19:09:08,9,B+1.0,4.2987,41000
2023-05-24 19:09:10,9,B+1.0,4.2933,41000
2023-05-24 19:09:21,29,B+1.0,4.3447,41000
2023-05-24 19:09:24,9,B+1.0,4.3215,41000
2023-05-24 19:09:27,9,B+1.0,4.3142,41000
2023-05-24 19:09:29,9,B+1.0,4.31,41000
2023-05-24 19:09:34,12,W+1.0,4.3195,41000
2023-05-24 19:09:37,9,B+1.0,4.3012,41000
2023-05-24 19:09:42,15,B+1.0,4.3129,41000
2023-05-24 19:09:45,9,B+1.0,4.3056,41000
2023-05-24 19:09:48,11,B+1.0,4.3084,41000
2023-05-24 19:09:51,9,B+1.0,4.2853,41000
2023-05-24 19:09:57,13,B+1.0,4.3067,41000
2023-05-24 19:10:02,11,B+1.0,4.3243,41000
2023-05-24 19:10:05,9,B+1.0,4.3126,41000
2023-05-24 19:10:11,15,B+1.0,4.3479,41000
2023-05-24 19:10:16,13,B+1.0,4.3507,41000
2023-05-24 19:10:19,9,B+1.0,4.3536,41000
2023-05-24 19:10:24,15,B+1.0,4.3428,41000
2023-05-24 19:10:28,12,W+1.0,4.3535,41000
2023-05-24 19:10:31,9,B+1.0,4.3504,41000
2023-05-24 19:10:36,13,B+1.0,4.3648,41000
2023-05-24 19:10:39,9,B+1.0,4.3674,41000
2023-05-24 19:10:46,21,B+1.0,4.3761,41000
2023-05-24 19:10:51,15,B+1.0,4.3812,41000
2023-05-24 19:10:56,11,B+1.0,4.3547,41000
2023-05-24 19:11:01,14,W+1.0,4.3821,41000
2023-05-24 19:11:06,11,B+1.0,4.3951,41000
2023-05-24 19:11:11,13,B+1.0,4.388,41000
2023-05-24 19:11:15,11,B+1.0,4.3796,41000
2023-05-24 19:11:21,17,B+1.0,4.3916,41000
2023-05-24 19:11:30,30,W+1.0,4.4587,41000
2023-05-24 19:11:34,9,B+1.0,4.4412,41000
2023-05-24 19:11:41,25,B+1.0,4.4472,41000
2023-05-24 19:11:47,13,B+1.0,4.4509,41000
2023-05-24 19:11:50,9,B+1.0,4.3891,41000
2023-05-24 19:11:54,14,W+1.0,4.4031,41000
2023-05-24 19:11:58,9,B+1.0,4.4064,41000
2023-05-24 19:12:48,9,B+1.0,4.423,42000
2023-05-24 19:12:52,9,B+1.0,4.3636,42000
2023-05-24 19:12:55,9,B+1.0,4.3614,42000
2023-05-24 19:12:58,9,B+1.0,4.3393,42000
2023-05-24 19:13:03,15,B+1.0,4.3616,42000
2023-05-24 19:13:09,17,B+1.0,4.3924,42000
2023-05-24 19:13:16,17,B+1.0,4.3982,42000
2023-05-24 19:13:19,9,B+1.0,4.3805,42000
2023-05-24 19:13:27,21,B+1.0,4.4362,42000
2023-05-24 19:13:31,9,B+1.0,4.4383,42000
2023-05-24 19:13:34,9,B+1.0,4.4045,42000
2023-05-24 19:13:37,9,B+1.0,4.4006,42000
2023-05-24 19:13:40,9,B+1.0,4.3982,42000
2023-05-24 19:13:45,15,B+1.0,4.3813,42000
2023-05-24 19:13:50,15,B+1.0,4.4008,42000
2023-05-24 19:14:00,27,B+1.0,4.461,42000
2023-05-24 19:14:04,9,B+1.0,4.4581,42000
2023-05-24 19:14:10,15,B+1.0,4.4866,42000
2023-05-24 19:14:13,9,B+1.0,4.4893,42000
2023-05-24 19:14:21,21,B+1.0,4.531,42000
2023-05-24 19:14:24,9,B+1.0,4.5261,42000
2023-05-24 19:14:29,14,W+1.0,4.5367,42000
2023-05-24 19:14:34,16,W+1.0,4.5364,42000
2023-05-24 19:14:36,9,B+1.0,4.53,42000
2023-05-24 19:14:39,9,B+1.0,4.5266,42000
2023-05-24 19:14:42,9,B+1.0,4.5129,42000
2023-05-24 19:14:45,11,B+1.0,4.5134,42000
2023-05-24 19:14:49,9,B+1.0,4.5011,42000
2023-05-24 19:14:52,9,B+1.0,4.5011,42000
2023-05-24 19:14:56,12,W+1.0,4.4811,42000
2023-05-24 19:15:01,14,W+1.0,4.4854,42000
2023-05-24 19:15:04,9,B+1.0,4.4856,42000
2023-05-24 19:15:08,9,B+1.0,4.4848,42000
2023-05-24 19:15:11,9,B+1.0,4.4824,42000
2023-05-24 19:15:15,15,B+1.0,4.4928,42000
2023-05-24 19:15:22,19,B+1.0,4.5271,42000
2023-05-24 19:15:26,9,B+1.0,4.5206,42000
2023-05-24 19:15:29,9,B+1.0,4.4928,42000
2023-05-24 19:15:32,9,B+1.0,4.489,42000
2023-05-24 19:15:37,17,B+1.0,4.5128,42000
2023-05-24 19:15:42,15,B+1.0,4.5282,42000
2023-05-24 19:15:47,15,B+1.0,4.5183,42000
2023-05-24 19:15:50,9,B+1.0,4.5137,42000
2023-05-24 19:15:55,17,B+1.0,4.5236,42000
2023-05-24 19:15:59,11,B+1.0,4.5238,42000
2023-05-24 19:16:47,16,W+1.0,4.5229,43000
2023-05-24 19:16:51,9,B+1.0,4.511,43000
2023-05-24 19:16:54,9,B+1.0,4.5144,43000
2023-05-24 19:16:58,9,B+1.0,4.5,43000
2023-05-24 19:17:04,16,W+1.0,4.4974,43000
2023-05-24 19:17:07,9,B+1.0,4.4544,43000
2023-05-24 19:17:16,26,W+1.0,4.4572,43000
2023-05-24 19:17:22,15,B+1.0,4.4597,43000
2023-05-24 19:17:32,26,W+1.0,4.5232,43000
2023-05-24 19:17:38,17,B+1.0,4.5466,43000
2023-05-24 19:17:41,9,B+1.0,4.5313,43000
2023-05-24 19:17:47,16,W+1.0,4.5585,43000
2023-05-24 19:17:51,9,B+1.0,4.531,43000
2023-05-24 19:17:54,9,B+1.0,4.5248,43000
2023-05-24 19:18:00,15,B+1.0,4.5492,43000
2023-05-24 19:18:04,11,B+1.0,4.5584,43000
2023-05-24 19:18:10,17,B+1.0,4.5959,43000
2023-05-24 19:18:15,13,B+1.0,4.5379,43000
2023-05-24 19:18:18,9,B+1.0,4.5424,43000
2023-05-24 19:18:22,10,W+1.0,4.5517,43000
2023-05-24 19:18:25,9,B+1.0,4.5528,43000
2023-05-24 19:18:28,9,B+1.0,4.5435,43000
2023-05-24 19:18:34,13,B+1.0,4.5643,43000
2023-05-24 19:18:37,9,B+1.0,4.5461,43000
2023-05-24 19:18:40,9,B+1.0,4.5477,43000
2023-05-24 19:18:43,9,B+1.0,4.5422,43000
2023-05-24 19:18:47,11,B+1.0,4.5557,43000
2023-05-24 19:18:51,9,B+1.0,4.5382,43000
2023-05-24 19:18:59,17,B+1.0,4.57,43000
2023-05-24 19:19:02,9,B+1.0,4.5717,43000
2023-05-24 19:19:07,15,B+1.0,4.5622,43000
2023-05-24 19:19:12,14,W+1.0,4.5556,43000
2023-05-24 19:19:19,19,B+1.0,4.5972,43000
2023-05-24 19:19:23,9,B+1.0,4.5835,43000
2023-05-24 19:19:29,17,B+1.0,4.6068,43000
2023-05-24 19:19:33,9,B+1.0,4.6125,43000
2023-05-24 19:19:39,15,B+1.0,4.6283,43000
2023-05-24 19:19:42,9,B+1.0,4.6294,43000
2023-05-24 19:19:46,9,B+1.0,4.5946,43000
2023-05-24 19:19:49,9,B+1.0,4.5769,43000
2023-05-24 19:19:53,9,B+1.0,4.5664,43000
2023-05-24 19:19:56,9,B+1.0,4.5408,43000
2023-05-24 19:20:45,17,B+1.0,4.5455,44000
2023-05-24 19:20:51,17,B+1.0,4.5693,44000
2023-05-24 19:20:56,13,B+1.0,4.5667,44000
2023-05-24 19:21:02,15,B+1.0,4.5256,44000
2023-05-24 19:21:05,9,B+1.0,4.5254,44000
2023-05-24 19:21:09,9,B+1.0,4.4795,44000
2023-05-24 19:21:12,9,B+1.0,4.4602,44000
2023-05-24 19:21:19,19,B+1.0,4.4977,44000
2023-05-24 19:21:23,11,B+1.0,4.4933,44000
2023-05-24 19:21:27,9,B+1.0,4.4948,44000
2023-05-24 19:21:30,9,B+1.0,4.4586,44000
2023-05-24 19:21:33,9,B+1.0,4.4621,44000
2023-05-24 19:21:40,21,B+1.0,4.4944,44000
2023-05-24 19:21:45,13,B+1.0,4.5144,44000
2023-05-24 19:21:49,11,B+1.0,4.522,44000
2023-05-24 19:21:54,15,B+1.0,4.5253,44000
2023-05-24 19:21:59,13,B+1.0,4.5126,44000
2023-05-24 19:22:03,9,B+1.0,4.4793,44000
2023-05-24 19:22:06,11,B+1.0,4.4834,44000
2023-05-24 19:22:11,13,B+1.0,4.4477,44000
2023-05-24 19:22:21,26,W+1.0,4.5131,44000
2023-05-24 19:22:24,9,B+1.0,4.5155,44000
2023-05-24 19:22:29,14,W+1.0,4.5284,44000
2023-05-24 19:22:39,27,B+1.0,4.5986,44000
2023-05-24 19:22:43,13,B+1.0,4.5952,44000
2023-05-24 19:22:48,13,B+1.0,4.5827,44000
2023-05-24 19:22:53,15,B+1.0,4.5391,44000
2023-05-24 19:22:57,9,B+1.0,4.5408,44000
2023-05-24 19:23:02,15,B+1.0,4.5368,44000
2023-05-24 19:23:06,9,B+1.0,4.5382,44000
2023-05-24 19:23:09,9,B+1.0,4.4936,44000
2023-05-24 19:23:19,27,B+1.0,4.5583,44000
2023-05-24 19:23:24,13,B+1.0,4.5638,44000
2023-05-24 19:23:28,11,B+1.0,4.5519,44000
2023-05-24 19:23:31,9,B+1.0,4.5573,44000
2023-05-24 19:23:34,9,B+1.0,4.5629,44000
2023-05-24 19:23:41,17,B+1.0,4.5969,44000
2023-05-24 19:23:45,13,B+1.0,4.6093,44000
2023-05-24 19:23:50,13,B+1.0,4.625,44000
2023-05-24 19:23:53,9,B+1.0,4.6283,44000
2023-05-24 19:24:42,9,B+1.0,4.6101,45000
2023-05-24 19:24:45,9,B+1.0,4.6098,45000
2023-05-24 19:24:48,9,B+1.0,4.6111,45000
2023-05-24 19:24:52,9,B+1.0,4.6117,45000
2023-05-24 19:24:56,11,B+1.0,4.6086,45000
2023-05-24 19:24:59,9,B+1.0,4.5724,45000
2023-05-24 19:25:03,9,B+1.0,4.5769,45000
2023-05-24 19:25:06,9,B+1.0,4.5776,45000
2023-05-24 19:25:09,9,B+1.0,4.58,45000
2023-05-24 19:25:13,9,B+1.0,4.555,45000
2023-05-24 19:25:15,9,B+1.0,4.5366,45000
2023-05-24 19:25:22,16,W+1.0,4.5609,45000
2023-05-24 19:25:26,9,B+1.0,4.5659,45000
2023-05-24 19:25:31,13,B+1.0,4.5641,45000
2023-05-24 19:25:37,13,B+1.0,4.58,45000
2023-05-24 19:25:40,9,B+1.0,4.5814,45000
2023-05-24 19:25:43,9,B+1.0,4.5618,45000
2023-05-24 19:25:47,11,B+1.0,4.5677,45000
2023-05-24 19:25:56,27,B+1.0,4.6219,45000
2023-05-24 19:26:00,9,B+1.0,4.6202,45000
2023-05-24 19:26:05,13,B+1.0,4.6162,45000
2023-05-24 19:26:12,19,B+1.0,4.6577,45000
2023-05-24 19:26:15,9,B+1.0,4.5936,45000
2023-05-24 19:26:20,11,B+1.0,4.5781,45000
2023-05-24 19:26:24,13,B+1.0,4.5248,45000
2023-05-24 19:26:29,15,B+1.0,4.5162,45000
2023-05-24 19:26:36,17,B+1.0,4.5518,45000
2023-05-24 19:26:39,9,B+1.0,4.5244,45000
2023-05-24 19:26:46,17,B+1.0,4.5555,45000
2023-05-24 19:26:49,9,B+1.0,4.5576,45000
2023-05-24 19:26:53,9,B+1.0,4.5334,45000
2023-05-24 19:27:04,29,B+1.0,4.6015,45000
2023-05-24 19:27:08,11,B+1.0,4.5786,45000
2023-05-24 19:27:16,18,W+1.0,4.6083,45000
2023-05-24 19:27:19,9,B+1.0,4.6112,45000
2023-05-24 19:27:23,9,B+1.0,4.6133,45000
2023-05-24 19:27:27,9,B+1.0,4.6177,45000
2023-05-24 19:27:35,22,W+1.0,4.6663,45000
2023-05-24 19:27:38,9,B+1.0,4.645,45000
2023-05-24 19:27:43,13,B+1.0,4.6623,45000
2023-05-24 19:27:47,11,B+1.0,4.6746,45000
2023-05-24 19:27:54,17,B+1.0,4.7118,45000
2023-05-24 19:28:40,13,B+1.0,4.7111,46000
2023-05-24 19:28:44,11,B+1.0,4.6726,46000
2023-05-24 19:28:47,9,B+1.0,4.6717,46000
2023-05-24 19:28:55,19,B+1.0,4.695,46000
2023-05-24 19:28:58,9,B+1.0,4.6822,46000
2023-05-24 19:29:02,9,B+1.0,4.6445,46000
2023-05-24 19:29:05,9,B+1.0,4.6414,46000
2023-05-24 19:29:08,9,B+1.0,4.6141,46000
2023-05-24 19:29:12,9,B+1.0,4.6145,46000
2023-05-24 19:29:15,9,B+1.0,4.5873,46000
2023-05-24 19:29:20,11,B+1.0,4.5963,46000
2023-05-24 19:29:24,12,W+1.0,4.6065,46000
2023-05-24 19:29:27,9,B+1.0,4.6054,46000
2023-05-24 19:29:31,9,B+1.0,4.6027,46000
2023-05-24 19:29:37,17,B+1.0,4.6329,46000
2023-05-24 19:29:41,9,B+1.0,4.6397,46000
2023-05-24 19:29:44,9,B+1.0,4.6083,46000
2023-05-24 19:29:48,9,B+1.0,4.5773,46000
2023-05-24 19:29:51,9,B+1.0,4.5594,46000
2023-05-24 19:29:57,17,B+1.0,4.5644,46000
2023-05-24 19:30:01,9,B+1.0,4.5634,46000
2023-05-24 19:30:04,9,B+1.0,4.5651,46000
2023-05-24 19:30:09,11,B+1.0,4.5767,46000
2023-05-24 19:30:12,9,B+1.0,4.5437,46000
2023-05-24 19:30:15,9,B+1.0,4.533,46000
2023-05-24 19:30:18,9,B+1.0,4.5272,46000
2023-05-24 19:30:21,9,B+1.0,4.5267,46000
2023-05-24 19:30:25,9,B+1.0,4.526,46000
2023-05-24 19:30:28,9,B+1.0,4.4897,46000
2023-05-24 19:30:34,17,B+1.0,4.5036,46000
2023-05-24 19:30:38,9,B+1.0,4.5049,46000
2023-05-24 19:30:44,13,B+1.0,4.5077,46000
2023-05-24 19:30:51,20,W+1.0,4.5319,46000
2023-05-24 19:30:54,9,B+1.0,4.5277,46000
2023-05-24 19:31:00,15,B+1.0,4.5524,46000
2023-05-24 19:31:04,9,B+1.0,4.5348,46000
2023-05-24 19:31:07,9,B+1.0,4.4716,46000
2023-05-24 19:31:14,17,B+1.0,4.5066,46000
2023-05-24 19:31:17,9,B+1.0,4.4923,46000
2023-05-24 19:31:20,9,B+1.0,4.4234,46000
2023-05-24 19:31:23,9,B+1.0,4.4093,46000
2023-05-24 19:31:28,11,B+1.0,4.4106,46000
2023-05-24 19:31:31,9,B+1.0,4.3875,46000
2023-05-24 19:31:35,11,B+1.0,4.3945,46000
2023-05-24 19:31:38,9,B+1.0,4.3731,46000
2023-05-24 19:31:42,9,B+1.0,4.3721,46000
2023-05-24 19:31:45,9,B+1.0,4.3716,46000
2023-05-24 19:32:34,11,B+1.0,4.3287,47000
2023-05-24 19:32:38,9,B+1.0,4.328,47000
2023-05-24 19:32:45,17,B+1.0,4.365,47000
2023-05-24 19:32:49,9,B+1.0,4.3662,47000
2023-05-24 19:32:54,13,B+1.0,4.3608,47000
2023-05-24 19:33:03,22,W+1.0,4.4008,47000
2023-05-24 19:33:07,9,B+1.0,4.3905,47000
2023-05-24 19:33:10,9,B+1.0,4.3925,47000
2023-05-24 19:33:14,9,B+1.0,4.3822,47000
2023-05-24 19:33:19,11,B+1.0,4.3991,47000
2023-05-24 19:33:22,9,B+1.0,4.4016,47000
2023-05-24 19:33:26,9,B+1.0,4.4057,47000
2023-05-24 19:33:30,9,B+1.0,4.4103,47000
2023-05-24 19:33:35,15,B+1.0,4.4285,47000
2023-05-24 19:33:40,11,B+1.0,4.4362,47000
2023-05-24 19:33:43,9,B+1.0,4.4335,47000
2023-05-24 19:33:47,9,B+1.0,4.4387,47000
2023-05-24 19:33:50,9,B+1.0,4.4391,47000
2023-05-24 19:33:53,9,B+1.0,4.4387,47000
2023-05-24 19:33:57,9,B+1.0,4.4459,47000
2023-05-24 19:34:02,13,B+1.0,4.4237,47000
2023-05-24 19:34:05,11,B+1.0,4.4235,47000
2023-05-24 19:34:09,9,B+1.0,4.4074,47000
2023-05-24 19:34:12,9,B+1.0,4.3884,47000
2023-05-24 19:34:16,9,B+1.0,4.3867,47000
2023-05-24 19:34:19,9,B+1.0,4.3884,47000
2023-05-24 19:34:25,15,B+1.0,4.4037,47000
2023-05-24 19:34:30,15,B+1.0,4.3716,47000
2023-05-24 19:34:34,9,B+1.0,4.3685,47000
2023-05-24 19:34:43,25,B+1.0,4.4127,47000
2023-05-24 19:34:50,18,W+1.0,4.4043,47000
2023-05-24 19:34:55,13,B+1.0,4.4278,47000
2023-05-24 19:34:58,9,B+1.0,4.4142,47000
2023-05-24 19:35:02,9,B+1.0,4.4031,47000
2023-05-24 19:35:05,9,B+1.0,4.389,47000
2023-05-24 19:35:10,11,B+1.0,4.369,47000
2023-05-24 19:35:13,9,B+1.0,4.3681,47000
2023-05-24 19:35:17,11,B+1.0,4.3381,47000
2023-05-24 19:35:24,18,W+1.0,4.3714,47000
2023-05-24 19:35:29,15,B+1.0,4.3935,47000
2023-05-24 19:35:33,11,B+1.0,4.327,47000
2023-05-24 19:35:39,15,B+1.0,4.337,47000
2023-05-24 19:36:25,9,B+1.0,4.2963,48000
2023-05-24 19:36:30,11,B+1.0,4.2991,48000
2023-05-24 19:36:34,11,B+1.0,4.3102,48000
2023-05-24 19:36:41,17,B+1.0,4.2933,48000
2023-05-24 19:36:46,15,B+1.0,4.311,48000
2023-05-24 19:36:49,9,B+1.0,4.2986,48000
2023-05-24 19:36:54,14,W+1.0,4.3041,48000
2023-05-24 19:36:58,9,B+1.0,4.2736,48000
2023-05-24 19:37:04,15,B+1.0,4.3037,48000
2023-05-24 19:37:08,9,B+1.0,4.2934,48000
2023-05-24 19:37:11,9,B+1.0,4.2836,48000
2023-05-24 19:37:20,22,W+1.0,4.3462,48000
2023-05-24 19:37:28,19,B+1.0,4.3445,48000
2023-05-24 19:37:34,15,B+1.0,4.3729,48000
2023-05-24 19:37:40,16,W+1.0,4.3994,48000
2023-05-24 19:37:44,9,B+1.0,4.4031,48000
2023-05-24 19:37:47,10,W+1.0,4.4045,48000
2023-05-24 19:37:51,9,B+1.0,4.4013,48000
2023-05-24 19:37:54,9,B+1.0,4.4049,48000
2023-05-24 19:37:58,9,B+1.0,4.3962,48000
2023-05-24 19:38:04,14,W+1.0,4.4102,48000
2023-05-24 19:38:07,9,B+1.0,4.4125,48000
2023-05-24 19:38:11,11,B+1.0,4.4181,48000
2023-05-24 19:38:17,15,B+1.0,4.411,48000
2023-05-24 19:38:20,9,B+1.0,4.4121,48000
2023-05-24 19:38:24,9,B+1.0,4.4137,48000
2023-05-24 19:38:28,10,W+1.0,4.4242,48000
2023-05-24 19:38:32,9,B+1.0,4.4243,48000
2023-05-24 19:38:37,12,W+1.0,4.4094,48000
2023-05-24 19:38:42,11,B+1.0,4.4248,48000
2023-05-24 19:38:46,12,W+1.0,4.4357,48000
2023-05-24 19:38:50,9,B+1.0,4.4253,48000
2023-05-24 19:38:55,15,B+1.0,4.4472,48000
2023-05-24 19:39:01,15,B+1.0,4.4787,48000
2023-05-24 19:39:10,23,B+1.0,4.5287,48000
2023-05-24 19:39:16,17,B+1.0,4.5582,48000
2023-05-24 19:39:20,9,B+1.0,4.5664,48000
2023-05-24 19:39:23,9,B+1.0,4.5679,48000
2023-05-24 19:39:27,9,B+1.0,4.5383,48000
2023-05-24 19:39:30,9,B+1.0,4.5299,48000
2023-05-24 19:39:35,11,B+1.0,4.5209,48000
2023-05-24 19:40:24,9,B+1.0,4.5006,49000
2023-05-24 19:40:28,9,B+1.0,4.4759,49000
2023-05-24 19:40:34,15,B+1.0,4.5068,49000
2023-05-24 19:40:38,9,B+1.0,4.5121,49000
2023-05-24 19:40:42,9,B+1.0,4.484,49000
2023-05-24 19:40:45,9,B+1.0,4.4874,49000
2023-05-24 19:40:49,9,B+1.0,4.4911,49000
2023-05-24 19:40:54,11,B+1.0,4.5087,49000
2023-05-24 19:41:02,21,B+1.0,4.5471,49000
2023-05-24 19:41:05,9,B+1.0,4.5491,49000
2023-05-24 19:41:11,15,B+1.0,4.5577,49000
2023-05-24 19:41:14,9,B+1.0,4.5572,49000
2023-05-24 19:41:17,9,B+1.0,4.5573,49000
2023-05-24 19:41:21,9,B+1.0,4.5616,49000
2023-05-24 19:41:25,9,B+1.0,4.5413,49000
2023-05-24 19:41:28,9,B+1.0,4.5289,49000
2023-05-24 19:41:33,11,B+1.0,4.5405,49000
2023-05-24 19:41:38,10,W+1.0,4.5154,49000
2023-05-24 19:41:41,10,W+1.0,4.5144,49000
2023-05-24 19:41:44,9,B+1.0,4.4899,49000
2023-05-24 19:41:48,9,B+1.0,4.4395,49000
2023-05-24 19:41:52,9,B+1.0,4.4409,49000
2023-05-24 19:41:57,13,B+1.0,4.4537,49000
2023-05-24 19:42:00,9,B+1.0,4.452,49000
2023-05-24 19:42:04,11,B+1.0,4.4485,49000
2023-05-24 19:42:08,9,B+1.0,4.4443,49000
2023-05-24 19:42:11,9,B+1.0,4.4455,49000
2023-05-24 19:42:17,17,B+1.0,4.4674,49000
2023-05-24 19:42:23,15,B+1.0,4.4679,49000
2023-05-24 19:42:31,19,B+1.0,4.5063,49000
2023-05-24 19:42:35,9,B+1.0,4.5059,49000
2023-05-24 19:42:38,9,B+1.0,4.502,49000
2023-05-24 19:42:41,9,B+1.0,4.5028,49000
2023-05-24 19:42:48,16,W+1.0,4.532,49000
2023-05-24 19:42:51,9,B+1.0,4.5296,49000
2023-05-24 19:42:58,19,B+1.0,4.5524,49000
2023-05-24 19:43:02,9,B+1.0,4.5537,49000
2023-05-24 19:43:08,18,W+1.0,4.5772,49000
2023-05-24 19:43:14,15,B+1.0,4.6037,49000
2023-05-24 19:43:17,9,B+1.0,4.6045,49000
2023-05-24 19:43:21,9,B+1.0,4.6117,49000
2023-05-24 19:43:28,17,B+1.0,4.6265,49000
2023-05-24 19:44:17,15,B+1.0,4.6266,50000
2023-05-24 19:44:20,9,B+1.0,4.5621,50000
2023-05-24 19:44:24,9,B+1.0,4.5304,50000
2023-05-24 19:44:31,15,B+1.0,4.548,50000
2023-05-24 19:44:39,19,B+1.0,4.6047,50000
2023-05-24 19:44:46,17,B+1.0,4.6402,50000
2023-05-24 19:44:53,17,B+1.0,4.6715,50000
2023-05-24 19:44:57,9,B+1.0,4.6627,50000
2023-05-24 19:45:00,9,B+1.0,4.6635,50000
2023-05-24 19:45:04,10,W+1.0,4.6689,50000
2023-05-24 19:45:07,9,B+1.0,4.6313,50000
2023-05-24 19:45:15,18,W+1.0,4.647,50000
2023-05-24 19:45:18,9,B+1.0,4.6385,50000
2023-05-24 19:45:21,9,B+1.0,4.6186,50000
2023-05-24 19:45:24,9,B+1.0,4.6167,50000
2023-05-24 19:45:28,10,W+1.0,4.6149,50000
2023-05-24 19:45:33,13,B+1.0,4.6189,50000
2023-05-24 19:45:42,27,B+1.0,4.67,50000
2023-05-24 19:45:49,14,W+1.0,4.6705,50000
2023-05-24 19:45:53,10,W+1.0,4.6613,50000
2023-05-24 19:45:56,9,B+1.0,4.6609,50000
2023-05-24 19:46:00,9,B+1.0,4.6461,50000
2023-05-24 19:46:06,15,B+1.0,4.6661,50000
2023-05-24 19:46:09,9,B+1.0,4.6356,50000
2023-05-24 19:46:16,18,W+1.0,4.6696,50000
2023-05-24 19:46:22,17,B+1.0,4.701,50000
2023-05-24 19:46:30,19,B+1.0,4.6849,50000
2023-05-24 19:46:35,13,B+1.0,4.6647,50000
2023-05-24 19:46:39,11,B+1.0,4.6457,50000
2023-05-24 19:46:44,11,B+1.0,4.6266,50000
2023-05-24 19:46:47,9,B+1.0,4.6217,50000
2023-05-24 19:46:50,9,B+1.0,4.6198,50000
2023-05-24 19:46:56,15,B+1.0,4.6422,50000
2023-05-24 19:47:04,19,B+1.0,4.681,50000
2023-05-24 19:47:12,18,W+1.0,4.7301,50000
2023-05-24 19:47:16,9,B+1.0,4.7075,50000
2023-05-24 19:47:24,21,B+1.0,4.7613,50000
2023-05-24 19:48:10,9,B+1.0,4.7368,51000
2023-05-24 19:48:13,9,B+1.0,4.7328,51000
2023-05-24 19:48:17,9,B+1.0,4.7303,51000
2023-05-24 19:48:23,15,B+1.0,4.7501,51000
2023-05-24 19:48:27,9,B+1.0,4.7481,51000
2023-05-24 19:48:30,9,B+1.0,4.7348,51000
2023-05-24 19:48:37,22,W+1.0,4.7616,51000
2023-05-24 19:48:41,9,B+1.0,4.7543,51000
2023-05-24 19:48:47,14,W+1.0,4.7757,51000
2023-05-24 19:48:50,9,B+1.0,4.7539,51000
2023-05-24 19:48:54,9,B+1.0,4.7293,51000
2023-05-24 19:49:00,17,B+1.0,4.7147,51000
2023-05-24 19:49:06,15,B+1.0,4.7117,51000
2023-05-24 19:49:10,9,B+1.0,4.7098,51000
2023-05-24 19:49:22,27,B+1.0,4.7927,51000
2023-05-24 19:49:28,15,B+1.0,4.8202,51000
2023-05-24 19:49:35,17,B+1.0,4.8557,51000
2023-05-24 19:49:40,14,W+1.0,4.8622,51000
2023-05-24 19:49:44,11,B+1.0,4.8587,51000
2023-05-24 19:49:50,17,B+1.0,4.8783,51000
2023-05-24 19:49:54,11,B+1.0,4.8827,51000
2023-05-24 19:49:58,9,B+1.0,4.8539,51000
2023-05-24 19:50:03,13,B+1.0,4.8745,51000
2023-05-24 19:50:09,15,B+1.0,4.895,51000
2023-05-24 19:50:13,9,B+1.0,4.8949,51000
2023-05-24 19:50:17,11,B+1.0,4.9025,51000
2023-05-24 19:50:22,13,B+1.0,4.9016,51000
2023-05-24 19:50:28,15,B+1.0,4.8821,51000
2023-05-24 19:50:32,9,B+1.0,4.8853,51000
2023-05-24 19:50:36,9,B+1.0,4.8713,51000
2023-05-24 19:50:40,10,W+1.0,4.8816,51000
2023-05-24 19:50:44,9,B+1.0,4.8798,51000
2023-05-24 19:50:47,9,B+1.0,4.8762,51000
2023-05-24 19:50:53,13,B+1.0,4.899,51000
2023-05-24 19:50:56,9,B+1.0,4.8936,51000
2023-05-24 19:51:01,12,W+1.0,4.8916,51000
2023-05-24 19:51:06,15,B+1.0,4.9041,51000
2023-05-24 19:51:10,14,W+1.0,4.911,51000
2023-05-24 19:51:17,19,B+1.0,4.9448,51000
2023-05-24 19:52:02,9,B+1.0,4.9325,52000
2023-05-24 19:52:09,18,W+1.0,4.954,52000
2023-05-24 19:52:12,9,B+1.0,4.95,52000
2023-05-24 19:52:14,9,B+1.0,4.9328,52000
2023-05-24 19:52:17,9,B+1.0,4.9312,52000
2023-05-24 19:52:20,9,B+1.0,4.9245,52000
2023-05-24 19:52:24,9,B+1.0,4.8972,52000
2023-05-24 19:52:30,15,B+1.0,4.9026,52000
2023-05-24 19:52:34,9,B+1.0,4.8587,52000
2023-05-24 19:52:37,9,B+1.0,4.8579,52000
2023-05-24 19:52:41,9,B+1.0,4.8599,52000
2023-05-24 19:52:44,9,B+1.0,4.8579,52000
2023-05-24 19:52:47,9,B+1.0,4.8288,52000
2023-05-24 19:52:55,21,B+1.0,4.8755,52000
2023-05-24 19:53:01,14,W+1.0,4.8618,52000
2023-05-24 19:53:05,14,W+1.0,4.8693,52000
2023-05-24 19:53:11,14,W+1.0,4.866,52000
2023-05-24 19:53:16,15,B+1.0,4.8583,52000
2023-05-24 19:53:19,10,W+1.0,4.8566,52000
2023-05-24 19:53:23,9,B+1.0,4.8481,52000
2023-05-24 19:53:29,17,B+1.0,4.8404,52000
2023-05-24 19:53:35,16,W+1.0,4.8614,52000
2023-05-24 19:53:45,27,B+1.0,4.9146,52000
2023-05-24 19:53:51,17,B+1.0,4.9371,52000
2023-05-24 19:53:58,17,B+1.0,4.9776,52000
2023-05-24 19:54:03,13,B+1.0,4.9567,52000
2023-05-24 19:54:08,13,B+1.0,4.9188,52000
2023-05-24 19:54:11,9,B+1.0,4.8791,52000
2023-05-24 19:54:15,12,W+1.0,4.8516,52000
2023-05-24 19:54:19,9,B+1.0,4.8468,52000
2023-05-24 19:54:23,13,B+1.0,4.8564,52000
2023-05-24 19:54:30,21,B+1.0,4.8905,52000
2023-05-24 19:54:33,9,B+1.0,4.8874,52000
2023-05-24 19:54:41,23,B+1.0,4.8944,52000
2023-05-24 19:54:44,9,B+1.0,4.896,52000
2023-05-24 19:54:49,12,W+1.0,4.9073,52000
2023-05-24 19:54:52,9,B+1.0,4.9096,52000
2023-05-24 19:54:57,15,B+1.0,4.9211,52000
2023-05-24 19:55:01,11,B+1.0,4.914,52000
2023-05-24 19:55:04,9,B+1.0,4.8525,52000
2023-05-24 19:55:08,9,B+1.0,4.8197,52000
2023-05-24 19:55:56,17,B+1.0,4.8456,53000
2023-05-24 19:55:59,9,B+1.0,4.8457,53000
2023-05-24 19:56:03,9,B+1.0,4.8229,53000
2023-05-24 19:56:06,9,B+1.0,4.8215,53000
2023-05-24 19:56:09,9,B+1.0,4.7833,53000
2023-05-24 19:56:14,13,B+1.0,4.7686,53000
2023-05-24 19:56:18,11,B+1.0,4.7315,53000
2023-05-24 19:56:21,9,B+1.0,4.7117,53000
2023-05-24 19:56:25,9,B+1.0,4.7011,53000
2023-05-24 19:56:31,15,B+1.0,4.7222,53000
2023-05-24 19:56:34,9,B+1.0,4.7224,53000
2023-05-24 19:56:40,19,B+1.0,4.7511,53000
2023-05-24 19:56:47,17,B+1.0,4.7613,53000
2023-05-24 19:56:50,9,B+1.0,4.714,53000
2023-05-24 19:56:53,9,B+1.0,4.6609,53000
2023-05-24 19:57:01,18,W+1.0,4.7047,53000
2023-05-24 19:57:07,15,B+1.0,4.675,53000
2023-05-24 19:57:10,9,B+1.0,4.679,53000
2023-05-24 19:57:15,11,B+1.0,4.6836,53000
2023-05-24 19:57:18,9,B+1.0,4.68,53000
2023-05-24 19:57:21,9,B+1.0,4.6729,53000
2023-05-24 19:57:24,9,B+1.0,4.6445,53000
2023-05-24 19:57:27,9,B+1.0,4.6402,53000
2023-05-24 19:57:30,9,B+1.0,4.6389,53000
2023-05-24 19:57:34,9,B+1.0,4.6004,53000
2023-05-24 19:57:37,9,B+1.0,4.596,53000
2023-05-24 19:57:40,9,B+1.0,4.5717,53000
2023-05-24 19:57:47,17,B+1.0,4.6091,53000
2023-05-24 19:57:52,11,B+1.0,4.6138,53000
2023-05-24 19:57:55,9,B+1.0,4.58,53000
2023-05-24 19:58:01,14,W+1.0,4.5779,53000
2023-05-24 19:58:06,13,B+1.0,4.5943,53000
2023-05-24 19:58:10,9,B+1.0,4.5131,53000
2023-05-24 19:58:14,11,B+1.0,4.4945,53000
2023-05-24 19:58:19,15,B+1.0,4.4825,53000
2023-05-24 19:58:22,9,B+1.0,4.4567,53000
2023-05-24 19:58:26,10,W+1.0,4.4519,53000
2023-05-24 19:58:29,9,B+1.0,4.4238,53000
2023-05-24 19:58:32,10,W+1.0,4.4165,53000
2023-05-24 19:58:37,13,B+1.0,4.4331,53000
2023-05-24 19:58:41,9,B+1.0,4.4096,53000
2023-05-24 19:58:44,9,B+1.0,4.3802,53000
2023-05-24 19:58:47,9,B+1.0,4.3769,53000
2023-05-24 19:58:51,11,B+1.0,4.3745,53000
2023-05-24 19:58:57,15,B+1.0,4.3869,53000
2023-05-24 19:59:02,11,B+1.0,4.3732,53000
2023-05-24 19:59:51,18,W+1.0,4.407,54000
2023-05-24 19:59:58,18,W+1.0,4.4328,54000
2023-05-24 20:00:02,9,B+1.0,4.4346,54000
2023-05-24 20:00:05,9,B+1.0,4.4336,54000
2023-05-24 20:00:11,17,B+1.0,4.4363,54000
2023-05-24 20:00:14,9,B+1.0,4.4358,54000
2023-05-24 20:00:19,13,B+1.0,4.4338,54000
2023-05-24 20:00:25,17,B+1.0,4.442,54000
2023-05-24 20:00:29,9,B+1.0,4.4377,54000
2023-05-24 20:00:35,15,B+1.0,4.4281,54000
2023-05-24 20:00:38,9,B+1.0,4.4337,54000
2023-05-24 20:00:43,14,W+1.0,4.4476,54000
2023-05-24 20:00:47,12,W+1.0,4.4199,54000
2023-05-24 20:00:50,9,B+1.0,4.426,54000
2023-05-24 20:00:54,9,B+1.0,4.4346,54000
2023-05-24 20:00:58,9,B+1.0,4.4417,54000
2023-05-24 20:01:02,11,B+1.0,4.4557,54000
2023-05-24 20:01:08,15,B+1.0,4.4813,54000
2023-05-24 20:01:12,9,B+1.0,4.4581,54000
2023-05-24 20:01:18,14,W+1.0,4.4743,54000
2023-05-24 20:01:24,14,W+1.0,4.504,54000
2023-05-24 20:01:29,15,B+1.0,4.5215,54000
2023-05-24 20:01:33,9,B+1.0,4.5249,54000
2023-05-24 20:01:36,9,B+1.0,4.5282,54000
2023-05-24 20:01:39,9,B+1.0,4.4781,54000
2023-05-24 20:01:43,9,B+1.0,4.456,54000
2023-05-24 20:01:46,9,B+1.0,4.4491,54000
2023-05-24 20:01:50,9,B+1.0,4.4251,54000
2023-05-24 20:01:57,17,B+1.0,4.44,54000
2023-05-24 20:02:03,15,B+1.0,4.4679,54000
2023-05-24 20:02:06,9,B+1.0,4.4686,54000
2023-05-24 20:02:10,11,B+1.0,4.4448,54000
2023-05-24 20:02:13,11,B+1.0,4.4222,54000
2023-05-24 20:02:18,14,W+1.0,4.3617,54000
2023-05-24 20:02:21,9,B+1.0,4.3439,54000
2023-05-24 20:02:25,9,B+1.0,4.3049,54000
2023-05-24 20:02:28,9,B+1.0,4.2885,54000
2023-05-24 20:02:32,11,B+1.0,4.2763,54000
2023-05-24 20:02:35,9,B+1.0,4.2795,54000
2023-05-24 20:02:39,10,W+1.0,4.2736,54000
2023-05-24 20:02:44,13,B+1.0,4.2867,54000
2023-05-24 20:02:49,15,B+1.0,4.2956,54000
2023-05-24 20:02:54,11,B+1.0,4.2722,54000
2023-05-24 20:03:39,10,W+1.0,4.2362,55000
2023-05-24 20:03:42,9,B+1.0,4.2345,55000
2023-05-24 20:03:47,12,W+1.0,4.2366,55000
2023-05-24 20:03:54,17,B+1.0,4.2734,55000
2023-05-24 20:04:00,15,B+1.0,4.2906,55000
2023-05-24 20:04:04,9,B+1.0,4.2848,55000
2023-05-24 20:04:10,18,W+1.0,4.3173,55000
2023-05-24 20:04:14,9,B+1.0,4.3215,55000
2023-05-24 20:04:21,19,B+1.0,4.3604,55000
2023-05-24 20:04:25,9,B+1.0,4.3254,55000
2023-05-24 20:04:29,11,B+1.0,4.3317,55000
2023-05-24 20:04:33,11,B+1.0,4.3401,55000
2023-05-24 20:04:38,14,W+1.0,4.357,55000
2023-05-24 20:04:44,17,B+1.0,4.3854,55000
2023-05-24 20:04:49,12,W+1.0,4.3863,55000
2023-05-24 20:04:52,9,B+1.0,4.3798,55000
2023-05-24 20:04:57,16,W+1.0,4.3975,55000
2023-05-24 20:05:02,11,B+1.0,4.4107,55000
2023-05-24 20:05:06,11,B+1.0,4.3879,55000
2023-05-24 20:05:13,17,B+1.0,4.4211,55000
2023-05-24 20:05:17,14,W+1.0,4.4052,55000
2023-05-24 20:05:20,9,B+1.0,4.3695,55000
2023-05-24 20:05:26,15,B+1.0,4.3981,55000
2023-05-24 20:05:29,9,B+1.0,4.4002,55000
2023-05-24 20:05:33,11,B+1.0,4.3594,55000
2023-05-24 20:05:39,16,W+1.0,4.3551,55000
2023-05-24 20:05:43,11,B+1.0,4.3633,55000
2023-05-24 20:05:47,11,B+1.0,4.3589,55000
2023-05-24 20:05:50,9,B+1.0,4.3643,55000
2023-05-24 20:05:54,9,B+1.0,4.3703,55000
2023-05-24 20:05:57,9,B+1.0,4.3664,55000
2023-05-24 20:06:00,9,B+1.0,4.3626,55000
2023-05-24 20:06:04,11,B+1.0,4.3723,55000
2023-05-24 20:06:07,9,B+1.0,4.3704,55000
2023-05-24 20:06:11,11,B+1.0,4.3765,55000
2023-05-24 20:06:17,15,B+1.0,4.4088,55000
2023-05-24 20:06:22,13,B+1.0,4.3864,55000
2023-05-24 20:06:26,9,B+1.0,4.3821,55000
2023-05-24 20:06:31,14,W+1.0,4.3945,55000
2023-05-24 20:06:36,15,B+1.0,4.3896,55000
2023-05-24 20:06:39,10,W+1.0,4.3684,55000
2023-05-24 20:06:43,9,B+1.0,4.3674,55000
2023-05-24 20:07:28,10,W+1.0,4.3405,56000
2023-05-24 20:07:32,12,W+1.0,4.3528,56000
2023-05-24 20:07:36,9,B+1.0,4.3533,56000
2023-05-24 20:07:40,13,B+1.0,4.3683,56000
2023-05-24 20:07:43,9,B+1.0,4.3662,56000
2023-05-24 20:07:47,10,W+1.0,4.353,56000
2023-05-24 20:07:51,10,W+1.0,4.3584,56000
2023-05-24 20:07:54,9,B+1.0,4.3586,56000
2023-05-24 20:08:01,15,B+1.0,4.3888,56000
2023-05-24 20:08:05,12,W+1.0,4.3918,56000
2023-05-24 20:08:09,11,B+1.0,4.3779,56000
2023-05-24 20:08:15,13,B+1.0,4.3786,56000
2023-05-24 20:08:21,17,B+1.0,4.3997,56000
2023-05-24 20:08:25,10,W+1.0,4.3782,56000
2023-05-24 20:08:30,14,W+1.0,4.3594,56000
2023-05-24 20:08:34,9,B+1.0,4.357,56000
2023-05-24 20:08:40,13,B+1.0,4.386,56000
2023-05-24 20:08:43,10,W+1.0,4.3546,56000
2023-05-24 20:08:49,13,B+1.0,4.3847,56000
2023-05-24 20:08:53,11,B+1.0,4.3788,56000
2023-05-24 20:08:58,15,B+1.0,4.3645,56000
2023-05-24 20:09:02,13,B+1.0,4.3753,56000
2023-05-24 20:09:09,16,W+1.0,4.3812,56000
2023-05-24 20:09:13,11,B+1.0,4.3919,56000
2023-05-24 20:09:18,11,B+1.0,4.3888,56000
2023-05-24 20:09:22,9,B+1.0,4.3905,56000
2023-05-24 20:09:26,11,B+1.0,4.396,56000
2023-05-24 20:09:32,17,B+1.0,4.4204,56000
2023-05-24 20:09:36,9,B+1.0,4.4165,56000
2023-05-24 20:09:39,9,B+1.0,4.405,56000
2023-05-24 20:09:45,17,B+1.0,4.4109,56000
2023-05-24 20:09:49,9,B+1.0,4.4045,56000
2023-05-24 20:09:53,11,B+1.0,4.3971,56000
2023-05-24 20:09:57,9,B+1.0,4.3686,56000
2023-05-24 20:10:05,20,W+1.0,4.3942,56000
2023-05-24 20:10:10,13,B+1.0,4.4081,56000
2023-05-24 20:10:13,9,B+1.0,4.4083,56000
2023-05-24 20:10:17,11,B+1.0,4.4192,56000
2023-05-24 20:10:23,13,B+1.0,4.4405,56000
2023-05-24 20:10:26,9,B+1.0,4.4366,56000
2023-05-24 20:11:18,17,B+1.0,4.4507,57000
2023-05-24 20:11:22,9,B+1.0,4.4318,57000
2023-05-24 20:11:25,10,W+1.0,4.4377,57000
2023-05-24 20:11:31,13,B+1.0,4.4526,57000
2023-05-24 20:11:35,11,B+1.0,4.4595,57000
2023-05-24 20:11:39,12,W+1.0,4.4575,57000
2023-05-24 20:11:43,9,B+1.0,4.457,57000
2023-05-24 20:11:47,10,W+1.0,4.4577,57000
2023-05-24 20:11:50,9,B+1.0,4.4582,57000
2023-05-24 20:11:53,9,B+1.0,4.4555,57000
2023-05-24 20:11:57,9,B+1.0,4.4577,57000
2023-05-24 20:12:01,10,W+1.0,4.46,57000
2023-05-24 20:12:05,11,B+1.0,4.4532,57000
2023-05-24 20:12:09,13,B+1.0,4.4457,57000
2023-05-24 20:12:14,12,W+1.0,4.44,57000
2023-05-24 20:12:17,9,B+1.0,4.4378,57000
2023-05-24 20:12:21,9,B+1.0,4.4393,57000
2023-05-24 20:12:26,12,W+1.0,4.4592,57000
2023-05-24 20:12:30,12,W+1.0,4.456,57000
2023-05-24 20:12:34,9,B+1.0,4.4213,57000
2023-05-24 20:12:37,9,B+1.0,4.3905,57000
2023-05-24 20:12:44,18,W+1.0,4.4233,57000
2023-05-24 20:12:49,15,B+1.0,4.4024,57000
2023-05-24 20:12:53,12,W+1.0,4.4118,57000
2023-05-24 20:12:57,9,B+1.0,4.3787,57000
2023-05-24 20:13:02,13,B+1.0,4.3967,57000
2023-05-24 20:13:05,9,B+1.0,4.3891,57000
2023-05-24 20:13:10,11,B+1.0,4.3931,57000
2023-05-24 20:13:16,15,B+1.0,4.3965,57000
2023-05-24 20:13:22,15,B+1.0,4.4003,57000
2023-05-24 20:13:26,11,B+1.0,4.3933,57000
2023-05-24 20:13:32,18,W+1.0,4.4234,57000
2023-05-24 20:13:35,9,B+1.0,4.4028,57000
2023-05-24 20:13:40,11,B+1.0,4.3995,57000
2023-05-24 20:13:44,10,W+1.0,4.3994,57000
2023-05-24 20:13:46,9,B+1.0,4.3607,57000
2023-05-24 20:13:50,10,W+1.0,4.3486,57000
2023-05-24 20:13:53,9,B+1.0,4.3554,57000
2023-05-24 20:13:58,13,B+1.0,4.3451,57000
2023-05-24 20:14:02,9,B+1.0,4.3506,57000
2023-05-24 20:14:07,15,B+1.0,4.3615,57000
2023-05-24 20:14:14,18,W+1.0,4.3797,57000
2023-05-24 20:15:02,9,B+1.0,4.367,58000
2023-05-24 20:15:05,9,B+1.0,4.3595,58000
2023-05-24 20:15:09,12,W+1.0,4.3633,58000
2023-05-24 20:15:14,15,B+1.0,4.389,58000
2023-05-24 20:15:18,9,B+1.0,4.3946,58000
2023-05-24 20:15:22,11,B+1.0,4.3934,58000
2023-05-24 20:15:25,9,B+1.0,4.3924,58000
2023-05-24 20:15:28,9,B+1.0,4.3798,58000
2023-05-24 20:15:31,10,W+1.0,4.3491,58000
2023-05-24 20:15:34,9,B+1.0,4.328,58000
2023-05-24 20:15:42,21,B+1.0,4.3712,58000
2023-05-24 20:15:45,9,B+1.0,4.3606,58000
2023-05-24 20:15:48,9,B+1.0,4.3384,58000
2023-05-24 20:15:55,17,B+1.0,4.3672,58000
2023-05-24 20:15:59,13,B+1.0,4.3766,58000
2023-05-24 20:16:02,9,B+1.0,4.3718,58000
2023-05-24 20:16:07,13,B+1.0,4.3847,58000
2023-05-24 20:16:14,21,B+1.0,4.4174,58000
2023-05-24 20:16:17,9,B+1.0,4.4121,58000
2023-05-24 20:16:23,14,W+1.0,4.4264,58000
2023-05-24 20:16:28,14,W+1.0,4.438,58000
2023-05-24 20:16:33,15,B+1.0,4.4543,58000
2023-05-24 20:16:36,10,W+1.0,4.4476,58000
2023-05-24 20:16:40,9,B+1.0,4.4483,58000
2023-05-24 20:16:42,9,B+1.0,4.4126,58000
2023-05-24 20:16:46,9,B+1.0,4.4066,58000
2023-05-24 20:16:49,9,B+1.0,4.3933,58000
2023-05-24 20:16:55,16,W+1.0,4.3946,58000
2023-05-24 20:17:03,20,W+1.0,4.4156,58000
2023-05-24 20:17:07,11,B+1.0,4.4144,58000
2023-05-24 20:17:11,9,B+1.0,4.4045,58000
2023-05-24 20:17:16,11,B+1.0,4.4163,58000
2023-05-24 20:17:20,11,B+1.0,4.3923,58000
2023-05-24 20:17:22,9,B+1.0,4.3871,58000
2023-05-24 20:17:28,15,B+1.0,4.3835,58000
2023-05-24 20:17:33,15,B+1.0,4.3955,58000
2023-05-24 20:17:38,16,W+1.0,4.3999,58000
2023-05-24 20:17:41,9,B+1.0,4.3808,58000
2023-05-24 20:17:44,9,B+1.0,4.3488,58000
2023-05-24 20:17:47,9,B+1.0,4.3325,58000
2023-05-24 20:17:50,9,B+1.0,4.3179,58000
2023-05-24 20:17:55,14,W+1.0,4.326,58000
2023-05-24 20:18:41,9,B+1.0,4.3009,59000
2023-05-24 20:18:47,15,B+1.0,4.3281,59000
2023-05-24 20:18:50,9,B+1.0,4.3295,59000
2023-05-24 20:18:54,11,B+1.0,4.3073,59000
2023-05-24 20:18:59,14,W+1.0,4.3225,59000
2023-05-24 20:19:02,9,B+1.0,4.3076,59000
2023-05-24 20:19:06,9,B+1.0,4.3083,59000
2023-05-24 20:19:09,9,B+1.0,4.2633,59000
2023-05-24 20:19:15,14,W+1.0,4.2726,59000
2023-05-24 20:19:19,9,B+1.0,4.2733,59000
2023-05-24 20:19:23,10,W+1.0,4.2714,59000
2023-05-24 20:19:26,9,B+1.0,4.2505,59000
2023-05-24 20:19:30,9,B+1.0,4.2523,59000
2023-05-24 20:19:34,9,B+1.0,4.2465,59000
2023-05-24 20:19:38,12,W+1.0,4.2147,59000
2023-05-24 20:19:42,9,B+1.0,4.2146,59000
2023-05-24 20:19:46,10,W+1.0,4.2157,59000
2023-05-24 20:19:49,9,B+1.0,4.1951,59000
2023-05-24 20:19:53,9,B+1.0,4.1901,59000
2023-05-24 20:19:57,12,W+1.0,4.1857,59000
2023-05-24 20:20:01,11,B+1.0,4.1973,59000
2023-05-24 20:20:06,11,B+1.0,4.2079,59000
2023-05-24 20:20:10,9,B+1.0,4.2092,59000
2023-05-24 20:20:13,9,B+1.0,4.2069,59000
2023-05-24 20:20:16,9,B+1.0,4.2021,59000
2023-05-24 20:20:19,9,B+1.0,4.1961,59000
2023-05-24 20:20:23,11,B+1.0,4.2006,59000
2023-05-24 20:20:29,14,W+1.0,4.2165,59000
2023-05-24 20:20:34,11,B+1.0,4.223,59000
2023-05-24 20:20:38,9,B+1.0,4.2231,59000
2023-05-24 20:20:41,9,B+1.0,4.2198,59000
2023-05-24 20:20:45,11,B+1.0,4.2057,59000
2023-05-24 20:20:49,11,B+1.0,4.2004,59000
2023-05-24 20:20:52,9,B+1.0,4.2011,59000
2023-05-24 20:20:59,16,W+1.0,4.2351,59000
2023-05-24 20:21:03,10,W+1.0,4.2045,59000
2023-05-24 20:21:08,12,W+1.0,4.2043,59000
2023-05-24 20:21:11,9,B+1.0,4.1954,59000
2023-05-24 20:21:15,9,B+1.0,4.194,59000
2023-05-24 20:21:23,17,B+1.0,4.2212,59000
2023-05-24 20:21:29,14,W+1.0,4.252,59000
2023-05-24 20:22:21,12,W+1.0,4.2604,60000
2023-05-24 20:22:27,13,B+1.0,4.2555,60000
2023-05-24 20:22:31,9,B+1.0,4.2513,60000
2023-05-24 20:22:35,10,W+1.0,4.2254,60000
2023-05-24 20:22:38,9,B+1.0,4.2246,60000
2023-05-24 20:22:42,11,B+1.0,4.2304,60000
2023-05-24 20:22:46,9,B+1.0,4.2228,60000
2023-05-24 20:22:49,9,B+1.0,4.2261,60000
2023-05-24 20:22:52,10,W+1.0,4.2273,60000
2023-05-24 20:22:55,9,B+1.0,4.2218,60000
2023-05-24 20:23:00,13,B+1.0,4.2233,60000
2023-05-24 20:23:05,12,W+1.0,4.2346,60000
2023-05-24 20:23:10,11,B+1.0,4.2266,60000
2023-05-24 20:23:15,13,B+1.0,4.2124,60000
2023-05-24 20:23:21,15,B+1.0,4.2355,60000
2023-05-24 20:23:25,9,B+1.0,4.2369,60000
2023-05-24 20:23:28,9,B+1.0,4.2415,60000
2023-05-24 20:23:32,9,B+1.0,4.2393,60000
2023-05-24 20:23:35,9,B+1.0,4.2179,60000
2023-05-24 20:23:38,9,B+1.0,4.2181,60000
2023-05-24 20:23:41,9,B+1.0,4.2084,60000
2023-05-24 20:23:45,10,W+1.0,4.2121,60000
2023-05-24 20:23:49,9,B+1.0,4.2187,60000
2023-05-24 20:23:52,10,W+1.0,4.2239,60000
2023-05-24 20:23:56,11,B+1.0,4.2359,60000
2023-05-24 20:24:00,9,B+1.0,4.1896,60000
2023-05-24 20:24:03,9,B+1.0,4.1896,60000
2023-05-24 20:24:07,9,B+1.0,4.2,60000
2023-05-24 20:24:11,9,B+1.0,4.1707,60000
2023-05-24 20:24:17,15,B+1.0,4.1889,60000
2023-05-24 20:24:20,9,B+1.0,4.1919,60000
2023-05-24 20:24:25,14,W+1.0,4.1954,60000
2023-05-24 20:24:30,10,W+1.0,4.1624,60000
2023-05-24 20:24:33,9,B+1.0,4.1657,60000
2023-05-24 20:24:36,9,B+1.0,4.1356,60000
2023-05-24 20:24:41,14,W+1.0,4.1447,60000
2023-05-24 20:24:45,9,B+1.0,4.1274,60000
2023-05-24 20:24:48,9,B+1.0,4.1235,60000
2023-05-24 20:24:51,9,B+1.0,4.1278,60000
2023-05-24 20:24:55,9,B+1.0,4.1407,60000
2023-05-24 20:25:03,17,B+1.0,4.1758,60000
2023-05-24 20:25:06,9,B+1.0,4.1786,60000
2023-05-24 20:25:56,14,W+1.0,4.15,61000
2023-05-24 20:26:01,12,W+1.0,4.1574,61000
2023-05-24 20:26:06,11,B+1.0,4.1655,61000
2023-05-24 20:26:09,9,B+1.0,4.1542,61000
2023-05-24 20:26:13,9,B+1.0,4.1522,61000
2023-05-24 20:26:17,9,B+1.0,4.1663,61000
2023-05-24 20:26:20,9,B+1.0,4.1418,61000
2023-05-24 20:26:23,9,B+1.0,4.1244,61000
2023-05-24 20:26:26,9,B+1.0,4.0976,61000
2023-05-24 20:26:31,13,B+1.0,4.1164,61000
2023-05-24 20:26:34,9,B+1.0,4.1182,61000
2023-05-24 20:26:38,9,B+1.0,4.1238,61000
2023-05-24 20:26:41,9,B+1.0,4.1242,61000
2023-05-24 20:26:44,9,B+1.0,4.1099,61000
2023-05-24 20:26:48,9,B+1.0,4.1001,61000
2023-05-24 20:26:53,13,B+1.0,4.1142,61000
2023-05-24 20:26:56,9,B+1.0,4.0869,61000
2023-05-24 20:26:59,9,B+1.0,4.0786,61000
2023-05-24 20:27:01,9,B+1.0,4.0643,61000
2023-05-24 20:27:05,9,B+1.0,4.0478,61000
2023-05-24 20:27:10,17,B+1.0,4.0744,61000
2023-05-24 20:27:13,9,B+1.0,4.0694,61000
2023-05-24 20:27:17,9,B+1.0,4.0699,61000
2023-05-24 20:27:22,15,B+1.0,4.0623,61000
2023-05-24 20:27:25,9,B+1.0,4.0556,61000
2023-05-24 20:27:28,9,B+1.0,4.0487,61000
2023-05-24 20:27:31,9,B+1.0,4.0455,61000
2023-05-24 20:27:36,11,B+1.0,4.0558,61000
2023-05-24 20:27:39,9,B+1.0,4.0456,61000
2023-05-24 20:27:42,9,B+1.0,4.0368,61000
2023-05-24 20:27:45,9,B+1.0,4.0274,61000
2023-05-24 20:27:48,9,B+1.0,4.0228,61000
2023-05-24 20:27:52,11,B+1.0,4.0296,61000
2023-05-24 20:27:55,9,B+1.0,4.0233,61000
2023-05-24 20:28:02,17,B+1.0,4.0533,61000
2023-05-24 20:28:11,25,B+1.0,4.0914,61000
2023-05-24 20:28:15,11,B+1.0,4.0865,61000
2023-05-24 20:28:19,9,B+1.0,4.0848,61000
2023-05-24 20:28:24,14,W+1.0,4.1041,61000
2023-05-24 20:28:27,11,B+1.0,4.1121,61000
2023-05-24 20:28:36,25,B+1.0,4.1708,61000
2023-05-24 20:28:40,9,B+1.0,4.161,61000
2023-05-24 20:28:44,11,B+1.0,4.1452,61000
2023-05-24 20:29:31,9,B+1.0,4.1235,62000
2023-05-24 20:29:35,10,W+1.0,4.1278,62000
2023-05-24 20:29:38,9,B+1.0,4.1233,62000
2023-05-24 20:29:42,9,B+1.0,4.1212,62000
2023-05-24 20:29:45,10,W+1.0,4.1243,62000
2023-05-24 20:29:49,9,B+1.0,4.0903,62000
2023-05-24 20:29:53,9,B+1.0,4.0931,62000
2023-05-24 20:29:55,9,B+1.0,4.0734,62000
2023-05-24 20:30:00,12,W+1.0,4.0829,62000
2023-05-24 20:30:05,14,W+1.0,4.102,62000
2023-05-24 20:30:09,9,B+1.0,4.0548,62000
2023-05-24 20:30:12,9,B+1.0,4.0199,62000
2023-05-24 20:30:16,12,W+1.0,4.0006,62000
2023-05-24 20:30:24,17,B+1.0,4.03,62000
2023-05-24 20:30:27,10,W+1.0,4.0075,62000
2023-05-24 20:30:31,11,B+1.0,4.0103,62000
2023-05-24 20:30:35,9,B+1.0,4.0055,62000
2023-05-24 20:30:42,19,B+1.0,4.0536,62000
2023-05-24 20:30:46,9,B+1.0,4.0402,62000
2023-05-24 20:30:49,9,B+1.0,4.0387,62000
2023-05-24 20:30:52,9,B+1.0,4.0397,62000
2023-05-24 20:30:56,9,B+1.0,4.0381,62000
2023-05-24 20:30:58,9,B+1.0,4.0366,62000
2023-05-24 20:31:01,9,B+1.0,4.0163,62000
2023-05-24 20:31:05,9,B+1.0,3.9979,62000
2023-05-24 20:31:08,9,B+1.0,3.9908,62000
2023-05-24 20:31:12,9,B+1.0,3.9677,62000
2023-05-24 20:31:15,9,B+1.0,3.9475,62000
2023-05-24 20:31:21,13,B+1.0,3.9642,62000
2023-05-24 20:31:28,25,B+1.0,4.0104,62000
2023-05-24 20:31:32,9,B+1.0,4.0053,62000
2023-05-24 20:31:35,9,B+1.0,4.0072,62000
2023-05-24 20:31:40,12,W+1.0,4.0187,62000
2023-05-24 20:31:43,9,B+1.0,4.0215,62000
2023-05-24 20:31:50,17,B+1.0,4.0502,62000
2023-05-24 20:31:54,11,B+1.0,4.0653,62000
2023-05-24 20:31:58,9,B+1.0,4.0585,62000
2023-05-24 20:32:03,14,W+1.0,4.0708,62000
2023-05-24 20:32:07,11,B+1.0,4.0781,62000
2023-05-24 20:32:10,9,B+1.0,4.0741,62000
2023-05-24 20:32:15,13,B+1.0,4.086,62000
2023-05-24 20:32:18,9,B+1.0,4.0821,62000
2023-05-24 20:32:22,9,B+1.0,4.053,62000
2023-05-24 20:32:25,9,B+1.0,4.0517,62000
2023-05-24 20:33:09,9,B+1.0,4.0352,63000
2023-05-24 20:33:13,9,B+1.0,4.0396,63000
2023-05-24 20:33:17,10,W+1.0,4.0493,63000
2023-05-24 20:33:22,14,W+1.0,4.0463,63000
2023-05-24 20:33:25,9,B+1.0,4.0436,63000
2023-05-24 20:33:29,9,B+1.0,4.0484,63000
2023-05-24 20:33:32,9,B+1.0,4.0464,63000
2023-05-24 20:33:36,11,B+1.0,4.0465,63000
2023-05-24 20:33:40,11,B+1.0,4.0105,63000
2023-05-24 20:33:44,9,B+1.0,4.0127,63000
2023-05-24 20:33:47,9,B+1.0,3.9825,63000
2023-05-24 20:33:51,11,B+1.0,3.9719,63000
2023-05-24 20:33:57,15,B+1.0,3.9873,63000
2023-05-24 20:34:00,9,B+1.0,3.9725,63000
2023-05-24 20:34:04,9,B+1.0,3.9751,63000
2023-05-24 20:34:07,9,B+1.0,3.9714,63000
2023-05-24 20:34:11,11,B+1.0,3.9775,63000
2023-05-24 20:34:14,9,B+1.0,3.9744,63000
2023-05-24 20:34:20,15,B+1.0,3.9985,63000
2023-05-24 20:34:24,10,W+1.0,4.0097,63000
2023-05-24 20:34:33,24,W+1.0,4.048,63000
2023-05-24 20:34:36,9,B+1.0,4.0452,63000
2023-05-24 20:34:39,9,B+1.0,4.0459,63000
2023-05-24 20:34:45,13,B+1.0,4.0709,63000
2023-05-24 20:34:50,14,W+1.0,4.0892,63000
2023-05-24 20:34:54,9,B+1.0,4.0889,63000
2023-05-24 20:34:58,15,B+1.0,4.0893,63000
2023-05-24 20:35:01,9,B+1.0,4.0846,63000
2023-05-24 20:35:04,9,B+1.0,4.0893,63000
2023-05-24 20:35:08,9,B+1.0,4.094,63000
2023-05-24 20:35:12,11,B+1.0,4.1025,63000
2023-05-24 20:35:16,9,B+1.0,4.0815,63000
2023-05-24 20:35:20,14,W+1.0,4.0921,63000
2023-05-24 20:35:23,9,B+1.0,4.092,63000
2023-05-24 20:35:28,11,B+1.0,4.087,63000
2023-05-24 20:35:31,9,B+1.0,4.0899,63000
2023-05-24 20:35:36,14,W+1.0,4.1078,63000
2023-05-24 20:35:43,17,B+1.0,4.1422,63000
2023-05-24 20:35:46,9,B+1.0,4.1304,63000
2023-05-24 20:35:50,10,W+1.0,4.1369,63000
2023-05-24 20:35:55,14,W+1.0,4.1662,63000
2023-05-24 20:36:01,13,B+1.0,4.1882,63000
2023-05-24 20:36:50,14,W+1.0,4.2119,64000
2023-05-24 20:36:54,9,B+1.0,4.2157,64000
2023-05-24 20:36:57,9,B+1.0,4.1796,64000
2023-05-24 20:37:01,9,B+1.0,4.1294,64000
2023-05-24 20:37:05,9,B+1.0,4.1267,64000
2023-05-24 20:37:12,17,B+1.0,4.1624,64000
2023-05-24 20:37:15,9,B+1.0,4.1437,64000
2023-05-24 20:37:20,14,W+1.0,4.1568,64000
2023-05-24 20:37:23,9,B+1.0,4.0976,64000
2023-05-24 20:37:26,9,B+1.0,4.0904,64000
2023-05-24 20:37:29,9,B+1.0,4.0795,64000
2023-05-24 20:37:33,12,W+1.0,4.0927,64000
2023-05-24 20:37:39,15,B+1.0,4.1121,64000
2023-05-24 20:37:42,9,B+1.0,4.106,64000
2023-05-24 20:37:46,9,B+1.0,4.1093,64000
2023-05-24 20:37:50,11,B+1.0,4.1169,64000
2023-05-24 20:37:53,9,B+1.0,4.1125,64000
2023-05-24 20:38:01,15,B+1.0,4.1513,64000
2023-05-24 20:38:04,9,B+1.0,4.1417,64000
2023-05-24 20:38:07,9,B+1.0,4.1493,64000
2023-05-24 20:38:11,10,W+1.0,4.1422,64000
2023-05-24 20:38:15,9,B+1.0,4.1253,64000
2023-05-24 20:38:18,9,B+1.0,4.1245,64000
2023-05-24 20:38:23,12,W+1.0,4.1426,64000
2023-05-24 20:38:27,11,B+1.0,4.1421,64000
2023-05-24 20:38:31,11,B+1.0,4.1065,64000
2023-05-24 20:38:36,13,B+1.0,4.1174,64000
2023-05-24 20:38:39,9,B+1.0,4.1146,64000
2023-05-24 20:38:43,9,B+1.0,4.1163,64000
2023-05-24 20:38:46,9,B+1.0,4.0712,64000
2023-05-24 20:38:50,9,B+1.0,4.07,64000
2023-05-24 20:38:53,9,B+1.0,4.0726,64000
2023-05-24 20:38:56,9,B+1.0,4.0742,64000
2023-05-24 20:39:01,12,W+1.0,4.085,64000
2023-05-24 20:39:04,9,B+1.0,4.0877,64000
2023-05-24 20:39:09,11,B+1.0,4.1064,64000
2023-05-24 20:39:13,11,B+1.0,4.1161,64000
2023-05-24 20:39:17,11,B+1.0,4.1208,64000
2023-05-24 20:39:20,9,B+1.0,4.1211,64000
2023-05-24 20:39:23,9,B+1.0,4.1096,64000
2023-05-24 20:39:27,9,B+1.0,4.0916,64000
2023-05-24 20:39:30,11,B+1.0,4.0519,64000
2023-05-24 20:39:35,13,B+1.0,4.0665,64000
2023-05-24 20:39:40,14,W+1.0,4.0837,64000
2023-05-24 20:39:43,9,B+1.0,4.0688,64000
2023-05-24 20:40:29,9,B+1.0,4.0429,65000
2023-05-24 20:40:32,9,B+1.0,4.0267,65000
2023-05-24 20:40:36,9,B+1.0,4.0315,65000
2023-05-24 20:40:40,10,W+1.0,4.0194,65000
2023-05-24 20:40:45,12,W+1.0,4.0284,65000
2023-05-24 20:40:48,9,B+1.0,4.0343,65000
2023-05-24 20:40:53,12,W+1.0,4.0281,65000
2023-05-24 20:40:58,11,B+1.0,4.0476,65000
2023-05-24 20:41:01,9,B+1.0,4.0497,65000
2023-05-24 20:41:05,10,W+1.0,4.0555,65000
2023-05-24 20:41:10,12,W+1.0,4.0629,65000
2023-05-24 20:41:14,9,B+1.0,4.0624,65000
2023-05-24 20:41:19,14,W+1.0,4.0777,65000
2023-05-24 20:41:22,9,B+1.0,4.0713,65000
2023-05-24 20:41:27,11,B+1.0,4.0642,65000
2023-05-24 20:41:30,9,B+1.0,4.0644,65000
2023-05-24 20:41:33,10,W+1.0,4.0655,65000
2023-05-24 20:41:38,10,W+1.0,4.0736,65000
2023-05-24 20:41:43,15,B+1.0,4.0887,65000
2023-05-24 20:41:47,9,B+1.0,4.0875,65000
2023-05-24 20:41:51,9,B+1.0,4.0904,65000
2023-05-24 20:41:56,15,B+1.0,4.1167,65000
2023-05-24 20:42:00,9,B+1.0,4.1103,65000
2023-05-24 20:42:05,11,B+1.0,4.099,65000
2023-05-24 20:42:11,15,B+1.0,4.1256,65000
2023-05-24 20:42:15,9,B+1.0,4.1253,65000
2023-05-24 20:42:18,10,W+1.0,4.1277,65000
2023-05-24 20:42:22,11,B+1.0,4.1266,65000
2023-05-24 20:42:25,9,B+1.0,4.1255,65000
2023-05-24 20:42:30,12,W+1.0,4.1121,65000
2023-05-24 20:42:32,9,B+1.0,4.1019,65000
2023-05-24 20:42:41,23,B+1.0,4.0981,65000
2023-05-24 20:42:44,9,B+1.0,4.1043,65000
2023-05-24 20:42:48,10,W+1.0,4.1081,65000
2023-05-24 20:42:52,10,W+1.0,4.0889,65000
2023-05-24 20:42:55,9,B+1.0,4.0698,65000
2023-05-24 20:42:59,9,B+1.0,4.0707,65000
2023-05-24 20:43:03,11,B+1.0,4.0637,65000
2023-05-24 20:43:07,9,B+1.0,4.0735,65000
2023-05-24 20:43:11,13,B+1.0,4.0879,65000
2023-05-24 20:43:17,14,W+1.0,4.1171,65000
2023-05-24 20:43:23,14,W+1.0,4.1247,65000
2023-05-24 20:43:26,10,W+1.0,4.124,65000
2023-05-24 20:44:18,23,B+1.0,4.1817,66000
2023-05-24 20:44:23,13,B+1.0,4.1882,66000
2023-05-24 20:44:28,14,W+1.0,4.2092,66000
2023-05-24 20:44:32,9,B+1.0,4.1957,66000
2023-05-24 20:44:37,14,W+1.0,4.1805,66000
2023-05-24 20:44:42,14,W+1.0,4.1972,66000
2023-05-24 20:44:46,9,B+1.0,4.1977,66000
2023-05-24 20:44:50,12,W+1.0,4.1844,66000
2023-05-24 20:44:56,13,B+1.0,4.186,66000
2023-05-24 20:45:02,13,B+1.0,4.1956,66000
2023-05-24 20:45:05,9,B+1.0,4.1834,66000
2023-05-24 20:45:09,9,B+1.0,4.1837,66000
2023-05-24 20:45:13,11,B+1.0,4.1946,66000
2023-05-24 20:45:17,9,B+1.0,4.1942,66000
2023-05-24 20:45:23,15,B+1.0,4.2132,66000
2023-05-24 20:45:28,11,B+1.0,4.1937,66000
2023-05-24 20:45:31,9,B+1.0,4.1934,66000
2023-05-24 20:45:35,12,W+1.0,4.185,66000
2023-05-24 20:45:40,14,W+1.0,4.2082,66000
2023-05-24 20:45:44,11,B+1.0,4.2194,66000
2023-05-24 20:45:48,11,B+1.0,4.2244,66000
2023-05-24 20:45:52,11,B+1.0,4.2225,66000
2023-05-24 20:45:57,13,B+1.0,4.2178,66000
2023-05-24 20:46:02,14,W+1.0,4.2325,66000
2023-05-24 20:46:05,9,B+1.0,4.2288,66000
2023-05-24 20:46:10,12,W+1.0,4.2291,66000
2023-05-24 20:46:13,9,B+1.0,4.2313,66000
2023-05-24 20:46:17,11,B+1.0,4.2006,66000
2023-05-24 20:46:22,12,W+1.0,4.2214,66000
2023-05-24 20:46:27,12,W+1.0,4.2318,66000
2023-05-24 20:46:31,12,W+1.0,4.233,66000
2023-05-24 20:46:34,9,B+1.0,4.2311,66000
2023-05-24 20:46:42,20,W+1.0,4.2695,66000
2023-05-24 20:46:46,11,B+1.0,4.2658,66000
2023-05-24 20:46:50,9,B+1.0,4.2581,66000
2023-05-24 20:46:53,9,B+1.0,4.2479,66000
2023-05-24 20:46:56,9,B+1.0,4.2381,66000
2023-05-24 20:46:59,9,B+1.0,4.233,66000
2023-05-24 20:47:02,9,B+1.0,4.2243,66000
2023-05-24 20:47:05,9,B+1.0,4.2253,66000
2023-05-24 20:47:54,15,B+1.0,4.2384,67000
2023-05-24 20:47:59,13,B+1.0,4.2595,67000
2023-05-24 20:48:04,11,B+1.0,4.2603,67000
2023-05-24 20:48:08,11,B+1.0,4.2759,67000
2023-05-24 20:48:15,19,B+1.0,4.2932,67000
2023-05-24 20:48:21,15,B+1.0,4.3122,67000
2023-05-24 20:48:24,9,B+1.0,4.3062,67000
2023-05-24 20:48:28,9,B+1.0,4.3097,67000
2023-05-24 20:48:31,9,B+1.0,4.3161,67000
2023-05-24 20:48:39,19,B+1.0,4.3532,67000
2023-05-24 20:48:43,10,W+1.0,4.3546,67000
2023-05-24 20:48:46,9,B+1.0,4.3447,67000
2023-05-24 20:48:53,18,W+1.0,4.3641,67000
2023-05-24 20:48:57,9,B+1.0,4.3718,67000
2023-05-24 20:49:01,9,B+1.0,4.3668,67000
2023-05-24 20:49:04,9,B+1.0,4.3689,67000
2023-05-24 20:49:08,10,W+1.0,4.3731,67000
2023-05-24 20:49:15,15,B+1.0,4.4059,67000
2023-05-24 20:49:18,9,B+1.0,4.4021,67000
2023-05-24 20:49:22,10,W+1.0,4.3913,67000
2023-05-24 20:49:26,9,B+1.0,4.3894,67000
2023-05-24 20:49:31,14,W+1.0,4.3898,67000
2023-05-24 20:49:38,17,B+1.0,4.4173,67000
2023-05-24 20:49:42,11,B+1.0,4.4235,67000
2023-05-24 20:49:47,11,B+1.0,4.4292,67000
2023-05-24 20:49:51,11,B+1.0,4.4235,67000
2023-05-24 20:49:56,11,B+1.0,4.435,67000
2023-05-24 20:49:59,9,B+1.0,4.4161,67000
2023-05-24 20:50:03,9,B+1.0,4.4189,67000
2023-05-24 20:50:08,11,B+1.0,4.4244,67000
2023-05-24 20:50:11,9,B+1.0,4.422,67000
2023-05-24 20:50:16,13,B+1.0,4.4354,67000
2023-05-24 20:50:20,11,B+1.0,4.4425,67000
2023-05-24 20:50:24,9,B+1.0,4.4256,67000
2023-05-24 20:50:30,15,B+1.0,4.445,67000
2023-05-24 20:50:33,9,B+1.0,4.4352,67000
2023-05-24 20:50:36,9,B+1.0,4.4158,67000
2023-05-24 20:50:40,9,B+1.0,4.4171,67000
2023-05-24 20:51:25,10,W+1.0,4.3801,68000
2023-05-24 20:51:32,18,W+1.0,4.4128,68000
2023-05-24 20:51:37,14,W+1.0,4.43,68000
2023-05-24 20:51:42,13,B+1.0,4.4324,68000
2023-05-24 20:51:45,9,B+1.0,4.4355,68000
2023-05-24 20:51:49,11,B+1.0,4.4294,68000
2023-05-24 20:51:52,9,B+1.0,4.433,68000
2023-05-24 20:51:56,10,W+1.0,4.392,68000
2023-05-24 20:52:00,9,B+1.0,4.386,68000
2023-05-24 20:52:03,11,B+1.0,4.3872,68000
2023-05-24 20:52:09,15,B+1.0,4.4058,68000
2023-05-24 20:52:12,9,B+1.0,4.4003,68000
2023-05-24 20:52:15,9,B+1.0,4.3998,68000
2023-05-24 20:52:18,9,B+1.0,4.3894,68000
2023-05-24 20:52:21,9,B+1.0,4.3825,68000
2023-05-24 20:52:25,9,B+1.0,4.3703,68000
2023-05-24 20:52:30,14,W+1.0,4.3606,68000
2023-05-24 20:52:33,9,B+1.0,4.3428,68000
2023-05-24 20:52:37,9,B+1.0,4.3424,68000
2023-05-24 20:52:40,9,B+1.0,4.3325,68000
2023-05-24 20:52:46,15,B+1.0,4.3024,68000
2023-05-24 20:52:51,14,W+1.0,4.3047,68000
2023-05-24 20:52:55,11,B+1.0,4.2919,68000
2023-05-24 20:53:00,13,B+1.0,4.2988,68000
2023-05-24 20:53:05,14,W+1.0,4.2993,68000
2023-05-24 20:53:10,11,B+1.0,4.2971,68000
2023-05-24 20:53:15,13,B+1.0,4.3139,68000
2023-05-24 20:53:19,11,B+1.0,4.3088,68000
2023-05-24 20:53:23,11,B+1.0,4.2933,68000
2023-05-24 20:53:28,14,W+1.0,4.285,68000
2023-05-24 20:53:33,11,B+1.0,4.2912,68000
2023-05-24 20:53:36,9,B+1.0,4.2885,68000
2023-05-24 20:53:39,9,B+1.0,4.2722,68000
2023-05-24 20:53:45,17,B+1.0,4.2973,68000
2023-05-24 20:53:48,9,B+1.0,4.269,68000
2023-05-24 20:53:52,11,B+1.0,4.2589,68000
2023-05-24 20:53:55,9,B+1.0,4.2614,68000
2023-05-24 20:53:59,9,B+1.0,4.254,68000
2023-05-24 20:54:02,9,B+1.0,4.2317,68000
2023-05-24 20:54:05,9,B+1.0,4.2238,68000
2023-05-24 20:54:09,11,B+1.0,4.2304,68000
2023-05-24 20:54:13,9,B+1.0,4.2265,68000
2023-05-24 20:54:16,9,B+1.0,4.2131,68000
2023-05-24 20:55:02,9,B+1.0,4.2245,69000
2023-05-24 20:55:05,9,B+1.0,4.2157,69000
2023-05-24 20:55:10,11,B+1.0,4.2247,69000
2023-05-24 20:55:16,15,B+1.0,4.2437,69000
2023-05-24 20:55:24,19,B+1.0,4.2694,69000
2023-05-24 20:55:27,9,B+1.0,4.2572,69000
2023-05-24 20:55:30,9,B+1.0,4.2513,69000
2023-05-24 20:55:36,14,W+1.0,4.2692,69000
2023-05-24 20:55:40,11,B+1.0,4.2376,69000
2023-05-24 20:55:44,12,W+1.0,4.2421,69000
2023-05-24 20:55:47,9,B+1.0,4.2357,69000
2023-05-24 20:55:53,15,B+1.0,4.2673,69000
2023-05-24 20:55:58,11,B+1.0,4.2734,69000
2023-05-24 20:56:01,9,B+1.0,4.2716,69000
2023-05-24 20:56:04,9,B+1.0,4.273,69000
2023-05-24 20:56:09,13,B+1.0,4.2919,69000
2023-05-24 20:56:12,9,B+1.0,4.3027,69000
2023-05-24 20:56:15,9,B+1.0,4.2761,69000
2023-05-24 20:56:19,9,B+1.0,4.2565,69000
2023-05-24 20:56:24,11,B+1.0,4.258,69000
2023-05-24 20:56:28,11,B+1.0,4.2585,69000
2023-05-24 20:56:31,9,B+1.0,4.2248,69000
2023-05-24 20:56:36,12,W+1.0,4.206,69000
2023-05-24 20:56:39,9,B+1.0,4.2045,69000
2023-05-24 20:56:43,11,B+1.0,4.208,69000
2023-05-24 20:56:46,9,B+1.0,4.2069,69000
2023-05-24 20:56:51,11,B+1.0,4.1836,69000
2023-05-24 20:56:55,9,B+1.0,4.1789,69000
2023-05-24 20:56:59,11,B+1.0,4.1915,69000
2023-05-24 20:57:05,15,B+1.0,4.1741,69000
2023-05-24 20:57:11,15,B+1.0,4.2003,69000
2023-05-24 20:57:15,9,B+1.0,4.1989,69000
2023-05-24 20:57:18,9,B+1.0,4.1936,69000
2023-05-24 20:57:23,11,B+1.0,4.2052,69000
2023-05-24 20:57:26,9,B+1.0,4.1705,69000
2023-05-24 20:57:30,9,B+1.0,4.1701,69000
2023-05-24 20:57:35,15,B+1.0,4.1856,69000
2023-05-24 20:57:43,19,B+1.0,4.2282,69000
2023-05-24 20:57:48,14,W+1.0,4.2356,69000
2023-05-24 20:58:39,21,B+1.0,4.2302,70000
2023-05-24 20:58:46,15,B+1.0,4.2525,70000
2023-05-24 20:58:50,9,B+1.0,4.2463,70000
2023-05-24 20:58:53,9,B+1.0,4.2372,70000
2023-05-24 20:59:00,15,B+1.0,4.2658,70000
2023-05-24 20:59:03,9,B+1.0,4.2623,70000
2023-05-24 20:59:06,9,B+1.0,4.2488,70000
2023-05-24 20:59:11,11,B+1.0,4.2621,70000
2023-05-24 20:59:14,9,B+1.0,4.2473,70000
2023-05-24 20:59:18,9,B+1.0,4.2331,70000
2023-05-24 20:59:21,9,B+1.0,4.2317,70000
2023-05-24 20:59:25,11,B+1.0,4.2163,70000
2023-05-24 20:59:29,10,W+1.0,4.2243,70000
2023-05-24 20:59:32,9,B+1.0,4.2184,70000
2023-05-24 20:59:36,9,B+1.0,4.2186,70000
2023-05-24 20:59:39,9,B+1.0,4.2126,70000
2023-05-24 20:59:43,9,B+1.0,4.2138,70000
2023-05-24 20:59:47,12,W+1.0,4.1923,70000
2023-05-24 20:59:54,15,B+1.0,4.2056,70000
2023-05-24 20:59:58,9,B+1.0,4.2005,70000
2023-05-24 21:00:02,10,W+1.0,4.2086,70000
2023-05-24 21:00:07,14,W+1.0,4.2246,70000
2023-05-24 21:00:11,9,B+1.0,4.2251,70000
2023-05-24 21:00:14,9,B+1.0,4.2214,70000
2023-05-24 21:00:18,9,B+1.0,4.2282,70000
2023-05-24 21:00:22,9,B+1.0,4.2231,70000
2023-05-24 21:00:27,12,W+1.0,4.2158,70000
2023-05-24 21:00:30,9,B+1.0,4.2196,70000
2023-05-24 21:00:33,11,B+1.0,4.2234,70000
2023-05-24 21:00:37,9,B+1.0,4.2271,70000
2023-05-24 21:00:41,9,B+1.0,4.2337,70000
2023-05-24 21:00:44,9,B+1.0,4.2371,70000
2023-05-24 21:00:48,9,B+1.0,4.2218,70000
2023-05-24 21:00:52,9,B+1.0,4.2244,70000
2023-05-24 21:00:55,9,B+1.0,4.2233,70000
2023-05-24 21:00:58,9,B+1.0,4.2222,70000
2023-05-24 21:01:04,14,W+1.0,4.2208,70000
2023-05-24 21:01:07,9,B+1.0,4.1989,70000
2023-05-24 21:01:13,15,B+1.0,4.2152,70000
2023-05-24 21:01:17,9,B+1.0,4.2116,70000
2023-05-24 21:01:20,9,B+1.0,4.1925,70000
2023-05-24 21:02:07,11,B+1.0,4.1638,71000
2023-05-24 21:02:10,9,B+1.0,4.1559,71000
2023-05-24 21:02:13,9,B+1.0,4.1465,71000
2023-05-24 21:02:17,11,B+1.0,4.1357,71000
2023-05-24 21:02:20,9,B+1.0,4.1257,71000
2023-05-24 21:02:24,9,B+1.0,4.1288,71000
2023-05-24 21:02:27,9,B+1.0,4.13,71000
2023-05-24 21:02:30,9,B+1.0,4.1008,71000
2023-05-24 21:02:34,11,B+1.0,4.1123,71000
2023-05-24 21:02:38,9,B+1.0,4.1085,71000
2023-05-24 21:02:41,11,B+1.0,4.1138,71000
2023-05-24 21:02:45,9,B+1.0,4.1079,71000
2023-05-24 21:02:49,11,B+1.0,4.1236,71000
2023-05-24 21:02:53,9,B+1.0,4.1262,71000
2023-05-24 21:03:00,16,W+1.0,4.1504,71000
2023-05-24 21:03:03,9,B+1.0,4.144,71000
2023-05-24 21:03:06,9,B+1.0,4.1456,71000
2023-05-24 21:03:10,9,B+1.0,4.1276,71000
2023-05-24 21:03:13,9,B+1.0,4.1205,71000
2023-05-24 21:03:16,9,B+1.0,4.1164,71000
2023-05-24 21:03:19,9,B+1.0,4.1051,71000
2023-05-24 21:03:25,17,B+1.0,4.1012,71000
2023-05-24 21:03:30,12,W+1.0,4.0707,71000
2023-05-24 21:03:33,9,B+1.0,4.0716,71000
2023-05-24 21:03:40,19,B+1.0,4.1062,71000
2023-05-24 21:03:43,9,B+1.0,4.0849,71000
2023-05-24 21:03:47,9,B+1.0,4.0806,71000
2023-05-24 21:03:52,13,B+1.0,4.0833,71000
2023-05-24 21:03:57,14,W+1.0,4.1104,71000
2023-05-24 21:04:01,9,B+1.0,4.0835,71000
2023-05-24 21:04:05,12,W+1.0,4.0844,71000
2023-05-24 21:04:10,11,B+1.0,4.0985,71000
2023-05-24 21:04:14,11,B+1.0,4.1102,71000
2023-05-24 21:04:17,9,B+1.0,4.0888,71000
2023-05-24 21:04:23,17,B+1.0,4.1192,71000
2023-05-24 21:04:26,9,B+1.0,4.1196,71000
2023-05-24 21:04:29,9,B+1.0,4.1167,71000
2023-05-24 21:04:33,11,B+1.0,4.1018,71000
2023-05-24 21:04:36,11,B+1.0,4.0887,71000
2023-05-24 21:04:39,9,B+1.0,4.0871,71000
2023-05-24 21:04:42,9,B+1.0,4.0766,71000
2023-05-24 21:04:45,9,B+1.0,4.0751,71000
2023-05-24 21:04:49,9,B+1.0,4.0652,71000
2023-05-24 21:04:52,9,B+1.0,4.0664,71000
2023-05-24 21:04:55,9,B+1.0,4.0504,71000
2023-05-24 21:05:42,9,B+1.0,4.0347,72000
2023-05-24 21:05:46,10,W+1.0,4.0208,72000
2023-05-24 21:05:49,9,B+1.0,3.9895,72000
2023-05-24 21:05:53,9,B+1.0,3.9942,72000
2023-05-24 21:05:57,11,B+1.0,4.0024,72000
2023-05-24 21:06:02,11,B+1.0,3.9996,72000
2023-05-24 21:06:05,9,B+1.0,3.9967,72000
2023-05-24 21:06:09,11,B+1.0,3.9985,72000
2023-05-24 21:06:12,9,B+1.0,3.9742,72000
2023-05-24 21:06:16,14,W+1.0,3.9419,72000
2023-05-24 21:06:19,9,B+1.0,3.9197,72000
2023-05-24 21:06:23,9,B+1.0,3.9178,72000
2023-05-24 21:06:26,9,B+1.0,3.8743,72000
2023-05-24 21:06:32,15,B+1.0,3.8638,72000
2023-05-24 21:06:35,9,B+1.0,3.8591,72000
2023-05-24 21:06:39,9,B+1.0,3.8608,72000
2023-05-24 21:06:43,12,W+1.0,3.8414,72000
2023-05-24 21:06:46,9,B+1.0,3.8412,72000
2023-05-24 21:06:49,9,B+1.0,3.8372,72000
2023-05-24 21:06:53,9,B+1.0,3.8255,72000
2023-05-24 21:06:57,11,B+1.0,3.8308,72000
2023-05-24 21:07:00,9,B+1.0,3.8314,72000
2023-05-24 21:07:06,15,B+1.0,3.8488,72000
2023-05-24 21:07:09,9,B+1.0,3.8447,72000
2023-05-24 21:07:13,9,B+1.0,3.8417,72000
2023-05-24 21:07:19,16,W+1.0,3.8773,72000
2023-05-24 21:07:23,9,B+1.0,3.8774,72000
2023-05-24 21:07:27,10,W+1.0,3.8838,72000
2023-05-24 21:07:30,9,B+1.0,3.8817,72000
2023-05-24 21:07:34,9,B+1.0,3.8667,72000
2023-05-24 21:07:38,11,B+1.0,3.8436,72000
2023-05-24 21:07:41,10,W+1.0,3.8408,72000
2023-05-24 21:07:45,9,B+1.0,3.8368,72000
2023-05-24 21:07:49,9,B+1.0,3.8189,72000
2023-05-24 21:07:52,9,B+1.0,3.8142,72000
2023-05-24 21:07:56,11,B+1.0,3.8216,72000
2023-05-24 21:07:59,9,B+1.0,3.8164,72000
2023-05-24 21:08:03,9,B+1.0,3.8146,72000
2023-05-24 21:08:08,13,B+1.0,3.8163,72000
2023-05-24 21:08:11,9,B+1.0,3.8176,72000
2023-05-24 21:08:14,9,B+1.0,3.8126,72000
2023-05-24 21:08:17,9,B+1.0,3.8102,72000
2023-05-24 21:08:20,9,B+1.0,3.8015,72000
2023-05-24 21:09:11,9,B+1.0,3.8458,73000
2023-05-24 21:09:16,13,B+1.0,3.8572,73000
2023-05-24 21:09:19,9,B+1.0,3.8588,73000
2023-05-24 21:09:27,19,B+1.0,3.9017,73000
2023-05-24 21:09:30,9,B+1.0,3.8792,73000
2023-05-24 21:09:34,9,B+1.0,3.8804,73000
2023-05-24 21:09:39,15,B+1.0,3.8755,73000
2023-05-24 21:09:44,11,B+1.0,3.8823,73000
2023-05-24 21:09:49,11,B+1.0,3.8977,73000
2023-05-24 21:09:53,14,W+1.0,3.9173,73000
2023-05-24 21:09:58,11,B+1.0,3.9196,73000
2023-05-24 21:10:02,11,B+1.0,3.93,73000
2023-05-24 21:10:07,11,B+1.0,3.9483,73000
2023-05-24 21:10:10,9,B+1.0,3.9412,73000
2023-05-24 21:10:15,11,B+1.0,3.9555,73000
2023-05-24 21:10:19,9,B+1.0,3.9552,73000
2023-05-24 21:10:22,9,B+1.0,3.9582,73000
2023-05-24 21:10:25,9,B+1.0,3.9567,73000
2023-05-24 21:10:28,9,B+1.0,3.9463,73000
2023-05-24 21:10:32,10,W+1.0,3.9523,73000
2023-05-24 21:10:35,9,B+1.0,3.9468,73000
2023-05-24 21:10:41,12,W+1.0,3.9705,73000
2023-05-24 21:10:48,20,W+1.0,3.9951,73000
2023-05-24 21:10:54,15,B+1.0,4.0149,73000
2023-05-24 21:10:58,11,B+1.0,3.9888,73000
2023-05-24 21:11:03,15,B+1.0,4.0113,73000
2023-05-24 21:11:07,11,B+1.0,4.0141,73000
2023-05-24 21:11:12,15,B+1.0,4.0305,73000
2023-05-24 21:11:16,9,B+1.0,4.0348,73000
2023-05-24 21:11:20,13,B+1.0,4.0502,73000
2023-05-24 21:11:25,11,B+1.0,4.0581,73000
2023-05-24 21:11:29,13,B+1.0,4.0493,73000
2023-05-24 21:11:33,9,B+1.0,4.0404,73000
2023-05-24 21:11:39,15,B+1.0,4.0676,73000
2023-05-24 21:11:42,9,B+1.0,4.0289,73000
2023-05-24 21:11:45,9,B+1.0,4.0292,73000
2023-05-24 21:11:48,9,B+1.0,4.0247,73000
2023-05-24 21:11:52,9,B+1.0,4.0094,73000
2023-05-24 21:11:56,9,B+1.0,3.9908,73000
2023-05-24 21:12:41,9,B+1.0,3.978,74000
2023-05-24 21:12:44,9,B+1.0,3.968,74000
2023-05-24 21:12:50,15,B+1.0,3.9859,74000
2023-05-24 21:12:54,11,B+1.0,3.996,74000
2023-05-24 21:12:58,10,W+1.0,3.973,74000
2023-05-24 21:13:02,10,W+1.0,3.981,74000
2023-05-24 21:13:06,9,B+1.0,3.9875,74000
2023-05-24 21:13:10,11,B+1.0,3.9956,74000
2023-05-24 21:13:14,9,B+1.0,3.9962,74000
2023-05-24 21:13:18,9,B+1.0,4.0067,74000
2023-05-24 21:13:21,9,B+1.0,4.0116,74000
2023-05-24 21:13:25,9,B+1.0,4.0146,74000
2023-05-24 21:13:28,9,B+1.0,4.0173,74000
2023-05-24 21:13:34,16,W+1.0,4.042,74000
2023-05-24 21:13:37,9,B+1.0,4.0429,74000
2023-05-24 21:13:43,13,B+1.0,4.0695,74000
2023-05-24 21:13:47,9,B+1.0,4.0693,74000
2023-05-24 21:13:53,15,B+1.0,4.0842,74000
2023-05-24 21:13:56,9,B+1.0,4.0819,74000
2023-05-24 21:14:02,14,W+1.0,4.1034,74000
2023-05-24 21:14:05,9,B+1.0,4.1012,74000
2023-05-24 21:14:09,9,B+1.0,4.0913,74000
2023-05-24 21:14:14,11,B+1.0,4.1101,74000
2023-05-24 21:14:20,13,B+1.0,4.1355,74000
2023-05-24 21:14:23,9,B+1.0,4.136,74000
2023-05-24 21:14:27,9,B+1.0,4.1305,74000
2023-05-24 21:14:31,9,B+1.0,4.1326,74000
2023-05-24 21:14:36,13,B+1.0,4.1533,74000
2023-05-24 21:14:42,13,B+1.0,4.175,74000
2023-05-24 21:14:46,11,B+1.0,4.1629,74000
2023-05-24 21:14:50,11,B+1.0,4.1746,74000
2023-05-24 21:14:54,9,B+1.0,4.1748,74000
2023-05-24 21:14:57,9,B+1.0,4.1632,74000
2023-05-24 21:15:01,9,B+1.0,4.1655,74000
2023-05-24 21:15:06,15,B+1.0,4.1892,74000
2023-05-24 21:15:10,9,B+1.0,4.1907,74000
2023-05-24 21:15:16,13,B+1.0,4.2092,74000
2023-05-24 21:15:19,9,B+1.0,4.2044,74000
2023-05-24 21:15:23,11,B+1.0,4.193,74000
2023-05-24 21:15:27,9,B+1.0,4.1959,74000
2023-05-24 21:15:33,17,B+1.0,4.2236,74000
2023-05-24 21:16:17,9,B+1.0,4.1959,75000
2023-05-24 21:16:23,14,W+1.0,4.2147,75000
2023-05-24 21:16:28,11,B+1.0,4.2268,75000
2023-05-24 21:16:31,9,B+1.0,4.2304,75000
2023-05-24 21:16:36,11,B+1.0,4.233,75000
2023-05-24 21:16:39,9,B+1.0,4.2262,75000
2023-05-24 21:16:42,9,B+1.0,4.2204,75000
2023-05-24 21:16:45,9,B+1.0,4.2157,75000
2023-05-24 21:16:56,29,B+1.0,4.3,75000
2023-05-24 21:17:01,11,B+1.0,4.298,75000
2023-05-24 21:17:04,11,B+1.0,4.3031,75000
2023-05-24 21:17:09,11,B+1.0,4.3145,75000
2023-05-24 21:17:13,10,W+1.0,4.3029,75000
2023-05-24 21:17:16,9,B+1.0,4.3019,75000
2023-05-24 21:17:19,9,B+1.0,4.3014,75000
2023-05-24 21:17:22,9,B+1.0,4.3002,75000
2023-05-24 21:17:25,9,B+1.0,4.3034,75000
2023-05-24 21:17:28,9,B+1.0,4.2487,75000
2023-05-24 21:17:33,11,B+1.0,4.2574,75000
2023-05-24 21:17:36,9,B+1.0,4.2427,75000
2023-05-24 21:17:39,9,B+1.0,4.2399,75000
2023-05-24 21:17:44,14,W+1.0,4.2139,75000
2023-05-24 21:17:47,9,B+1.0,4.21,75000
2023-05-24 21:17:50,9,B+1.0,4.2101,75000
2023-05-24 21:17:55,11,B+1.0,4.203,75000
2023-05-24 21:17:58,9,B+1.0,4.1877,75000
2023-05-24 21:18:01,9,B+1.0,4.1685,75000
2023-05-24 21:18:06,11,B+1.0,4.1655,75000
2023-05-24 21:18:08,9,B+1.0,4.1479,75000
2023-05-24 21:18:12,9,B+1.0,4.1405,75000
2023-05-24 21:18:15,9,B+1.0,4.1268,75000
2023-05-24 21:18:18,9,B+1.0,4.1243,75000
2023-05-24 21:18:22,9,B+1.0,4.11,75000
2023-05-24 21:18:29,17,B+1.0,4.1449,75000
2023-05-24 21:18:33,11,B+1.0,4.1582,75000
2023-05-24 21:18:37,9,B+1.0,4.1639,75000
2023-05-24 21:18:41,9,B+1.0,4.1695,75000
2023-05-24 21:18:45,11,B+1.0,4.1688,75000
2023-05-24 21:18:48,9,B+1.0,4.1682,75000
2023-05-24 21:18:51,9,B+1.0,4.1448,75000
2023-05-24 21:18:54,9,B+1.0,4.1035,75000
2023-05-24 21:18:58,9,B+1.0,4.0864,75000
2023-05-24 21:19:02,12,W+1.0,4.0887,75000
2023-05-24 21:19:47,9,B+1.0,4.0613,76000
2023-05-24 21:19:52,11,B+1.0,4.0533,76000
2023-05-24 21:19:55,9,B+1.0,4.0538,76000
2023-05-24 21:19:59,9,B+1.0,4.04,76000
2023-05-24 21:20:03,11,B+1.0,4.0378,76000
2023-05-24 21:20:06,9,B+1.0,4.0235,76000
2023-05-24 21:20:09,9,B+1.0,4.0189,76000
2023-05-24 21:20:12,9,B+1.0,3.9884,76000
2023-05-24 21:20:17,12,W+1.0,4.0084,76000
2023-05-24 21:20:22,11,B+1.0,4.025,76000
2023-05-24 21:20:25,9,B+1.0,4.0237,76000
2023-05-24 21:20:29,12,W+1.0,4.0289,76000
2023-05-24 21:20:34,11,B+1.0,4.0352,76000
2023-05-24 21:20:37,9,B+1.0,4.0381,76000
2023-05-24 21:20:40,9,B+1.0,4.0332,76000
2023-05-24 21:20:43,9,B+1.0,4.0341,76000
2023-05-24 21:20:46,9,B+1.0,4.0061,76000
2023-05-24 21:20:51,11,B+1.0,4.009,76000
2023-05-24 21:20:56,13,B+1.0,4.0237,76000
2023-05-24 21:21:01,11,B+1.0,4.0251,76000
2023-05-24 21:21:05,11,B+1.0,4.0271,76000
2023-05-24 21:21:13,18,W+1.0,4.0675,76000
2023-05-24 21:21:16,9,B+1.0,4.0631,76000
2023-05-24 21:21:21,11,B+1.0,4.0756,76000
2023-05-24 21:21:26,13,B+1.0,4.0888,76000
2023-05-24 21:21:30,12,W+1.0,4.0962,76000
2023-05-24 21:21:35,14,W+1.0,4.1086,76000
2023-05-24 21:21:39,9,B+1.0,4.0887,76000
2023-05-24 21:21:42,9,B+1.0,4.0857,76000
2023-05-24 21:21:49,19,B+1.0,4.0982,76000
2023-05-24 21:21:53,11,B+1.0,4.1064,76000
2023-05-24 21:21:58,11,B+1.0,4.0978,76000
2023-05-24 21:22:01,9,B+1.0,4.1019,76000
2023-05-24 21:22:05,11,B+1.0,4.083,76000
2023-05-24 21:22:09,10,W+1.0,4.0838,76000
2023-05-24 21:22:13,10,W+1.0,4.0836,76000
2023-05-24 21:22:16,9,B+1.0,4.0658,76000
2023-05-24 21:22:19,9,B+1.0,4.0335,76000
2023-05-24 21:22:22,9,B+1.0,4.0335,76000
2023-05-24 21:22:26,9,B+1.0,4.0291,76000
2023-05-24 21:22:30,9,B+1.0,4.0338,76000
2023-05-24 21:22:34,12,W+1.0,4.026,76000
2023-05-24 21:23:26,21,B+1.0,4.0444,77000
2023-05-24 21:23:29,9,B+1.0,4.037,77000
2023-05-24 21:23:33,9,B+1.0,4.0384,77000
2023-05-24 21:23:38,11,B+1.0,4.0519,77000
2023-05-24 21:23:45,15,B+1.0,4.0841,77000
2023-05-24 21:23:48,9,B+1.0,4.067,77000
2023-05-24 21:23:52,9,B+1.0,4.0705,77000
2023-05-24 21:23:55,9,B+1.0,4.0464,77000
2023-05-24 21:24:01,11,B+1.0,4.0669,77000
2023-05-24 21:24:04,9,B+1.0,4.0597,77000
2023-05-24 21:24:08,9,B+1.0,4.0605,77000
2023-05-24 21:24:12,9,B+1.0,4.0348,77000
2023-05-24 21:24:16,9,B+1.0,4.0335,77000
2023-05-24 21:24:19,9,B+1.0,4.0349,77000
2023-05-24 21:24:23,9,B+1.0,4.0157,77000
2023-05-24 21:24:27,9,B+1.0,4.0051,77000
2023-05-24 21:24:33,12,W+1.0,4.0279,77000
2023-05-24 21:24:37,9,B+1.0,4.0223,77000
2023-05-24 21:24:41,11,B+1.0,4.0389,77000
2023-05-24 21:24:51,29,B+1.0,4.103,77000
2023-05-24 21:24:55,11,B+1.0,4.1106,77000
2023-05-24 21:24:59,11,B+1.0,4.0374,77000
2023-05-24 21:25:02,9,B+1.0,4.0264,77000
2023-05-24 21:25:06,11,B+1.0,4.0326,77000
2023-05-24 21:25:10,11,B+1.0,4.0304,77000
2023-05-24 21:25:14,9,B+1.0,4.0276,77000
2023-05-24 21:25:17,9,B+1.0,4.0301,77000
2023-05-24 21:25:22,11,B+1.0,4.0479,77000
2023-05-24 21:25:28,12,W+1.0,4.0744,77000
2023-05-24 21:25:32,9,B+1.0,4.0843,77000
2023-05-24 21:25:36,9,B+1.0,4.0917,77000
2023-05-24 21:25:46,23,B+1.0,4.1499,77000
2023-05-24 21:25:55,23,B+1.0,4.2055,77000
2023-05-24 21:25:59,9,B+1.0,4.212,77000
2023-05-24 21:26:02,9,B+1.0,4.1994,77000
2023-05-24 21:26:06,9,B+1.0,4.2047,77000
2023-05-24 21:26:09,9,B+1.0,4.2028,77000
2023-05-24 21:26:13,9,B+1.0,4.1956,77000
2023-05-24 21:26:58,10,W+1.0,4.2005,78000
2023-05-24 21:27:02,9,B+1.0,4.188,78000
2023-05-24 21:27:06,11,B+1.0,4.2035,78000
2023-05-24 21:27:09,9,B+1.0,4.2028,78000
2023-05-24 21:27:14,11,B+1.0,4.2131,78000
2023-05-24 21:27:17,9,B+1.0,4.2169,78000
2023-05-24 21:27:21,9,B+1.0,4.2169,78000
2023-05-24 21:27:24,9,B+1.0,4.1808,78000
2023-05-24 21:27:27,9,B+1.0,4.1691,78000
2023-05-24 21:27:33,13,B+1.0,4.185,78000
2023-05-24 21:27:36,9,B+1.0,4.1836,78000
2023-05-24 21:27:41,11,B+1.0,4.1896,78000
2023-05-24 21:27:49,19,B+1.0,4.2353,78000
2023-05-24 21:27:52,9,B+1.0,4.2407,78000
2023-05-24 21:27:59,19,B+1.0,4.2786,78000
2023-05-24 21:28:05,12,W+1.0,4.3005,78000
2023-05-24 21:28:10,11,B+1.0,4.31,78000
2023-05-24 21:28:14,9,B+1.0,4.3172,78000
2023-05-24 21:28:19,11,B+1.0,4.329,78000
2023-05-24 21:28:22,9,B+1.0,4.3184,78000
2023-05-24 21:28:32,27,B+1.0,4.3849,78000
2023-05-24 21:28:36,9,B+1.0,4.3888,78000
2023-05-24 21:28:39,9,B+1.0,4.3839,78000
2023-05-24 21:28:43,9,B+1.0,4.388,78000
2023-05-24 21:28:50,15,B+1.0,4.4205,78000
2023-05-24 21:28:53,9,B+1.0,4.4245,78000
2023-05-24 21:28:57,9,B+1.0,4.4076,78000
2023-05-24 21:29:00,9,B+1.0,4.3927,78000
2023-05-24 21:29:04,9,B+1.0,4.403,78000
2023-05-24 21:29:08,9,B+1.0,4.3999,78000
2023-05-24 21:29:13,13,B+1.0,4.4119,78000
2023-05-24 21:29:17,9,B+1.0,4.4167,78000
2023-05-24 21:29:21,9,B+1.0,4.4244,78000
2023-05-24 21:29:25,9,B+1.0,4.4279,78000
2023-05-24 21:29:28,9,B+1.0,4.4322,78000
2023-05-24 21:29:32,9,B+1.0,4.4243,78000
2023-05-24 21:29:38,14,W+1.0,4.4337,78000
2023-05-24 21:29:42,9,B+1.0,4.4303,78000
2023-05-24 21:29:48,13,B+1.0,4.4512,78000
2023-05-24 21:30:38,13,B+1.0,4.4323,79000
2023-05-24 21:30:44,17,B+1.0,4.4406,79000
2023-05-24 21:30:49,11,B+1.0,4.4415,79000
2023-05-24 21:30:53,9,B+1.0,4.4363,79000
2023-05-24 21:30:56,9,B+1.0,4.4233,79000
2023-05-24 21:31:00,9,B+1.0,4.4222,79000
2023-05-24 21:31:03,9,B+1.0,4.4259,79000
2023-05-24 21:31:07,9,B+1.0,4.3946,79000
2023-05-24 21:31:11,9,B+1.0,4.3829,79000
2023-05-24 21:31:15,11,B+1.0,4.3788,79000
2023-05-24 21:31:19,11,B+1.0,4.3868,79000
2023-05-24 21:31:23,9,B+1.0,4.3842,79000
2023-05-24 21:31:27,9,B+1.0,4.3834,79000
2023-05-24 21:31:30,9,B+1.0,4.3863,79000
2023-05-24 21:31:34,9,B+1.0,4.3892,79000
2023-05-24 21:31:39,11,B+1.0,4.4039,79000
2023-05-24 21:31:43,11,B+1.0,4.4158,79000
2023-05-24 21:31:52,23,B+1.0,4.4686,79000
2023-05-24 21:31:56,11,B+1.0,4.4763,79000
2023-05-24 21:32:02,13,B+1.0,4.4895,79000
2023-05-24 21:32:06,9,B+1.0,4.4958,79000
2023-05-24 21:32:10,11,B+1.0,4.4525,79000
2023-05-24 21:32:17,15,B+1.0,4.4814,79000
2023-05-24 21:32:20,9,B+1.0,4.4773,79000
2023-05-24 21:32:25,13,B+1.0,4.4809,79000
2023-05-24 21:32:29,9,B+1.0,4.4523,79000
2023-05-24 21:32:41,26,W+1.0,4.5367,79000
2023-05-24 21:32:46,11,B+1.0,4.5436,79000
2023-05-24 21:32:50,11,B+1.0,4.552,79000
2023-05-24 21:32:55,11,B+1.0,4.5462,79000
2023-05-24 21:32:58,9,B+1.0,4.5472,79000
2023-05-24 21:33:02,9,B+1.0,4.5415,79000
2023-05-24 21:33:07,11,B+1.0,4.5536,79000
2023-05-24 21:33:10,9,B+1.0,4.5526,79000
2023-05-24 21:33:14,9,B+1.0,4.555,79000
2023-05-24 21:33:18,9,B+1.0,4.5523,79000
2023-05-24 21:33:21,9,B+1.0,4.5519,79000
2023-05-24 21:34:12,13,B+1.0,4.56,80000
2023-05-24 21:34:17,11,B+1.0,4.5568,80000
2023-05-24 21:34:20,9,B+1.0,4.4961,80000
2023-05-24 21:34:24,9,B+1.0,4.495,80000
2023-05-24 21:34:29,11,B+1.0,4.5062,80000
2023-05-24 21:34:32,9,B+1.0,4.5073,80000
2023-05-24 21:34:36,9,B+1.0,4.5,80000
2023-05-24 21:34:41,11,B+1.0,4.5079,80000
2023-05-24 21:34:45,9,B+1.0,4.5096,80000
2023-05-24 21:34:48,9,B+1.0,4.5077,80000
2023-05-24 21:34:51,9,B+1.0,4.4917,80000
2023-05-24 21:34:56,11,B+1.0,4.4811,80000
2023-05-24 21:34:59,9,B+1.0,4.4702,80000
2023-05-24 21:35:06,17,B+1.0,4.4994,80000
2023-05-24 21:35:10,9,B+1.0,4.4356,80000
2023-05-24 21:35:14,11,B+1.0,4.3957,80000
2023-05-24 21:35:18,9,B+1.0,4.391,80000
2023-05-24 21:35:21,9,B+1.0,4.3889,80000
2023-05-24 21:35:24,9,B+1.0,4.3851,80000
2023-05-24 21:35:28,9,B+1.0,4.3865,80000
2023-05-24 21:35:33,11,B+1.0,4.396,80000
2023-05-24 21:35:37,11,B+1.0,4.4148,80000
2023-05-24 21:35:43,15,B+1.0,4.4336,80000
2023-05-24 21:35:46,9,B+1.0,4.4329,80000
2023-05-24 21:35:50,9,B+1.0,4.4238,80000
2023-05-24 21:35:53,9,B+1.0,4.4232,80000
2023-05-24 21:35:58,11,B+1.0,4.4254,80000
2023-05-24 21:36:01,11,B+1.0,4.4271,80000
2023-05-24 21:36:05,10,W+1.0,4.428,80000
2023-05-24 21:36:08,9,B+1.0,4.4258,80000
2023-05-24 21:36:11,9,B+1.0,4.4212,80000
2023-05-24 21:36:18,19,B+1.0,4.438,80000
2023-05-24 21:36:22,11,B+1.0,4.4418,80000
2023-05-24 21:36:28,21,B+1.0,4.4645,80000
2023-05-24 21:36:36,19,B+1.0,4.4602,80000
2023-05-24 21:36:40,11,B+1.0,4.4602,80000
2023-05-24 21:36:43,9,B+1.0,4.4249,80000
2023-05-24 21:36:48,11,B+1.0,4.4131,80000
2023-05-24 21:36:51,9,B+1.0,4.389,80000
2023-05-24 21:36:55,13,B+1.0,4.3982,80000
2023-05-24 21:36:58,9,B+1.0,4.3831,80000
2023-05-24 21:37:01,9,B+1.0,4.3779,80000
2023-05-24 21:37:04,9,B+1.0,4.3038,80000
2023-05-24 21:37:49,9,B+1.0,4.3275,81000
2023-05-24 21:37:55,13,B+1.0,4.3451,81000
2023-05-24 21:37:59,9,B+1.0,4.3195,81000
2023-05-24 21:38:05,15,B+1.0,4.3449,81000
2023-05-24 21:38:10,13,B+1.0,4.3656,81000
2023-05-24 21:38:13,9,B+1.0,4.3656,81000
2023-05-24 21:38:17,9,B+1.0,4.36,81000
2023-05-24 21:38:21,13,B+1.0,4.3677,81000
2023-05-24 21:38:25,9,B+1.0,4.3493,81000
2023-05-24 21:38:32,21,B+1.0,4.387,81000
2023-05-24 21:38:36,9,B+1.0,4.3805,81000
2023-05-24 21:38:43,19,B+1.0,4.4151,81000
2023-05-24 21:38:48,11,B+1.0,4.427,81000
2023-05-24 21:38:51,9,B+1.0,4.4203,81000
2023-05-24 21:38:54,9,B+1.0,4.3946,81000
2023-05-24 21:38:58,9,B+1.0,4.39,81000
2023-05-24 21:39:01,9,B+1.0,4.3634,81000
2023-05-24 21:39:05,9,B+1.0,4.3663,81000
2023-05-24 21:39:09,9,B+1.0,4.3468,81000
2023-05-24 21:39:12,9,B+1.0,4.3179,81000
2023-05-24 21:39:17,11,B+1.0,4.3143,81000
2023-05-24 21:39:20,9,B+1.0,4.3085,81000
2023-05-24 21:39:24,9,B+1.0,4.3116,81000
2023-05-24 21:39:28,11,B+1.0,4.3225,81000
2023-05-24 21:39:32,9,B+1.0,4.3213,81000
2023-05-24 21:39:35,9,B+1.0,4.3171,81000
2023-05-24 21:39:39,11,B+1.0,4.3275,81000
2023-05-24 21:39:43,9,B+1.0,4.319,81000
2023-05-24 21:39:46,9,B+1.0,4.3094,81000
2023-05-24 21:39:52,13,B+1.0,4.3282,81000
2023-05-24 21:39:55,9,B+1.0,4.3255,81000
2023-05-24 21:39:59,9,B+1.0,4.3237,81000
2023-05-24 21:40:07,19,B+1.0,4.3651,81000
2023-05-24 21:40:13,17,B+1.0,4.3843,81000
2023-05-24 21:40:20,15,B+1.0,4.4129,81000
2023-05-24 21:40:27,15,B+1.0,4.396,81000
2023-05-24 21:40:31,9,B+1.0,4.3818,81000
2023-05-24 21:40:35,11,B+1.0,4.3663,81000
2023-05-24 21:40:38,9,B+1.0,4.3565,81000
2023-05-24 21:40:41,9,B+1.0,4.3466,81000
2023-05-24 21:41:26,11,B+1.0,4.3179,82000
2023-05-24 21:41:31,11,B+1.0,4.3105,82000
2023-05-24 21:41:34,11,B+1.0,4.3076,82000
2023-05-24 21:41:39,13,B+1.0,4.2364,82000
2023-05-24 21:41:43,11,B+1.0,4.2312,82000
2023-05-24 21:41:46,9,B+1.0,4.2209,82000
2023-05-24 21:41:49,9,B+1.0,4.2042,82000
2023-05-24 21:41:52,9,B+1.0,4.1984,82000
2023-05-24 21:41:59,15,B+1.0,4.2269,82000
2023-05-24 21:42:02,9,B+1.0,4.211,82000
2023-05-24 21:42:05,9,B+1.0,4.207,82000
2023-05-24 21:42:09,11,B+1.0,4.2109,82000
2023-05-24 21:42:13,9,B+1.0,4.2077,82000
2023-05-24 21:42:16,9,B+1.0,4.2036,82000
2023-05-24 21:42:21,11,B+1.0,4.2056,82000
2023-05-24 21:42:25,13,B+1.0,4.1917,82000
2023-05-24 21:42:29,9,B+1.0,4.182,82000
2023-05-24 21:42:34,13,B+1.0,4.1966,82000
2023-05-24 21:42:37,9,B+1.0,4.1895,82000
2023-05-24 21:42:40,9,B+1.0,4.1731,82000
2023-05-24 21:42:44,10,W+1.0,4.1795,82000
2023-05-24 21:42:49,13,B+1.0,4.1862,82000
2023-05-24 21:42:52,9,B+1.0,4.1697,82000
2023-05-24 21:42:59,21,B+1.0,4.2025,82000
2023-05-24 21:43:02,9,B+1.0,4.2008,82000
2023-05-24 21:43:05,9,B+1.0,4.1988,82000
2023-05-24 21:43:10,15,B+1.0,4.2051,82000
2023-05-24 21:43:14,9,B+1.0,4.2059,82000
2023-05-24 21:43:17,9,B+1.0,4.1747,82000
2023-05-24 21:43:20,9,B+1.0,4.1706,82000
2023-05-24 21:43:24,9,B+1.0,4.1617,82000
2023-05-24 21:43:30,15,B+1.0,4.1839,82000
2023-05-24 21:43:33,9,B+1.0,4.1844,82000
2023-05-24 21:43:40,15,B+1.0,4.222,82000
2023-05-24 21:43:46,15,B+1.0,4.2455,82000
2023-05-24 21:43:51,13,B+1.0,4.246,82000
2023-05-24 21:43:54,9,B+1.0,4.2343,82000
2023-05-24 21:43:58,9,B+1.0,4.2102,82000
2023-05-24 21:44:01,9,B+1.0,4.2143,82000
2023-05-24 21:44:04,9,B+1.0,4.2109,82000
2023-05-24 21:44:10,13,B+1.0,4.2325,82000
2023-05-24 21:44:14,9,B+1.0,4.2212,82000
2023-05-24 21:44:19,15,B+1.0,4.2428,82000
2023-05-24 21:45:06,9,B+1.0,4.2569,83000
2023-05-24 21:45:10,9,B+1.0,4.2611,83000
2023-05-24 21:45:13,9,B+1.0,4.2253,83000
2023-05-24 21:45:16,9,B+1.0,4.2194,83000
2023-05-24 21:45:21,11,B+1.0,4.1973,83000
2023-05-24 21:45:27,15,B+1.0,4.1865,83000
2023-05-24 21:45:31,9,B+1.0,4.185,83000
2023-05-24 21:45:34,9,B+1.0,4.1873,83000
2023-05-24 21:45:40,13,B+1.0,4.1944,83000
2023-05-24 21:45:43,9,B+1.0,4.1982,83000
2023-05-24 21:45:48,11,B+1.0,4.1983,83000
2023-05-24 21:45:51,9,B+1.0,4.2012,83000
2023-05-24 21:45:55,13,B+1.0,4.2168,83000
2023-05-24 21:46:01,17,B+1.0,4.2481,83000
2023-05-24 21:46:06,15,B+1.0,4.2354,83000
2023-05-24 21:46:15,27,B+1.0,4.2863,83000
2023-05-24 21:46:18,9,B+1.0,4.2628,83000
2023-05-24 21:46:25,17,B+1.0,4.289,83000
2023-05-24 21:46:28,11,B+1.0,4.2681,83000
2023-05-24 21:46:32,9,B+1.0,4.2545,83000
2023-05-24 21:46:38,13,B+1.0,4.2736,83000
2023-05-24 21:46:43,11,B+1.0,4.2891,83000
2023-05-24 21:46:47,10,W+1.0,4.2871,83000
2023-05-24 21:46:54,17,B+1.0,4.3197,83000
2023-05-24 21:46:58,9,B+1.0,4.2829,83000
2023-05-24 21:47:02,11,B+1.0,4.2964,83000
2023-05-24 21:47:06,9,B+1.0,4.2579,83000
2023-05-24 21:47:09,9,B+1.0,4.2455,83000
2023-05-24 21:47:13,9,B+1.0,4.2538,83000
2023-05-24 21:47:16,9,B+1.0,4.2487,83000
2023-05-24 21:47:20,9,B+1.0,4.2484,83000
2023-05-24 21:47:24,11,B+1.0,4.2558,83000
2023-05-24 21:47:27,9,B+1.0,4.2515,83000
2023-05-24 21:47:31,9,B+1.0,4.25,83000
2023-05-24 21:47:35,9,B+1.0,4.2557,83000
2023-05-24 21:47:39,9,B+1.0,4.2479,83000
2023-05-24 21:47:42,9,B+1.0,4.2547,83000
2023-05-24 21:47:46,9,B+1.0,4.2527,83000
2023-05-24 21:47:54,17,B+1.0,4.2846,83000
2023-05-24 21:47:57,9,B+1.0,4.2881,83000
2023-05-24 21:48:01,9,B+1.0,4.289,83000
2023-05-24 21:48:47,9,B+1.0,4.2769,84000
2023-05-24 21:48:51,9,B+1.0,4.2847,84000
2023-05-24 21:48:55,10,W+1.0,4.2697,84000
2023-05-24 21:49:01,15,B+1.0,4.297,84000
2023-05-24 21:49:06,11,B+1.0,4.3067,84000
2023-05-24 21:49:10,11,B+1.0,4.2719,84000
2023-05-24 21:49:14,9,B+1.0,4.2449,84000
2023-05-24 21:49:17,9,B+1.0,4.2073,84000
2023-05-24 21:49:21,9,B+1.0,4.1765,84000
2023-05-24 21:49:27,11,B+1.0,4.1991,84000
2023-05-24 21:49:32,11,B+1.0,4.2062,84000
2023-05-24 21:49:37,11,B+1.0,4.2239,84000
2023-05-24 21:49:43,14,W+1.0,4.2536,84000
2023-05-24 21:49:50,18,W+1.0,4.2969,84000
2023-05-24 21:49:55,12,W+1.0,4.3027,84000
2023-05-24 21:50:02,15,B+1.0,4.3266,84000
2023-05-24 21:50:14,34,W+1.0,4.4194,84000
2023-05-24 21:50:20,13,B+1.0,4.425,84000
2023-05-24 21:50:24,9,B+1.0,4.4213,84000
2023-05-24 21:50:27,9,B+1.0,4.4235,84000
2023-05-24 21:50:30,9,B+1.0,4.4275,84000
2023-05-24 21:50:35,11,B+1.0,4.4436,84000
2023-05-24 21:50:39,9,B+1.0,4.4211,84000
2023-05-24 21:50:43,11,B+1.0,4.4288,84000
2023-05-24 21:50:47,9,B+1.0,4.4377,84000
2023-05-24 21:50:54,14,W+1.0,4.4601,84000
2023-05-24 21:50:58,9,B+1.0,4.4665,84000
2023-05-24 21:51:02,11,B+1.0,4.4821,84000
2023-05-24 21:51:06,9,B+1.0,4.474,84000
2023-05-24 21:51:10,9,B+1.0,4.4597,84000
2023-05-24 21:51:13,9,B+1.0,4.4592,84000
2023-05-24 21:51:17,9,B+1.0,4.4496,84000
2023-05-24 21:51:21,9,B+1.0,4.4561,84000
2023-05-24 21:51:26,15,B+1.0,4.4796,84000
2023-05-24 21:51:32,13,B+1.0,4.4979,84000
2023-05-24 21:51:38,13,B+1.0,4.5125,84000
2023-05-24 21:51:42,10,W+1.0,4.5213,84000
2023-05-24 21:52:27,9,B+1.0,4.4854,85000
2023-05-24 21:52:31,9,B+1.0,4.4883,85000
2023-05-24 21:52:35,10,W+1.0,4.4828,85000
2023-05-24 21:52:42,17,B+1.0,4.5176,85000
2023-05-24 21:52:47,14,W+1.0,4.5342,85000
2023-05-24 21:52:51,9,B+1.0,4.5362,85000
2023-05-24 21:52:56,11,B+1.0,4.5457,85000
2023-05-24 21:53:00,11,B+1.0,4.5368,85000
2023-05-24 21:53:04,9,B+1.0,4.5399,85000
2023-05-24 21:53:11,15,B+1.0,4.537,85000
2023-05-24 21:53:14,9,B+1.0,4.5122,85000
2023-05-24 21:53:17,9,B+1.0,4.4971,85000
2023-05-24 21:53:21,9,B+1.0,4.4978,85000
2023-05-24 21:53:26,13,B+1.0,4.5132,85000
2023-05-24 21:53:29,9,B+1.0,4.5152,85000
2023-05-24 21:53:34,12,W+1.0,4.5284,85000
2023-05-24 21:53:38,9,B+1.0,4.5105,85000
2023-05-24 21:53:41,9,B+1.0,4.5101,85000
2023-05-24 21:53:45,11,B+1.0,4.493,85000
2023-05-24 21:53:50,9,B+1.0,4.4944,85000
2023-05-24 21:53:53,9,B+1.0,4.4936,85000
2023-05-24 21:53:57,10,W+1.0,4.5004,85000
2023-05-24 21:54:02,11,B+1.0,4.511,85000
2023-05-24 21:54:10,19,B+1.0,4.5599,85000
2023-05-24 21:54:14,9,B+1.0,4.5492,85000
2023-05-24 21:54:17,9,B+1.0,4.5216,85000
2023-05-24 21:54:24,16,W+1.0,4.5556,85000
2023-05-24 21:54:28,9,B+1.0,4.5586,85000
2023-05-24 21:54:33,11,B+1.0,4.5552,85000
2023-05-24 21:54:37,11,B+1.0,4.5626,85000
2023-05-24 21:54:43,13,B+1.0,4.5759,85000
2023-05-24 21:54:47,11,B+1.0,4.5843,85000
2023-05-24 21:54:51,9,B+1.0,4.5783,85000
2023-05-24 21:54:55,9,B+1.0,4.5554,85000
2023-05-24 21:54:59,11,B+1.0,4.5458,85000
2023-05-24 21:55:02,9,B+1.0,4.4949,85000
2023-05-24 21:55:06,12,W+1.0,4.5058,85000
2023-05-24 21:55:12,15,B+1.0,4.4981,85000
2023-05-24 21:55:19,19,B+1.0,4.532,85000
2023-05-24 21:55:24,11,B+1.0,4.534,85000
2023-05-24 21:56:12,14,W+1.0,4.5211,86000
2023-05-24 21:56:15,9,B+1.0,4.5111,86000
2023-05-24 21:56:21,15,B+1.0,4.4986,86000
2023-05-24 21:56:27,13,B+1.0,4.522,86000
2023-05-24 21:56:33,13,B+1.0,4.537,86000
2023-05-24 21:56:39,14,W+1.0,4.5573,86000
2023-05-24 21:56:42,9,B+1.0,4.5569,86000
2023-05-24 21:56:49,17,B+1.0,4.5884,86000
2023-05-24 21:56:55,15,B+1.0,4.6155,86000
2023-05-24 21:56:58,9,B+1.0,4.6137,86000
2023-05-24 21:57:03,13,B+1.0,4.6213,86000
2023-05-24 21:57:07,9,B+1.0,4.6241,86000
2023-05-24 21:57:15,19,B+1.0,4.6678,86000
2023-05-24 21:57:19,9,B+1.0,4.6647,86000
2023-05-24 21:57:22,9,B+1.0,4.6645,86000
2023-05-24 21:57:26,9,B+1.0,4.6658,86000
2023-05-24 21:57:31,10,W+1.0,4.6764,86000
2023-05-24 21:57:35,11,B+1.0,4.638,86000
2023-05-24 21:57:38,9,B+1.0,4.6365,86000
2023-05-24 21:57:42,9,B+1.0,4.6374,86000
2023-05-24 21:57:46,11,B+1.0,4.6507,86000
2023-05-24 21:57:50,9,B+1.0,4.648,86000
2023-05-24 21:57:53,9,B+1.0,4.6438,86000
2023-05-24 21:57:59,15,B+1.0,4.6635,86000
2023-05-24 21:58:03,9,B+1.0,4.6359,86000
2023-05-24 21:58:08,11,B+1.0,4.6396,86000
2023-05-24 21:58:15,19,B+1.0,4.6701,86000
2023-05-24 21:58:24,19,B+1.0,4.7198,86000
2023-05-24 21:58:30,16,W+1.0,4.7453,86000
2023-05-24 21:58:33,9,B+1.0,4.7391,86000
2023-05-24 21:58:40,15,B+1.0,4.748,86000
2023-05-24 21:58:43,9,B+1.0,4.7352,86000
2023-05-24 21:58:47,9,B+1.0,4.7207,86000
2023-05-24 21:58:50,9,B+1.0,4.6938,86000
2023-05-24 21:58:54,9,B+1.0,4.6582,86000
2023-05-24 21:59:02,17,B+1.0,4.693,86000
2023-05-24 21:59:06,9,B+1.0,4.6632,86000
2023-05-24 21:59:52,9,B+1.0,4.5588,87000
2023-05-24 21:59:56,9,B+1.0,4.5566,87000
2023-05-24 21:59:59,9,B+1.0,4.5569,87000
2023-05-24 22:00:03,11,B+1.0,4.5637,87000
2023-05-24 22:00:10,18,W+1.0,4.5892,87000
2023-05-24 22:00:20,25,B+1.0,4.6443,87000
2023-05-24 22:00:24,11,B+1.0,4.6417,87000
2023-05-24 22:00:27,9,B+1.0,4.6378,87000
2023-05-24 22:00:31,9,B+1.0,4.6116,87000
2023-05-24 22:00:35,9,B+1.0,4.613,87000
2023-05-24 22:00:42,18,W+1.0,4.6299,87000
2023-05-24 22:00:45,9,B+1.0,4.6221,87000
2023-05-24 22:00:51,13,B+1.0,4.6466,87000
2023-05-24 22:00:54,9,B+1.0,4.6468,87000
2023-05-24 22:01:00,17,B+1.0,4.6723,87000
2023-05-24 22:01:05,11,B+1.0,4.6779,87000
2023-05-24 22:01:08,9,B+1.0,4.6524,87000
2023-05-24 22:01:12,9,B+1.0,4.6322,87000
2023-05-24 22:01:15,9,B+1.0,4.608,87000
2023-05-24 22:01:19,9,B+1.0,4.6016,87000
2023-05-24 22:01:26,17,B+1.0,4.6424,87000
2023-05-24 22:01:29,9,B+1.0,4.6406,87000
2023-05-24 22:01:36,17,B+1.0,4.6754,87000
2023-05-24 22:01:41,11,B+1.0,4.6736,87000
2023-05-24 22:01:46,13,B+1.0,4.664,87000
2023-05-24 22:01:50,9,B+1.0,4.6488,87000
2023-05-24 22:01:57,17,B+1.0,4.6874,87000
2023-05-24 22:02:01,9,B+1.0,4.6738,87000
2023-05-24 22:02:04,9,B+1.0,4.6597,87000
2023-05-24 22:02:08,9,B+1.0,4.6585,87000
2023-05-24 22:02:14,13,B+1.0,4.6541,87000
2023-05-24 22:02:18,9,B+1.0,4.6571,87000
2023-05-24 22:02:22,11,B+1.0,4.6652,87000
2023-05-24 22:02:28,19,B+1.0,4.6942,87000
2023-05-24 22:02:31,9,B+1.0,4.6789,87000
2023-05-24 22:02:36,11,B+1.0,4.6842,87000
2023-05-24 22:02:44,17,B+1.0,4.7179,87000
2023-05-24 22:02:47,9,B+1.0,4.7148,87000
2023-05-24 22:02:51,9,B+1.0,4.7153,87000
2023-05-24 22:03:37,9,B+1.0,4.7054,88000
2023-05-24 22:03:40,9,B+1.0,4.7037,88000
2023-05-24 22:03:44,9,B+1.0,4.6987,88000
2023-05-24 22:03:51,17,B+1.0,4.7285,88000
2023-05-24 22:03:57,13,B+1.0,4.7025,88000
2023-05-24 22:04:01,9,B+1.0,4.7022,88000
2023-05-24 22:04:08,17,B+1.0,4.7414,88000
2023-05-24 22:04:11,9,B+1.0,4.7068,88000
2023-05-24 22:04:16,11,B+1.0,4.7164,88000
2023-05-24 22:04:20,9,B+1.0,4.7015,88000
2023-05-24 22:04:24,9,B+1.0,4.6978,88000
2023-05-24 22:04:29,13,B+1.0,4.6922,88000
2023-05-24 22:04:34,13,B+1.0,4.7026,88000
2023-05-24 22:04:39,11,B+1.0,4.7102,88000
2023-05-24 22:04:43,11,B+1.0,4.7179,88000
2023-05-24 22:04:47,9,B+1.0,4.716,88000
2023-05-24 22:04:52,11,B+1.0,4.7305,88000
2023-05-24 22:04:58,15,B+1.0,4.7491,88000
2023-05-24 22:05:02,9,B+1.0,4.729,88000
2023-05-24 22:05:07,14,W+1.0,4.7077,88000
2023-05-24 22:05:11,9,B+1.0,4.7017,88000
2023-05-24 22:05:14,9,B+1.0,4.7073,88000
2023-05-24 22:05:18,9,B+1.0,4.6876,88000
2023-05-24 22:05:22,9,B+1.0,4.6922,88000
2023-05-24 22:05:26,9,B+1.0,4.6738,88000
2023-05-24 22:05:31,11,B+1.0,4.6663,88000
2023-05-24 22:05:37,13,B+1.0,4.6669,88000
2023-05-24 22:05:41,9,B+1.0,4.6475,88000
2023-05-24 22:05:47,15,B+1.0,4.6792,88000
2023-05-24 22:05:52,11,B+1.0,4.657,88000
2023-05-24 22:06:01,25,B+1.0,4.6876,88000
2023-05-24 22:06:06,12,W+1.0,4.7052,88000
2023-05-24 22:06:17,29,B+1.0,4.7618,88000
2023-05-24 22:06:21,11,B+1.0,4.7714,88000
2023-05-24 22:06:28,15,B+1.0,4.7607,88000
2023-05-24 22:06:32,9,B+1.0,4.7607,88000
2023-05-24 22:06:39,15,B+1.0,4.7886,88000
2023-05-24 22:06:42,9,B+1.0,4.7877,88000
2023-05-24 22:07:28,11,B+1.0,4.7776,89000
2023-05-24 22:07:33,14,W+1.0,4.7913,89000
2023-05-24 22:07:42,28,W+1.0,4.8451,89000
2023-05-24 22:07:48,13,B+1.0,4.8667,89000
2023-05-24 22:07:52,9,B+1.0,4.8637,89000
2023-05-24 22:07:56,11,B+1.0,4.8741,89000
2023-05-24 22:07:59,9,B+1.0,4.8457,89000
2023-05-24 22:08:03,9,B+1.0,4.8453,89000
2023-05-24 22:08:06,9,B+1.0,4.829,89000
2023-05-24 22:08:09,9,B+1.0,4.7873,89000
2023-05-24 22:08:13,9,B+1.0,4.7356,89000
2023-05-24 22:08:17,9,B+1.0,4.7141,89000
2023-05-24 22:08:22,13,B+1.0,4.7312,89000
2023-05-24 22:08:26,11,B+1.0,4.7059,89000
2023-05-24 22:08:29,9,B+1.0,4.7019,89000
2023-05-24 22:08:36,17,B+1.0,4.7363,89000
2023-05-24 22:08:39,9,B+1.0,4.7362,89000
2023-05-24 22:08:45,15,B+1.0,4.7563,89000
2023-05-24 22:08:49,9,B+1.0,4.7095,89000
2023-05-24 22:08:52,9,B+1.0,4.7085,89000
2023-05-24 22:08:55,9,B+1.0,4.6978,89000
2023-05-24 22:09:01,12,W+1.0,4.7136,89000
2023-05-24 22:09:04,9,B+1.0,4.7146,89000
2023-05-24 22:09:08,11,B+1.0,4.719,89000
2023-05-24 22:09:12,11,B+1.0,4.7195,89000
2023-05-24 22:09:15,9,B+1.0,4.6795,89000
2023-05-24 22:09:18,9,B+1.0,4.618,89000
2023-05-24 22:09:27,19,B+1.0,4.6648,89000
2023-05-24 22:09:31,11,B+1.0,4.6672,89000
2023-05-24 22:09:35,9,B+1.0,4.6641,89000
2023-05-24 22:09:38,9,B+1.0,4.6626,89000
2023-05-24 22:09:42,9,B+1.0,4.6332,89000
2023-05-24 22:09:46,11,B+1.0,4.6446,89000
2023-05-24 22:09:50,9,B+1.0,4.62,89000
2023-05-24 22:09:53,9,B+1.0,4.6232,89000
2023-05-24 22:09:59,13,B+1.0,4.618,89000
2023-05-24 22:10:06,17,B+1.0,4.6408,89000
2023-05-24 22:10:10,11,B+1.0,4.6551,89000
2023-05-24 22:10:14,9,B+1.0,4.6518,89000
2023-05-24 22:10:19,15,B+1.0,4.6716,89000
2023-05-24 22:10:23,10,W+1.0,4.6749,89000
2023-05-24 22:10:31,21,B+1.0,4.679,89000
2023-05-24 22:11:16,9,B+1.0,4.6594,90000
2023-05-24 22:11:21,11,B+1.0,4.6591,90000
2023-05-24 22:11:27,17,B+1.0,4.6632,90000
2023-05-24 22:11:31,9,B+1.0,4.6648,90000
2023-05-24 22:11:37,17,B+1.0,4.6561,90000
2023-05-24 22:11:41,9,B+1.0,4.6578,90000
2023-05-24 22:11:44,9,B+1.0,4.654,90000
2023-05-24 22:11:47,9,B+1.0,4.6528,90000
2023-05-24 22:11:51,9,B+1.0,4.6247,90000
2023-05-24 22:11:54,9,B+1.0,4.6227,90000
2023-05-24 22:11:58,11,B+1.0,4.6246,90000
2023-05-24 22:12:02,9,B+1.0,4.5971,90000
2023-05-24 22:12:07,13,B+1.0,4.6154,90000
2023-05-24 22:12:11,11,B+1.0,4.6143,90000
2023-05-24 22:12:16,11,B+1.0,4.5811,90000
2023-05-24 22:12:19,9,B+1.0,4.5816,90000
2023-05-24 22:12:24,11,B+1.0,4.59,90000
2023-05-24 22:12:31,15,B+1.0,4.6186,90000
2023-05-24 22:12:34,9,B+1.0,4.6174,90000
2023-05-24 22:12:38,9,B+1.0,4.6188,90000
2023-05-24 22:12:42,9,B+1.0,4.6219,90000
2023-05-24 22:12:49,15,B+1.0,4.627,90000
2023-05-24 22:12:55,14,W+1.0,4.626,90000
2023-05-24 22:12:58,9,B+1.0,4.6195,90000
2023-05-24 22:13:02,9,B+1.0,4.5844,90000
2023-05-24 22:13:05,9,B+1.0,4.5846,90000
2023-05-24 22:13:10,13,B+1.0,4.5864,90000
2023-05-24 22:13:20,23,B+1.0,4.6504,90000
2023-05-24 22:13:28,19,B+1.0,4.6936,90000
2023-05-24 22:13:33,11,B+1.0,4.6848,90000
2023-05-24 22:13:39,15,B+1.0,4.6899,90000
2023-05-24 22:13:42,9,B+1.0,4.6806,90000
2023-05-24 22:13:47,13,B+1.0,4.6839,90000
2023-05-24 22:13:50,9,B+1.0,4.6799,90000
2023-05-24 22:13:54,9,B+1.0,4.6667,90000
2023-05-24 22:13:57,9,B+1.0,4.6355,90000
2023-05-24 22:14:03,15,B+1.0,4.6589,90000
2023-05-24 22:14:09,13,B+1.0,4.6625,90000
2023-05-24 22:14:13,11,B+1.0,4.6682,90000
2023-05-24 22:15:01,11,B+1.0,4.6702,91000
2023-05-24 22:15:07,15,B+1.0,4.6878,91000
2023-05-24 22:15:12,14,W+1.0,4.7027,91000
2023-05-24 22:15:17,11,B+1.0,4.7001,91000
2023-05-24 22:15:22,13,B+1.0,4.6906,91000
2023-05-24 22:15:27,9,B+1.0,4.6972,91000
2023-05-24 22:15:32,13,B+1.0,4.6856,91000
2023-05-24 22:15:40,23,B+1.0,4.7145,91000
2023-05-24 22:15:45,15,B+1.0,4.6758,91000
2023-05-24 22:15:49,9,B+1.0,4.6648,91000
2023-05-24 22:15:54,13,B+1.0,4.6106,91000
2023-05-24 22:15:59,15,B+1.0,4.6186,91000
2023-05-24 22:16:04,11,B+1.0,4.5923,91000
2023-05-24 22:16:07,9,B+1.0,4.5886,91000
2023-05-24 22:16:11,13,B+1.0,4.5689,91000
2023-05-24 22:16:19,18,W+1.0,4.6056,91000
2023-05-24 22:16:24,13,B+1.0,4.6197,91000
2023-05-24 22:16:34,29,B+1.0,4.6842,91000
2023-05-24 22:16:40,13,B+1.0,4.6893,91000
2023-05-24 22:16:43,9,B+1.0,4.6357,91000
2023-05-24 22:16:47,9,B+1.0,4.6066,91000
2023-05-24 22:16:50,9,B+1.0,4.6088,91000
2023-05-24 22:16:55,11,B+1.0,4.6053,91000
2023-05-24 22:16:58,9,B+1.0,4.6067,91000
2023-05-24 22:17:03,11,B+1.0,4.6191,91000
2023-05-24 22:17:06,9,B+1.0,4.6182,91000
2023-05-24 22:17:14,21,B+1.0,4.6715,91000
2023-05-24 22:17:20,14,W+1.0,4.6895,91000
2023-05-24 22:17:23,9,B+1.0,4.6833,91000
2023-05-24 22:17:31,21,B+1.0,4.7086,91000
2023-05-24 22:17:37,16,W+1.0,4.7314,91000
2023-05-24 22:17:40,9,B+1.0,4.7336,91000
2023-05-24 22:17:45,11,B+1.0,4.7116,91000
2023-05-24 22:17:48,9,B+1.0,4.7138,91000
2023-05-24 22:17:55,17,B+1.0,4.7199,91000
2023-05-24 22:18:00,15,B+1.0,4.7397,91000
2023-05-24 22:18:05,11,B+1.0,4.7483,91000
2023-05-24 22:18:50,9,B+1.0,4.7486,92000
2023-05-24 22:18:54,9,B+1.0,4.7478,92000
2023-05-24 22:18:57,9,B+1.0,4.744,92000
2023-05-24 22:19:04,17,B+1.0,4.7698,92000
2023-05-24 22:19:08,11,B+1.0,4.7774,92000
2023-05-24 22:19:12,9,B+1.0,4.783,92000
2023-05-24 22:19:15,9,B+1.0,4.7311,92000
2023-05-24 22:19:20,11,B+1.0,4.7402,92000
2023-05-24 22:19:24,11,B+1.0,4.7479,92000
2023-05-24 22:19:28,9,B+1.0,4.745,92000
2023-05-24 22:19:32,9,B+1.0,4.7455,92000
2023-05-24 22:19:35,9,B+1.0,4.7401,92000
2023-05-24 22:19:39,11,B+1.0,4.7437,92000
2023-05-24 22:19:42,9,B+1.0,4.7403,92000
2023-05-24 22:19:45,9,B+1.0,4.713,92000
2023-05-24 22:19:51,15,B+1.0,4.6988,92000
2023-05-24 22:19:54,9,B+1.0,4.688,92000
2023-05-24 22:19:58,9,B+1.0,4.6895,92000
2023-05-24 22:20:03,15,B+1.0,4.6932,92000
2023-05-24 22:20:07,9,B+1.0,4.6899,92000
2023-05-24 22:20:10,9,B+1.0,4.6482,92000
2023-05-24 22:20:14,11,B+1.0,4.6406,92000
2023-05-24 22:20:19,11,B+1.0,4.6524,92000
2023-05-24 22:20:22,9,B+1.0,4.6399,92000
2023-05-24 22:20:28,13,B+1.0,4.6323,92000
2023-05-24 22:20:39,31,B+1.0,4.7119,92000
2023-05-24 22:20:43,9,B+1.0,4.6794,92000
2023-05-24 22:20:46,9,B+1.0,4.6754,92000
2023-05-24 22:20:49,9,B+1.0,4.6807,92000
2023-05-24 22:20:54,11,B+1.0,4.6871,92000
2023-05-24 22:20:58,11,B+1.0,4.6964,92000
2023-05-24 22:21:02,10,W+1.0,4.7049,92000
2023-05-24 22:21:05,9,B+1.0,4.6912,92000
2023-05-24 22:21:10,13,B+1.0,4.7022,92000
2023-05-24 22:21:13,9,B+1.0,4.683,92000
2023-05-24 22:21:16,9,B+1.0,4.6736,92000
2023-05-24 22:21:23,15,B+1.0,4.6924,92000
2023-05-24 22:21:27,11,B+1.0,4.7016,92000
2023-05-24 22:21:32,15,B+1.0,4.708,92000
2023-05-24 22:21:36,9,B+1.0,4.6707,92000
2023-05-24 22:21:40,11,B+1.0,4.6797,92000
2023-05-24 22:21:45,15,B+1.0,4.6948,92000
2023-05-24 22:21:49,11,B+1.0,4.6963,92000
2023-05-24 22:22:39,13,B+1.0,4.6804,93000
2023-05-24 22:22:43,9,B+1.0,4.6913,93000
2023-05-24 22:22:48,11,B+1.0,4.6994,93000
2023-05-24 22:22:52,9,B+1.0,4.7,93000
2023-05-24 22:22:55,9,B+1.0,4.6857,93000
2023-05-24 22:23:00,10,W+1.0,4.631,93000
2023-05-24 22:23:06,15,B+1.0,4.6145,93000
2023-05-24 22:23:11,11,B+1.0,4.6211,93000
2023-05-24 22:23:19,17,B+1.0,4.6419,93000
2023-05-24 22:23:24,11,B+1.0,4.6564,93000
2023-05-24 22:23:28,9,B+1.0,4.6434,93000
2023-05-24 22:23:32,9,B+1.0,4.6474,93000
2023-05-24 22:23:36,11,B+1.0,4.658,93000
2023-05-24 22:23:40,11,B+1.0,4.6694,93000
2023-05-24 22:23:44,9,B+1.0,4.646,93000
2023-05-24 22:23:48,9,B+1.0,4.6269,93000
2023-05-24 22:23:54,16,W+1.0,4.6474,93000
2023-05-24 22:23:58,9,B+1.0,4.6515,93000
2023-05-24 22:24:02,11,B+1.0,4.6499,93000
2023-05-24 22:24:06,9,B+1.0,4.6304,93000
2023-05-24 22:24:09,9,B+1.0,4.6117,93000
2023-05-24 22:24:13,9,B+1.0,4.5969,93000
2023-05-24 22:24:18,11,B+1.0,4.5927,93000
2023-05-24 22:24:24,13,B+1.0,4.6134,93000
2023-05-24 22:24:29,13,B+1.0,4.6115,93000
2023-05-24 22:24:33,9,B+1.0,4.5708,93000
2023-05-24 22:24:36,9,B+1.0,4.5569,93000
2023-05-24 22:24:41,9,B+1.0,4.5596,93000
2023-05-24 22:24:44,9,B+1.0,4.5461,93000
2023-05-24 22:24:48,9,B+1.0,4.53,93000
2023-05-24 22:24:53,11,B+1.0,4.5335,93000
2023-05-24 22:24:58,11,B+1.0,4.5519,93000
2023-05-24 22:25:03,13,B+1.0,4.557,93000
2023-05-24 22:25:11,17,B+1.0,4.5595,93000
2023-05-24 22:25:14,9,B+1.0,4.5409,93000
2023-05-24 22:25:18,9,B+1.0,4.4734,93000
2023-05-24 22:25:21,9,B+1.0,4.455,93000
2023-05-24 22:25:25,9,B+1.0,4.4578,93000
2023-05-24 22:25:30,11,B+1.0,4.4675,93000
2023-05-24 22:25:34,9,B+1.0,4.4741,93000
2023-05-24 22:26:28,9,B+1.0,4.5237,94000
2023-05-24 22:26:31,9,B+1.0,4.5136,94000
2023-05-24 22:26:36,11,B+1.0,4.5266,94000
2023-05-24 22:26:40,9,B+1.0,4.4812,94000
2023-05-24 22:26:44,11,B+1.0,4.4735,94000
2023-05-24 22:26:48,9,B+1.0,4.4793,94000
2023-05-24 22:26:52,9,B+1.0,4.4364,94000
2023-05-24 22:26:57,11,B+1.0,4.4297,94000
2023-05-24 22:27:01,13,B+1.0,4.4365,94000
2023-05-24 22:27:06,11,B+1.0,4.444,94000
2023-05-24 22:27:11,11,B+1.0,4.4491,94000
2023-05-24 22:27:17,17,B+1.0,4.451,94000
2023-05-24 22:27:22,11,B+1.0,4.4408,94000
2023-05-24 22:27:26,9,B+1.0,4.4336,94000
2023-05-24 22:27:29,11,B+1.0,4.4213,94000
2023-05-24 22:27:33,9,B+1.0,4.4218,94000
2023-05-24 22:27:37,13,B+1.0,4.4337,94000
2023-05-24 22:27:41,9,B+1.0,4.4335,94000
2023-05-24 22:27:45,11,B+1.0,4.4112,94000
2023-05-24 22:27:49,9,B+1.0,4.4049,94000
2023-05-24 22:27:52,11,B+1.0,4.4035,94000
2023-05-24 22:27:56,9,B+1.0,4.41,94000
2023-05-24 22:28:01,11,B+1.0,4.409,94000
2023-05-24 22:28:04,9,B+1.0,4.3969,94000
2023-05-24 22:28:08,9,B+1.0,4.3951,94000
2023-05-24 22:28:11,11,B+1.0,4.3962,94000
2023-05-24 22:28:15,9,B+1.0,4.3944,94000
2023-05-24 22:28:18,9,B+1.0,4.392,94000
2023-05-24 22:28:22,9,B+1.0,4.3965,94000
2023-05-24 22:28:26,9,B+1.0,4.3992,94000
2023-05-24 22:28:29,9,B+1.0,4.3843,94000
2023-05-24 22:28:38,25,B+1.0,4.4369,94000
2023-05-24 22:28:42,11,B+1.0,4.4412,94000
2023-05-24 22:28:45,9,B+1.0,4.4162,94000
2023-05-24 22:28:51,15,B+1.0,4.4354,94000
2023-05-24 22:28:54,9,B+1.0,4.4381,94000
2023-05-24 22:29:00,15,B+1.0,4.4534,94000
2023-05-24 22:29:04,11,B+1.0,4.4488,94000
2023-05-24 22:29:09,11,B+1.0,4.4629,94000
2023-05-24 22:29:13,9,B+1.0,4.4448,94000
2023-05-24 22:29:17,11,B+1.0,4.3759,94000
2023-05-24 22:29:21,9,B+1.0,4.3793,94000
2023-05-24 22:29:27,13,B+1.0,4.4036,94000
2023-05-24 22:29:30,9,B+1.0,4.4055,94000
2023-05-24 22:29:34,9,B+1.0,4.3987,94000
2023-05-24 22:30:21,9,B+1.0,4.3927,95000
2023-05-24 22:30:25,9,B+1.0,4.3979,95000
2023-05-24 22:30:28,9,B+1.0,4.3842,95000
2023-05-24 22:30:34,15,B+1.0,4.4056,95000
2023-05-24 22:30:37,9,B+1.0,4.4055,95000
2023-05-24 22:30:41,11,B+1.0,4.3829,95000
2023-05-24 22:30:47,13,B+1.0,4.3965,95000
2023-05-24 22:30:52,11,B+1.0,4.3925,95000
2023-05-24 22:30:55,9,B+1.0,4.3996,95000
2023-05-24 22:30:59,9,B+1.0,4.3967,95000
2023-05-24 22:31:03,9,B+1.0,4.3826,95000
2023-05-24 22:31:07,11,B+1.0,4.3829,95000
2023-05-24 22:31:12,11,B+1.0,4.3793,95000
2023-05-24 22:31:19,13,B+1.0,4.3838,95000
2023-05-24 22:31:22,9,B+1.0,4.3756,95000
2023-05-24 22:31:27,11,B+1.0,4.3781,95000
2023-05-24 22:31:31,9,B+1.0,4.3834,95000
2023-05-24 22:31:36,11,B+1.0,4.3995,95000
2023-05-24 22:31:44,17,B+1.0,4.4328,95000
2023-05-24 22:31:48,9,B+1.0,4.4064,95000
2023-05-24 22:31:52,9,B+1.0,4.393,95000
2023-05-24 22:31:57,11,B+1.0,4.3681,95000
2023-05-24 22:32:01,9,B+1.0,4.3549,95000
2023-05-24 22:32:05,9,B+1.0,4.3567,95000
2023-05-24 22:32:08,9,B+1.0,4.3537,95000
2023-05-24 22:32:12,9,B+1.0,4.3436,95000
2023-05-24 22:32:19,17,B+1.0,4.371,95000
2023-05-24 22:32:22,9,B+1.0,4.3712,95000
2023-05-24 22:32:27,11,B+1.0,4.3792,95000
2023-05-24 22:32:32,11,B+1.0,4.3656,95000
2023-05-24 22:32:37,11,B+1.0,4.3773,95000
2023-05-24 22:32:40,9,B+1.0,4.3732,95000
2023-05-24 22:32:44,9,B+1.0,4.3716,95000
2023-05-24 22:32:49,13,B+1.0,4.3913,95000
2023-05-24 22:32:54,11,B+1.0,4.4043,95000
2023-05-24 22:32:59,11,B+1.0,4.4064,95000
2023-05-24 22:33:04,11,B+1.0,4.3878,95000
2023-05-24 22:33:07,9,B+1.0,4.3704,95000
2023-05-24 22:33:14,19,B+1.0,4.4068,95000
2023-05-24 22:33:18,9,B+1.0,4.4033,95000
2023-05-24 22:34:07,13,B+1.0,4.4099,96000
2023-05-24 22:34:11,9,B+1.0,4.4072,96000
2023-05-24 22:34:15,11,B+1.0,4.4061,96000
2023-05-24 22:34:21,19,B+1.0,4.4176,96000
2023-05-24 22:34:26,11,B+1.0,4.414,96000
2023-05-24 22:34:30,9,B+1.0,4.3735,96000
2023-05-24 22:34:33,9,B+1.0,4.3785,96000
2023-05-24 22:34:37,11,B+1.0,4.3823,96000
2023-05-24 22:34:41,9,B+1.0,4.3873,96000
2023-05-24 22:34:45,9,B+1.0,4.3853,96000
2023-05-24 22:34:50,11,B+1.0,4.3923,96000
2023-05-24 22:34:55,11,B+1.0,4.4002,96000
2023-05-24 22:34:59,9,B+1.0,4.3499,96000
2023-05-24 22:35:03,9,B+1.0,4.3498,96000
2023-05-24 22:35:09,15,B+1.0,4.3733,96000
2023-05-24 22:35:13,11,B+1.0,4.3691,96000
2023-05-24 22:35:17,11,B+1.0,4.3659,96000
2023-05-24 22:35:20,9,B+1.0,4.3515,96000
2023-05-24 22:35:23,9,B+1.0,4.3461,96000
2023-05-24 22:35:26,9,B+1.0,4.3456,96000
2023-05-24 22:35:30,9,B+1.0,4.3238,96000
2023-05-24 22:35:34,11,B+1.0,4.3243,96000
2023-05-24 22:35:37,9,B+1.0,4.3036,96000
2023-05-24 22:35:40,9,B+1.0,4.2933,96000
2023-05-24 22:35:46,15,B+1.0,4.2878,96000
2023-05-24 22:35:51,11,B+1.0,4.2879,96000
2023-05-24 22:35:54,9,B+1.0,4.2877,96000
2023-05-24 22:35:58,9,B+1.0,4.2828,96000
2023-05-24 22:36:01,9,B+1.0,4.2825,96000
2023-05-24 22:36:05,9,B+1.0,4.2726,96000
2023-05-24 22:36:09,11,B+1.0,4.2804,96000
2023-05-24 22:36:19,29,B+1.0,4.3383,96000
2023-05-24 22:36:22,9,B+1.0,4.3361,96000
2023-05-24 22:36:26,9,B+1.0,4.3363,96000
2023-05-24 22:36:30,9,B+1.0,4.3305,96000
2023-05-24 22:36:35,15,B+1.0,4.3349,96000
2023-05-24 22:36:41,15,B+1.0,4.3658,96000
2023-05-24 22:36:45,10,W+1.0,4.371,96000
2023-05-24 22:36:48,9,B+1.0,4.3668,96000
2023-05-24 22:36:52,11,B+1.0,4.3668,96000
2023-05-24 22:36:55,9,B+1.0,4.3659,96000
2023-05-24 22:37:00,11,B+1.0,4.3735,96000
2023-05-24 22:37:04,11,B+1.0,4.3827,96000
2023-05-24 22:37:52,9,B+1.0,4.3395,97000
2023-05-24 22:37:57,11,B+1.0,4.3415,97000
2023-05-24 22:38:00,9,B+1.0,4.3446,97000
2023-05-24 22:38:05,14,W+1.0,4.3374,97000
2023-05-24 22:38:10,13,B+1.0,4.3537,97000
2023-05-24 22:38:14,11,B+1.0,4.3364,97000
2023-05-24 22:38:17,9,B+1.0,4.3283,97000
2023-05-24 22:38:21,9,B+1.0,4.3186,97000
2023-05-24 22:38:25,11,B+1.0,4.3231,97000
2023-05-24 22:38:32,17,B+1.0,4.3465,97000
2023-05-24 22:38:36,10,W+1.0,4.3483,97000
2023-05-24 22:38:39,9,B+1.0,4.3237,97000
2023-05-24 22:38:47,17,B+1.0,4.3612,97000
2023-05-24 22:38:51,11,B+1.0,4.3701,97000
2023-05-24 22:38:57,17,B+1.0,4.3916,97000
2023-05-24 22:39:02,13,B+1.0,4.4029,97000
2023-05-24 22:39:06,9,B+1.0,4.402,97000
2023-05-24 22:39:11,13,B+1.0,4.4193,97000
2023-05-24 22:39:16,15,B+1.0,4.4186,97000
2023-05-24 22:39:21,11,B+1.0,4.4294,97000
2023-05-24 22:39:25,11,B+1.0,4.4307,97000
2023-05-24 22:39:28,9,B+1.0,4.4061,97000
2023-05-24 22:39:34,13,B+1.0,4.413,97000
2023-05-24 22:39:38,11,B+1.0,4.4192,97000
2023-05-24 22:39:42,9,B+1.0,4.4158,97000
2023-05-24 22:39:45,9,B+1.0,4.4116,97000
2023-05-24 22:39:56,34,W+1.0,4.4822,97000
2023-05-24 22:40:00,9,B+1.0,4.4671,97000
2023-05-24 22:40:05,14,W+1.0,4.4506,97000
2023-05-24 22:40:08,9,B+1.0,4.4528,97000
2023-05-24 22:40:12,9,B+1.0,4.4364,97000
2023-05-24 22:40:15,9,B+1.0,4.4275,97000
2023-05-24 22:40:18,9,B+1.0,4.4088,97000
2023-05-24 22:40:22,9,B+1.0,4.3684,97000
2023-05-24 22:40:26,11,B+1.0,4.3678,97000
2023-05-24 22:40:31,15,B+1.0,4.3802,97000
2023-05-24 22:40:34,9,B+1.0,4.3576,97000
2023-05-24 22:40:41,17,B+1.0,4.3928,97000
2023-05-24 22:40:45,9,B+1.0,4.395,97000
2023-05-24 22:40:48,9,B+1.0,4.3928,97000
2023-05-24 22:40:52,11,B+1.0,4.3996,97000
2023-05-24 22:41:38,9,B+1.0,4.3623,98000
2023-05-24 22:41:44,13,B+1.0,4.381,98000
2023-05-24 22:41:48,9,B+1.0,4.3678,98000
2023-05-24 22:41:54,15,B+1.0,4.3808,98000
2023-05-24 22:41:59,11,B+1.0,4.3905,98000
2023-05-24 22:42:04,11,B+1.0,4.4043,98000
2023-05-24 22:42:07,9,B+1.0,4.385,98000
2023-05-24 22:42:12,11,B+1.0,4.3803,98000
2023-05-24 22:42:16,11,B+1.0,4.3759,98000
2023-05-24 22:42:20,11,B+1.0,4.3726,98000
2023-05-24 22:42:24,11,B+1.0,4.3769,98000
2023-05-24 22:42:28,9,B+1.0,4.3373,98000
2023-05-24 22:42:31,9,B+1.0,4.3376,98000
2023-05-24 22:42:36,11,B+1.0,4.3494,98000
2023-05-24 22:42:40,11,B+1.0,4.3419,98000
2023-05-24 22:42:46,13,B+1.0,4.3636,98000
2023-05-24 22:42:50,11,B+1.0,4.3603,98000
2023-05-24 22:42:54,9,B+1.0,4.335,98000
2023-05-24 22:42:57,9,B+1.0,4.3247,98000
2023-05-24 22:43:02,11,B+1.0,4.3388,98000
2023-05-24 22:43:08,15,B+1.0,4.3617,98000
2023-05-24 22:43:14,11,B+1.0,4.3713,98000
2023-05-24 22:43:17,9,B+1.0,4.3663,98000
2023-05-24 22:43:23,13,B+1.0,4.3909,98000
2023-05-24 22:43:31,17,B+1.0,4.4113,98000
2023-05-24 22:43:36,15,B+1.0,4.4191,98000
2023-05-24 22:43:41,11,B+1.0,4.427,98000
2023-05-24 22:43:44,9,B+1.0,4.4248,98000
2023-05-24 22:43:49,11,B+1.0,4.4144,98000
2023-05-24 22:43:53,9,B+1.0,4.4107,98000
2023-05-24 22:43:57,11,B+1.0,4.4157,98000
2023-05-24 22:44:01,9,B+1.0,4.4207,98000
2023-05-24 22:44:05,9,B+1.0,4.4266,98000
2023-05-24 22:44:08,9,B+1.0,4.4308,98000
2023-05-24 22:44:17,19,B+1.0,4.4848,98000
2023-05-24 22:44:20,9,B+1.0,4.4749,98000
2023-05-24 22:44:23,9,B+1.0,4.4752,98000
2023-05-24 22:44:27,9,B+1.0,4.4789,98000
2023-05-24 22:44:32,11,B+1.0,4.4652,98000
2023-05-24 22:44:36,9,B+1.0,4.4573,98000
2023-05-24 22:44:39,9,B+1.0,4.4547,98000
2023-05-24 22:45:28,9,B+1.0,4.4798,99000
2023-05-24 22:45:34,17,B+1.0,4.5037,99000
2023-05-24 22:45:38,9,B+1.0,4.4993,99000
2023-05-24 22:45:43,11,B+1.0,4.4512,99000
2023-05-24 22:45:47,9,B+1.0,4.4526,99000
2023-05-24 22:45:51,9,B+1.0,4.4564,99000
2023-05-24 22:45:54,9,B+1.0,4.4587,99000
2023-05-24 22:45:58,9,B+1.0,4.442,99000
2023-05-24 22:46:02,9,B+1.0,4.4202,99000
2023-05-24 22:46:13,29,B+1.0,4.4895,99000
2023-05-24 22:46:17,12,W+1.0,4.5015,99000
2023-05-24 22:46:23,15,B+1.0,4.5282,99000
2023-05-24 22:46:27,9,B+1.0,4.5285,99000
2023-05-24 22:46:30,9,B+1.0,4.5196,99000
2023-05-24 22:46:37,17,B+1.0,4.544,99000
2023-05-24 22:46:41,9,B+1.0,4.5336,99000
2023-05-24 22:46:46,12,W+1.0,4.5455,99000
2023-05-24 22:46:51,14,W+1.0,4.5603,99000
2023-05-24 22:46:55,9,B+1.0,4.5591,99000
2023-05-24 22:46:58,9,B+1.0,4.5474,99000
2023-05-24 22:47:04,17,B+1.0,4.5538,99000
2023-05-24 22:47:10,13,B+1.0,4.5762,99000
2023-05-24 22:47:14,9,B+1.0,4.58,99000
2023-05-24 22:47:18,9,B+1.0,4.5801,99000
2023-05-24 22:47:23,11,B+1.0,4.5883,99000
2023-05-24 22:47:30,19,B+1.0,4.5918,99000
2023-05-24 22:47:36,15,B+1.0,4.6118,99000
2023-05-24 22:47:43,15,B+1.0,4.6484,99000
2023-05-24 22:47:48,11,B+1.0,4.6253,99000
2023-05-24 22:47:52,9,B+1.0,4.6181,99000
2023-05-24 22:47:55,9,B+1.0,4.5929,99000
2023-05-24 22:47:59,9,B+1.0,4.5746,99000
2023-05-24 22:48:02,9,B+1.0,4.5728,99000
2023-05-24 22:48:08,15,B+1.0,4.587,99000
2023-05-24 22:48:14,15,B+1.0,4.5896,99000
2023-05-24 22:48:18,9,B+1.0,4.5832,99000
2023-05-24 22:48:21,9,B+1.0,4.57,99000
2023-05-24 22:48:24,9,B+1.0,4.571,99000
2023-05-24 22:48:32,21,B+1.0,4.5942,99000
2023-05-24 22:49:19,9,B+1.0,4.5878,100000
2023-05-24 22:49:25,15,B+1.0,4.6183,100000
2023-05-24 22:49:29,11,B+1.0,4.5486,100000
2023-05-24 22:49:33,9,B+1.0,4.548,100000
2023-05-24 22:49:37,10,W+1.0,4.5409,100000
2023-05-24 22:49:42,11,B+1.0,4.5508,100000
2023-05-24 22:49:47,11,B+1.0,4.5649,100000
2023-05-24 22:49:50,9,B+1.0,4.564,100000
2023-05-24 22:49:55,13,B+1.0,4.5825,100000
2023-05-24 22:49:58,10,W+1.0,4.579,100000
2023-05-24 22:50:01,9,B+1.0,4.5735,100000
2023-05-24 22:50:05,9,B+1.0,4.5588,100000
2023-05-24 22:50:08,9,B+1.0,4.5582,100000
2023-05-24 22:50:12,9,B+1.0,4.5215,100000
2023-05-24 22:50:17,13,B+1.0,4.5326,100000
2023-05-24 22:50:20,9,B+1.0,4.5312,100000
2023-05-24 22:50:24,11,B+1.0,4.5291,100000
2023-05-24 22:50:28,11,B+1.0,4.5375,100000
2023-05-24 22:50:31,9,B+1.0,4.5319,100000
2023-05-24 22:50:35,11,B+1.0,4.5122,100000
2023-05-24 22:50:40,13,B+1.0,4.5263,100000
2023-05-24 22:50:44,9,B+1.0,4.4972,100000
2023-05-24 22:50:47,9,B+1.0,4.4839,100000
2023-05-24 22:50:52,11,B+1.0,4.4821,100000
2023-05-24 22:50:57,13,B+1.0,4.502,100000
2023-05-24 22:51:04,18,W+1.0,4.5207,100000
2023-05-24 22:51:07,9,B+1.0,4.509,100000
2023-05-24 22:51:11,9,B+1.0,4.5026,100000
2023-05-24 22:51:16,13,B+1.0,4.5167,100000
2023-05-24 22:51:20,11,B+1.0,4.5248,100000
2023-05-24 22:51:25,13,B+1.0,4.5452,100000
2023-05-24 22:51:28,9,B+1.0,4.5271,100000
2023-05-24 22:51:34,15,B+1.0,4.5434,100000
2023-05-24 22:51:42,17,B+1.0,4.5611,100000
2023-05-24 22:51:49,20,W+1.0,4.5939,100000
2023-05-24 22:51:53,9,B+1.0,4.5909,100000
2023-05-24 22:51:56,9,B+1.0,4.5868,100000
2023-05-24 22:52:00,11,B+1.0,4.5773,100000
2023-05-24 22:52:03,9,B+1.0,4.5508,100000
2023-05-24 22:52:06,9,B+1.0,4.5308,100000
2023-05-24 22:52:10,9,B+1.0,4.5293,100000
2023-05-24 22:52:13,9,B+1.0,4.5,100000
2023-05-24 22:52:18,13,B+1.0,4.4728,100000
2023-05-24 22:53:06,13,B+1.0,4.4771,101000
2023-05-24 22:53:10,9,B+1.0,4.4792,101000
2023-05-24 22:53:13,9,B+1.0,4.4617,101000
2023-05-24 22:53:17,9,B+1.0,4.4596,101000
2023-05-24 22:53:21,11,B+1.0,4.4648,101000
2023-05-24 22:53:25,9,B+1.0,4.4644,101000
2023-05-24 22:53:28,9,B+1.0,4.4588,101000
2023-05-24 22:53:33,11,B+1.0,4.4692,101000
2023-05-24 22:53:36,9,B+1.0,4.4186,101000
2023-05-24 22:53:41,11,B+1.0,4.429,101000
2023-05-24 22:53:44,9,B+1.0,4.433,101000
2023-05-24 22:53:48,9,B+1.0,4.4296,101000
2023-05-24 22:53:51,9,B+1.0,4.4175,101000
2023-05-24 22:53:56,13,B+1.0,4.4337,101000
2023-05-24 22:54:00,9,B+1.0,4.4352,101000
2023-05-24 22:54:05,11,B+1.0,4.4325,101000
2023-05-24 22:54:09,11,B+1.0,4.4354,101000
2023-05-24 22:54:14,11,B+1.0,4.4188,101000
2023-05-24 22:54:17,9,B+1.0,4.4119,101000
2023-05-24 22:54:20,9,B+1.0,4.3886,101000
2023-05-24 22:54:26,16,W+1.0,4.4184,101000
2023-05-24 22:54:30,9,B+1.0,4.412,101000
2023-05-24 22:54:34,11,B+1.0,4.4187,101000
2023-05-24 22:54:38,13,B+1.0,4.4254,101000
2023-05-24 22:54:42,9,B+1.0,4.4225,101000
2023-05-24 22:54:46,9,B+1.0,4.3514,101000
2023-05-24 22:54:51,16,W+1.0,4.3606,101000
2023-05-24 22:54:57,16,W+1.0,4.3616,101000
2023-05-24 22:55:01,9,B+1.0,4.3612,101000
2023-05-24 22:55:04,9,B+1.0,4.36,101000
2023-05-24 22:55:10,13,B+1.0,4.3496,101000
2023-05-24 22:55:15,13,B+1.0,4.3631,101000
2023-05-24 22:55:18,9,B+1.0,4.3493,101000
2023-05-24 22:55:22,11,B+1.0,4.3316,101000
2023-05-24 22:55:26,9,B+1.0,4.3358,101000
2023-05-24 22:55:30,9,B+1.0,4.34,101000
2023-05-24 22:55:34,9,B+1.0,4.3202,101000
2023-05-24 22:55:41,17,B+1.0,4.3267,101000
2023-05-24 22:55:45,12,W+1.0,4.331,101000
2023-05-24 22:55:48,9,B+1.0,4.3278,101000
2023-05-24 22:55:54,13,B+1.0,4.3314,101000
2023-05-24 22:56:02,19,B+1.0,4.3427,101000
2023-05-24 22:56:05,9,B+1.0,4.3155,101000
2023-05-24 22:56:54,9,B+1.0,4.282,102000
2023-05-24 22:56:59,11,B+1.0,4.2914,102000
2023-05-24 22:57:05,13,B+1.0,4.3193,102000
2023-05-24 22:57:09,11,B+1.0,4.331,102000
2023-05-24 22:57:15,15,B+1.0,4.3569,102000
2023-05-24 22:57:19,9,B+1.0,4.3285,102000
2023-05-24 22:57:26,15,B+1.0,4.3414,102000
2023-05-24 22:57:30,9,B+1.0,4.3429,102000
2023-05-24 22:57:35,15,B+1.0,4.3709,102000
2023-05-24 22:57:40,9,B+1.0,4.3771,102000
2023-05-24 22:57:44,11,B+1.0,4.3482,102000
2023-05-24 22:57:49,11,B+1.0,4.3609,102000
2023-05-24 22:57:54,11,B+1.0,4.3733,102000
2023-05-24 22:57:58,9,B+1.0,4.3459,102000
2023-05-24 22:58:01,9,B+1.0,4.3406,102000
2023-05-24 22:58:07,15,B+1.0,4.3658,102000
2023-05-24 22:58:13,13,B+1.0,4.3794,102000
2023-05-24 22:58:18,11,B+1.0,4.3791,102000
2023-05-24 22:58:23,13,B+1.0,4.3828,102000
2023-05-24 22:58:31,17,B+1.0,4.4327,102000
2023-05-24 22:58:36,13,B+1.0,4.4345,102000
2023-05-24 22:58:41,11,B+1.0,4.4454,102000
2023-05-24 22:58:46,11,B+1.0,4.462,102000
2023-05-24 22:58:49,9,B+1.0,4.4632,102000
2023-05-24 22:58:55,14,W+1.0,4.4904,102000
2023-05-24 22:59:01,13,B+1.0,4.5161,102000
2023-05-24 22:59:05,9,B+1.0,4.506,102000
2023-05-24 22:59:15,25,B+1.0,4.5769,102000
2023-05-24 22:59:19,9,B+1.0,4.5754,102000
2023-05-24 22:59:23,9,B+1.0,4.5737,102000
2023-05-24 22:59:28,11,B+1.0,4.5868,102000
2023-05-24 22:59:31,9,B+1.0,4.58,102000
2023-05-24 22:59:37,13,B+1.0,4.5873,102000
2023-05-24 22:59:42,11,B+1.0,4.6039,102000
2023-05-24 22:59:46,9,B+1.0,4.6048,102000
2023-05-24 22:59:50,11,B+1.0,4.604,102000
2023-05-24 22:59:54,9,B+1.0,4.589,102000
2023-05-24 22:59:58,9,B+1.0,4.5631,102000
2023-05-24 23:00:44,11,B+1.0,4.5728,103000
2023-05-24 23:00:47,9,B+1.0,4.5535,103000
2023-05-24 23:00:52,11,B+1.0,4.5601,103000
2023-05-24 23:00:56,9,B+1.0,4.54,103000
2023-05-24 23:01:00,11,B+1.0,4.5516,103000
2023-05-24 23:01:05,13,B+1.0,4.5453,103000
2023-05-24 23:01:08,9,B+1.0,4.5041,103000
2023-05-24 23:01:15,15,B+1.0,4.492,103000
2023-05-24 23:01:18,9,B+1.0,4.4961,103000
2023-05-24 23:01:23,11,B+1.0,4.5081,103000
2023-05-24 23:01:29,15,B+1.0,4.5246,103000
2023-05-24 23:01:33,13,B+1.0,4.5405,103000
2023-05-24 23:01:37,9,B+1.0,4.5423,103000
2023-05-24 23:01:45,19,B+1.0,4.5871,103000
2023-05-24 23:01:48,9,B+1.0,4.5921,103000
2023-05-24 23:01:52,9,B+1.0,4.5817,103000
2023-05-24 23:01:56,9,B+1.0,4.5653,103000
2023-05-24 23:02:01,13,B+1.0,4.5639,103000
2023-05-24 23:02:04,9,B+1.0,4.561,103000
2023-05-24 23:02:11,15,B+1.0,4.5987,103000
2023-05-24 23:02:14,9,B+1.0,4.5951,103000
2023-05-24 23:02:18,9,B+1.0,4.5866,103000
2023-05-24 23:02:23,13,B+1.0,4.5995,103000
2023-05-24 23:02:27,9,B+1.0,4.6079,103000
2023-05-24 23:02:31,9,B+1.0,4.5947,103000
2023-05-24 23:02:36,11,B+1.0,4.6107,103000
2023-05-24 23:02:41,11,B+1.0,4.6188,103000
2023-05-24 23:02:46,11,B+1.0,4.6321,103000
2023-05-24 23:02:52,15,B+1.0,4.6556,103000
2023-05-24 23:02:56,11,B+1.0,4.6649,103000
2023-05-24 23:03:03,19,B+1.0,4.6826,103000
2023-05-24 23:03:09,13,B+1.0,4.7067,103000
2023-05-24 23:03:14,11,B+1.0,4.7027,103000
2023-05-24 23:03:19,11,B+1.0,4.71,103000
2023-05-24 23:03:28,23,B+1.0,4.764,103000
2023-05-24 23:03:32,9,B+1.0,4.7678,103000
2023-05-24 23:03:35,9,B+1.0,4.7735,103000
2023-05-24 23:03:41,13,B+1.0,4.7668,103000
2023-05-24 23:03:45,9,B+1.0,4.7674,103000
2023-05-24 23:04:35,17,B+1.0,4.7858,104000
2023-05-24 23:04:38,9,B+1.0,4.7839,104000
2023-05-24 23:04:42,9,B+1.0,4.7859,104000
2023-05-24 23:04:47,11,B+1.0,4.779,104000
2023-05-24 23:04:51,9,B+1.0,4.7561,104000
2023-05-24 23:04:55,9,B+1.0,4.7618,104000
2023-05-24 23:04:58,9,B+1.0,4.7599,104000
2023-05-24 23:05:04,13,B+1.0,4.7546,104000
2023-05-24 23:05:08,9,B+1.0,4.7451,104000
2023-05-24 23:05:11,9,B+1.0,4.7495,104000
2023-05-24 23:05:15,9,B+1.0,4.7451,104000
2023-05-24 23:05:21,13,B+1.0,4.7697,104000
2023-05-24 23:05:27,14,W+1.0,4.7845,104000
2023-05-24 23:05:31,9,B+1.0,4.7853,104000
2023-05-24 23:05:34,9,B+1.0,4.7518,104000
2023-05-24 23:05:43,19,B+1.0,4.8039,104000
2023-05-24 23:05:52,19,B+1.0,4.8575,104000
2023-05-24 23:05:57,11,B+1.0,4.8527,104000
2023-05-24 23:06:01,9,B+1.0,4.8042,104000
2023-05-24 23:06:06,11,B+1.0,4.8239,104000
2023-05-24 23:06:10,9,B+1.0,4.8159,104000
2023-05-24 23:06:17,15,B+1.0,4.8445,104000
2023-05-24 23:06:28,31,B+1.0,4.9138,104000
2023-05-24 23:06:34,13,B+1.0,4.9098,104000
2023-05-24 23:06:38,9,B+1.0,4.9061,104000
2023-05-24 23:06:42,11,B+1.0,4.8901,104000
2023-05-24 23:06:47,11,B+1.0,4.9014,104000
2023-05-24 23:06:53,12,W+1.0,4.8952,104000
2023-05-24 23:06:58,9,B+1.0,4.8973,104000
2023-05-24 23:07:01,9,B+1.0,4.876,104000
2023-05-24 23:07:05,9,B+1.0,4.8711,104000
2023-05-24 23:07:08,9,B+1.0,4.8607,104000
2023-05-24 23:07:12,9,B+1.0,4.8499,104000
2023-05-24 23:07:16,9,B+1.0,4.8341,104000
2023-05-24 23:07:20,9,B+1.0,4.8392,104000
2023-05-24 23:07:26,15,B+1.0,4.8629,104000
2023-05-24 23:07:32,14,W+1.0,4.86,104000
2023-05-24 23:08:29,30,W+1.0,4.9394,105000
2023-05-24 23:08:33,11,B+1.0,4.929,105000
2023-05-24 23:08:37,9,B+1.0,4.8864,105000
2023-05-24 23:08:41,9,B+1.0,4.8685,105000
2023-05-24 23:08:45,9,B+1.0,4.863,105000
2023-05-24 23:08:51,13,B+1.0,4.8759,105000
2023-05-24 23:08:56,11,B+1.0,4.8893,105000
2023-05-24 23:09:02,13,B+1.0,4.8873,105000
2023-05-24 23:09:06,9,B+1.0,4.8659,105000
2023-05-24 23:09:11,11,B+1.0,4.8763,105000
2023-05-24 23:09:17,15,B+1.0,4.8385,105000
2023-05-24 23:09:20,9,B+1.0,4.8333,105000
2023-05-24 23:09:25,11,B+1.0,4.8419,105000
2023-05-24 23:09:30,11,B+1.0,4.8444,105000
2023-05-24 23:09:35,12,W+1.0,4.8628,105000
2023-05-24 23:09:41,11,B+1.0,4.86,105000
2023-05-24 23:09:44,9,B+1.0,4.842,105000
2023-05-24 23:09:48,9,B+1.0,4.8454,105000
2023-05-24 23:09:51,9,B+1.0,4.8342,105000
2023-05-24 23:09:56,11,B+1.0,4.8437,105000
2023-05-24 23:10:01,11,B+1.0,4.8571,105000
2023-05-24 23:10:06,11,B+1.0,4.8788,105000
2023-05-24 23:10:13,17,B+1.0,4.8997,105000
2023-05-24 23:10:17,9,B+1.0,4.9056,105000
2023-05-24 23:10:24,15,B+1.0,4.9202,105000
2023-05-24 23:10:30,13,B+1.0,4.9455,105000
2023-05-24 23:10:35,15,B+1.0,4.9622,105000
2023-05-24 23:10:41,13,B+1.0,4.9657,105000
2023-05-24 23:10:47,13,B+1.0,4.9947,105000
2023-05-24 23:10:51,9,B+1.0,4.97,105000
2023-05-24 23:10:56,9,B+1.0,4.978,105000
2023-05-24 23:11:00,11,B+1.0,4.9794,105000
2023-05-24 23:11:04,9,B+1.0,4.9577,105000
2023-05-24 23:11:09,11,B+1.0,4.957,105000
2023-05-24 23:11:12,9,B+1.0,4.9618,105000
2023-05-24 23:11:16,9,B+1.0,4.923,105000
2023-05-24 23:11:21,11,B+1.0,4.9315,105000
2023-05-24 23:11:24,9,B+1.0,4.9305,105000
2023-05-24 23:12:12,9,B+1.0,4.936,106000
2023-05-24 23:12:16,11,B+1.0,4.9439,106000
2023-05-24 23:12:21,13,B+1.0,4.9269,106000
2023-05-24 23:12:29,17,B+1.0,4.9684,106000
2023-05-24 23:12:32,9,B+1.0,4.9673,106000
2023-05-24 23:12:36,9,B+1.0,4.9535,106000
2023-05-24 23:12:39,9,B+1.0,4.9481,106000
2023-05-24 23:12:44,11,B+1.0,4.9565,106000
2023-05-24 23:12:48,9,B+1.0,4.9492,106000
2023-05-24 23:12:52,9,B+1.0,4.9388,106000
2023-05-24 23:12:57,11,B+1.0,4.9339,106000
2023-05-24 23:13:03,15,B+1.0,4.9373,106000
2023-05-24 23:13:08,11,B+1.0,4.9417,106000
2023-05-24 23:13:12,9,B+1.0,4.9114,106000
2023-05-24 23:13:15,9,B+1.0,4.8878,106000
2023-05-24 23:13:27,25,B+1.0,4.9539,106000
2023-05-24 23:13:31,11,B+1.0,4.9474,106000
2023-05-24 23:13:35,10,W+1.0,4.8904,106000
2023-05-24 23:13:44,26,W+1.0,4.9435,106000
2023-05-24 23:13:47,9,B+1.0,4.9422,106000
2023-05-24 23:13:53,16,W+1.0,4.9464,106000
2023-05-24 23:13:57,11,B+1.0,4.9535,106000
2023-05-24 23:14:01,11,B+1.0,4.9604,106000
2023-05-24 23:14:05,9,B+1.0,4.9281,106000
2023-05-24 23:14:09,9,B+1.0,4.9291,106000
2023-05-24 23:14:14,11,B+1.0,4.9387,106000
2023-05-24 23:14:17,9,B+1.0,4.9245,106000
2023-05-24 23:14:21,9,B+1.0,4.9223,106000
2023-05-24 23:14:25,11,B+1.0,4.9286,106000
2023-05-24 23:14:30,11,B+1.0,4.9445,106000
2023-05-24 23:14:37,17,B+1.0,4.9558,106000
2023-05-24 23:14:41,11,B+1.0,4.9566,106000
2023-05-24 23:14:44,9,B+1.0,4.9522,106000
2023-05-24 23:14:48,11,B+1.0,4.9567,106000
2023-05-24 23:14:52,9,B+1.0,4.9275,106000
2023-05-24 23:14:55,9,B+1.0,4.9061,106000
2023-05-24 23:15:01,15,B+1.0,4.9236,106000
2023-05-24 23:15:05,11,B+1.0,4.932,106000
2023-05-24 23:15:09,9,B+1.0,4.8819,106000
2023-05-24 23:15:12,9,B+1.0,4.8253,106000
2023-05-24 23:16:02,11,B+1.0,4.8229,107000
2023-05-24 23:16:07,11,B+1.0,4.8204,107000
2023-05-24 23:16:11,11,B+1.0,4.8252,107000
2023-05-24 23:16:15,9,B+1.0,4.7961,107000
2023-05-24 23:16:20,11,B+1.0,4.7324,107000
2023-05-24 23:16:24,9,B+1.0,4.71,107000
2023-05-24 23:16:27,9,B+1.0,4.7057,107000
2023-05-24 23:16:31,9,B+1.0,4.6996,107000
2023-05-24 23:16:35,9,B+1.0,4.6898,107000
2023-05-24 23:16:40,11,B+1.0,4.6777,107000
2023-05-24 23:16:44,9,B+1.0,4.6759,107000
2023-05-24 23:16:49,11,B+1.0,4.6886,107000
2023-05-24 23:16:52,9,B+1.0,4.6904,107000
2023-05-24 23:16:57,11,B+1.0,4.6987,107000
2023-05-24 23:17:00,9,B+1.0,4.6943,107000
2023-05-24 23:17:04,9,B+1.0,4.6967,107000
2023-05-24 23:17:08,9,B+1.0,4.6924,107000
2023-05-24 23:17:13,11,B+1.0,4.684,107000
2023-05-24 23:17:18,13,B+1.0,4.6793,107000
2023-05-24 23:17:22,9,B+1.0,4.6355,107000
2023-05-24 23:17:27,13,B+1.0,4.5855,107000
2023-05-24 23:17:31,9,B+1.0,4.5811,107000
2023-05-24 23:17:36,11,B+1.0,4.5987,107000
2023-05-24 23:17:41,12,W+1.0,4.6117,107000
2023-05-24 23:17:45,11,B+1.0,4.6153,107000
2023-05-24 23:17:52,17,B+1.0,4.6227,107000
2023-05-24 23:17:57,11,B+1.0,4.6209,107000
2023-05-24 23:18:02,11,B+1.0,4.6131,107000
2023-05-24 23:18:10,19,B+1.0,4.6518,107000
2023-05-24 23:18:13,9,B+1.0,4.6383,107000
2023-05-24 23:18:18,11,B+1.0,4.6213,107000
2023-05-24 23:18:22,9,B+1.0,4.6274,107000
2023-05-24 23:18:26,9,B+1.0,4.614,107000
2023-05-24 23:18:31,13,B+1.0,4.6186,107000
2023-05-24 23:18:35,9,B+1.0,4.6021,107000
2023-05-24 23:18:38,9,B+1.0,4.5824,107000
2023-05-24 23:18:42,9,B+1.0,4.5864,107000
2023-05-24 23:18:47,11,B+1.0,4.6005,107000
2023-05-24 23:18:53,13,B+1.0,4.6257,107000
2023-05-24 23:18:57,9,B+1.0,4.6173,107000
2023-05-24 23:19:01,9,B+1.0,4.6055,107000
2023-05-24 23:19:48,9,B+1.0,4.5554,108000
2023-05-24 23:19:52,9,B+1.0,4.5524,108000
2023-05-24 23:19:56,11,B+1.0,4.5346,108000
2023-05-24 23:20:02,17,B+1.0,4.5394,108000
2023-05-24 23:20:07,11,B+1.0,4.5249,108000
2023-05-24 23:20:12,13,B+1.0,4.5203,108000
2023-05-24 23:20:16,9,B+1.0,4.4981,108000
2023-05-24 23:20:21,11,B+1.0,4.5056,108000
2023-05-24 23:20:25,11,B+1.0,4.5084,108000
2023-05-24 23:20:30,11,B+1.0,4.5034,108000
2023-05-24 23:20:33,9,B+1.0,4.5046,108000
2023-05-24 23:20:45,33,B+1.0,4.5729,108000
2023-05-24 23:20:48,9,B+1.0,4.5667,108000
2023-05-24 23:20:52,9,B+1.0,4.5688,108000
2023-05-24 23:20:57,11,B+1.0,4.5712,108000
2023-05-24 23:21:01,9,B+1.0,4.5726,108000
2023-05-24 23:21:04,9,B+1.0,4.5489,108000
2023-05-24 23:21:10,13,B+1.0,4.5706,108000
2023-05-24 23:21:13,9,B+1.0,4.5626,108000
2023-05-24 23:21:18,11,B+1.0,4.557,108000
2023-05-24 23:21:21,9,B+1.0,4.5155,108000
2023-05-24 23:21:25,9,B+1.0,4.5125,108000
2023-05-24 23:21:30,13,B+1.0,4.533,108000
2023-05-24 23:21:34,11,B+1.0,4.5402,108000
2023-05-24 23:21:38,9,B+1.0,4.5323,108000
2023-05-24 23:21:42,9,B+1.0,4.5257,108000
2023-05-24 23:21:49,17,B+1.0,4.5575,108000
2023-05-24 23:21:54,11,B+1.0,4.5597,108000
2023-05-24 23:21:57,9,B+1.0,4.5353,108000
2023-05-24 23:22:01,9,B+1.0,4.5198,108000
2023-05-24 23:22:04,9,B+1.0,4.5159,108000
2023-05-24 23:22:08,9,B+1.0,4.5165,108000
2023-05-24 23:22:13,11,B+1.0,4.45,108000
2023-05-24 23:22:18,11,B+1.0,4.4624,108000
2023-05-24 23:22:22,9,B+1.0,4.459,108000
2023-05-24 23:22:27,13,B+1.0,4.4178,108000
2023-05-24 23:22:30,9,B+1.0,4.4176,108000
2023-05-24 23:22:35,11,B+1.0,4.4048,108000
2023-05-24 23:22:38,9,B+1.0,4.3952,108000
2023-05-24 23:22:44,14,W+1.0,4.4119,108000
2023-05-24 23:22:51,17,B+1.0,4.4429,108000
2023-05-24 23:23:36,9,B+1.0,4.4482,109000
2023-05-24 23:23:43,15,B+1.0,4.4852,109000
2023-05-24 23:23:46,9,B+1.0,4.482,109000
2023-05-24 23:23:49,9,B+1.0,4.4681,109000
2023-05-24 23:23:53,11,B+1.0,4.4598,109000
2023-05-24 23:23:57,9,B+1.0,4.4294,109000
2023-05-24 23:24:00,11,B+1.0,4.4254,109000
2023-05-24 23:24:04,11,B+1.0,4.4298,109000
2023-05-24 23:24:09,11,B+1.0,4.4413,109000
2023-05-24 23:24:13,9,B+1.0,4.4427,109000
2023-05-24 23:24:16,9,B+1.0,4.4438,109000
2023-05-24 23:24:20,9,B+1.0,4.4206,109000
2023-05-24 23:24:25,15,B+1.0,4.429,109000
2023-05-24 23:24:29,11,B+1.0,4.4251,109000
2023-05-24 23:24:35,15,B+1.0,4.4604,109000
2023-05-24 23:24:39,9,B+1.0,4.4562,109000
2023-05-24 23:24:43,9,B+1.0,4.4521,109000
2023-05-24 23:24:46,9,B+1.0,4.4396,109000
2023-05-24 23:24:50,9,B+1.0,4.429,109000
2023-05-24 23:24:54,9,B+1.0,4.4316,109000
2023-05-24 23:24:58,11,B+1.0,4.4199,109000
2023-05-24 23:25:01,9,B+1.0,4.4178,109000
2023-05-24 23:25:05,9,B+1.0,4.4167,109000
2023-05-24 23:25:09,9,B+1.0,4.4176,109000
2023-05-24 23:25:12,9,B+1.0,4.4143,109000
2023-05-24 23:25:16,9,B+1.0,4.4008,109000
2023-05-24 23:25:19,9,B+1.0,4.396,109000
2023-05-24 23:25:23,9,B+1.0,4.3886,109000
2023-05-24 23:25:27,10,W+1.0,4.3915,109000
2023-05-24 23:25:32,11,B+1.0,4.3922,109000
2023-05-24 23:25:37,11,B+1.0,4.4108,109000
2023-05-24 23:25:44,18,W+1.0,4.4406,109000
2023-05-24 23:25:48,11,B+1.0,4.4439,109000
2023-05-24 23:25:52,9,B+1.0,4.4282,109000
2023-05-24 23:25:56,11,B+1.0,4.4167,109000
2023-05-24 23:25:59,9,B+1.0,4.4184,109000
2023-05-24 23:26:03,9,B+1.0,4.4,109000
2023-05-24 23:26:10,17,B+1.0,4.4368,109000
2023-05-24 23:26:18,19,B+1.0,4.4632,109000
2023-05-24 23:26:22,9,B+1.0,4.4539,109000
2023-05-24 23:26:28,14,W+1.0,4.4688,109000
2023-05-24 23:26:36,23,B+1.0,4.4754,109000
2023-05-24 23:26:39,9,B+1.0,4.4622,109000
2023-05-24 23:27:24,11,B+1.0,4.4009,110000
2023-05-24 23:27:27,9,B+1.0,4.3987,110000
2023-05-24 23:27:31,9,B+1.0,4.3906,110000
2023-05-24 23:27:34,9,B+1.0,4.384,110000
2023-05-24 23:27:39,11,B+1.0,4.3926,110000
2023-05-24 23:27:44,14,W+1.0,4.3969,110000
2023-05-24 23:27:51,16,W+1.0,4.428,110000
2023-05-24 23:27:55,9,B+1.0,4.4296,110000
2023-05-24 23:27:59,11,B+1.0,4.435,110000
2023-05-24 23:28:03,11,B+1.0,4.424,110000
2023-05-24 23:28:07,9,B+1.0,4.4003,110000
2023-05-24 23:28:12,11,B+1.0,4.4039,110000
2023-05-24 23:28:15,9,B+1.0,4.3986,110000
2023-05-24 23:28:18,9,B+1.0,4.3967,110000
2023-05-24 23:28:22,11,B+1.0,4.4018,110000
2023-05-24 23:28:28,15,B+1.0,4.4262,110000
2023-05-24 23:28:34,17,B+1.0,4.4415,110000
2023-05-24 23:28:39,11,B+1.0,4.4198,110000
2023-05-24 23:28:43,11,B+1.0,4.4218,110000
2023-05-24 23:28:48,13,B+1.0,4.4228,110000
2023-05-24 23:28:52,9,B+1.0,4.4163,110000
2023-05-24 23:28:55,9,B+1.0,4.4042,110000
2023-05-24 23:29:00,11,B+1.0,4.4008,110000
2023-05-24 23:29:06,15,B+1.0,4.4182,110000
2023-05-24 23:29:11,16,W+1.0,4.439,110000
2023-05-24 23:29:17,13,B+1.0,4.3777,110000
2023-05-24 23:29:22,15,B+1.0,4.3978,110000
2023-05-24 23:29:33,33,B+1.0,4.4639,110000
2023-05-24 23:29:38,13,B+1.0,4.4692,110000
2023-05-24 23:29:43,11,B+1.0,4.4843,110000
2023-05-24 23:29:48,11,B+1.0,4.4927,110000
2023-05-24 23:29:52,12,W+1.0,4.484,110000
2023-05-24 23:30:01,17,B+1.0,4.5351,110000
2023-05-24 23:30:05,10,W+1.0,4.5302,110000
2023-05-24 23:30:09,9,B+1.0,4.5341,110000
2023-05-24 23:30:13,11,B+1.0,4.5439,110000
2023-05-24 23:30:18,15,B+1.0,4.5418,110000
2023-05-24 23:30:22,9,B+1.0,4.5355,110000
2023-05-24 23:31:11,11,B+1.0,4.5379,111000
2023-05-24 23:31:15,9,B+1.0,4.5026,111000
2023-05-24 23:31:21,12,W+1.0,4.5109,111000
2023-05-24 23:31:25,11,B+1.0,4.5246,111000
2023-05-24 23:31:30,11,B+1.0,4.5319,111000
2023-05-24 23:31:35,13,B+1.0,4.554,111000
2023-05-24 23:31:40,11,B+1.0,4.5622,111000
2023-05-24 23:31:44,11,B+1.0,4.5567,111000
2023-05-24 23:31:47,9,B+1.0,4.5331,111000
2023-05-24 23:31:51,9,B+1.0,4.5338,111000
2023-05-24 23:31:54,9,B+1.0,4.5222,111000
2023-05-24 23:31:58,9,B+1.0,4.5281,111000
2023-05-24 23:32:03,13,B+1.0,4.5305,111000
2023-05-24 23:32:08,11,B+1.0,4.5437,111000
2023-05-24 23:32:11,9,B+1.0,4.5181,111000
2023-05-24 23:32:15,9,B+1.0,4.4843,111000
2023-05-24 23:32:19,9,B+1.0,4.4668,111000
2023-05-24 23:32:22,9,B+1.0,4.4681,111000
2023-05-24 23:32:26,9,B+1.0,4.4329,111000
2023-05-24 23:32:30,11,B+1.0,4.4458,111000
2023-05-24 23:32:35,11,B+1.0,4.4566,111000
2023-05-24 23:32:38,9,B+1.0,4.4486,111000
2023-05-24 23:32:42,9,B+1.0,4.4522,111000
2023-05-24 23:32:49,19,B+1.0,4.4936,111000
2023-05-24 23:32:54,11,B+1.0,4.5005,111000
2023-05-24 23:32:58,9,B+1.0,4.4859,111000
2023-05-24 23:33:02,11,B+1.0,4.4894,111000
2023-05-24 23:33:05,9,B+1.0,4.4896,111000
2023-05-24 23:33:08,9,B+1.0,4.4886,111000
2023-05-24 23:33:12,10,W+1.0,4.4777,111000
2023-05-24 23:33:16,11,B+1.0,4.4754,111000
2023-05-24 23:33:19,9,B+1.0,4.4417,111000
2023-05-24 23:33:24,11,B+1.0,4.4508,111000
2023-05-24 23:33:27,9,B+1.0,4.4448,111000
2023-05-24 23:33:31,9,B+1.0,4.4443,111000
2023-05-24 23:33:35,11,B+1.0,4.449,111000
2023-05-24 23:33:38,9,B+1.0,4.4472,111000
2023-05-24 23:33:42,9,B+1.0,4.4397,111000
2023-05-24 23:33:47,13,B+1.0,4.4564,111000
2023-05-24 23:33:53,15,B+1.0,4.4867,111000
2023-05-24 23:34:02,19,B+1.0,4.5354,111000
2023-05-24 23:34:07,11,B+1.0,4.5488,111000
2023-05-24 23:34:10,9,B+1.0,4.546,111000
2023-05-24 23:34:59,9,B+1.0,4.5455,112000
2023-05-24 23:35:02,9,B+1.0,4.5427,112000
2023-05-24 23:35:07,11,B+1.0,4.543,112000
2023-05-24 23:35:13,17,B+1.0,4.5559,112000
2023-05-24 23:35:17,9,B+1.0,4.5237,112000
2023-05-24 23:35:22,11,B+1.0,4.5337,112000
2023-05-24 23:35:25,9,B+1.0,4.5302,112000
2023-05-24 23:35:30,11,B+1.0,4.5387,112000
2023-05-24 23:35:34,9,B+1.0,4.543,112000
2023-05-24 23:35:39,14,W+1.0,4.56,112000
2023-05-24 23:35:43,9,B+1.0,4.5223,112000
2023-05-24 23:35:49,14,W+1.0,4.4984,112000
2023-05-24 23:35:53,11,B+1.0,4.5018,112000
2023-05-24 23:35:56,9,B+1.0,4.4737,112000
2023-05-24 23:35:59,9,B+1.0,4.4317,112000
2023-05-24 23:36:04,14,W+1.0,4.4474,112000
2023-05-24 23:36:08,11,B+1.0,4.4586,112000
2023-05-24 23:36:12,9,B+1.0,4.4548,112000
2023-05-24 23:36:17,11,B+1.0,4.4682,112000
2023-05-24 23:36:21,11,B+1.0,4.4755,112000
2023-05-24 23:36:26,11,B+1.0,4.4893,112000
2023-05-24 23:36:31,11,B+1.0,4.4942,112000
2023-05-24 23:36:34,9,B+1.0,4.4734,112000
2023-05-24 23:36:39,14,W+1.0,4.4512,112000
2023-05-24 23:36:43,11,B+1.0,4.4548,112000
2023-05-24 23:36:47,9,B+1.0,4.4522,112000
2023-05-24 23:36:51,11,B+1.0,4.4527,112000
2023-05-24 23:36:55,9,B+1.0,4.4518,112000
2023-05-24 23:36:58,9,B+1.0,4.4425,112000
2023-05-24 23:37:03,11,B+1.0,4.4606,112000
2023-05-24 23:37:08,15,B+1.0,4.4772,112000
2023-05-24 23:37:15,16,W+1.0,4.5034,112000
2023-05-24 23:37:19,9,B+1.0,4.4787,112000
2023-05-24 23:37:27,19,B+1.0,4.5011,112000
2023-05-24 23:37:33,15,B+1.0,4.5227,112000
2023-05-24 23:37:41,19,B+1.0,4.5539,112000
2023-05-24 23:37:47,13,B+1.0,4.5586,112000
2023-05-24 23:37:50,9,B+1.0,4.5579,112000
2023-05-24 23:37:54,11,B+1.0,4.5647,112000
2023-05-24 23:37:58,9,B+1.0,4.5558,112000
2023-05-24 23:38:45,9,B+1.0,4.5114,113000
2023-05-24 23:38:50,11,B+1.0,4.5004,113000
2023-05-24 23:38:53,9,B+1.0,4.4841,113000
2023-05-24 23:38:58,11,B+1.0,4.4236,113000
2023-05-24 23:39:03,11,B+1.0,4.4165,113000
2023-05-24 23:39:06,9,B+1.0,4.4019,113000
2023-05-24 23:39:10,9,B+1.0,4.3901,113000
2023-05-24 23:39:13,9,B+1.0,4.3757,113000
2023-05-24 23:39:20,16,W+1.0,4.3632,113000
2023-05-24 23:39:25,11,B+1.0,4.3677,113000
2023-05-24 23:39:29,9,B+1.0,4.3687,113000
2023-05-24 23:39:35,15,B+1.0,4.3837,113000
2023-05-24 23:39:39,11,B+1.0,4.3763,113000
2023-05-24 23:39:46,17,B+1.0,4.4122,113000
2023-05-24 23:39:52,13,B+1.0,4.4358,113000
2023-05-24 23:39:55,9,B+1.0,4.4275,113000
2023-05-24 23:40:02,13,B+1.0,4.4534,113000
2023-05-24 23:40:06,11,B+1.0,4.4388,113000
2023-05-24 23:40:09,9,B+1.0,4.4232,113000
2023-05-24 23:40:13,9,B+1.0,4.4165,113000
2023-05-24 23:40:17,11,B+1.0,4.4022,113000
2023-05-24 23:40:20,9,B+1.0,4.3901,113000
2023-05-24 23:40:24,11,B+1.0,4.3885,113000
2023-05-24 23:40:28,9,B+1.0,4.3938,113000
2023-05-24 23:40:33,11,B+1.0,4.4025,113000
2023-05-24 23:40:36,9,B+1.0,4.4013,113000
2023-05-24 23:40:40,9,B+1.0,4.4012,113000
2023-05-24 23:40:45,13,B+1.0,4.4053,113000
2023-05-24 23:40:50,11,B+1.0,4.4097,113000
2023-05-24 23:40:59,22,W+1.0,4.4634,113000
2023-05-24 23:41:05,13,B+1.0,4.4833,113000
2023-05-24 23:41:09,11,B+1.0,4.4884,113000
2023-05-24 23:41:13,11,B+1.0,4.494,113000
2023-05-24 23:41:17,9,B+1.0,4.4932,113000
2023-05-24 23:41:22,13,B+1.0,4.5056,113000
2023-05-24 23:41:27,11,B+1.0,4.5094,113000
2023-05-24 23:41:30,9,B+1.0,4.5106,113000
2023-05-24 23:41:35,11,B+1.0,4.5158,113000
2023-05-24 23:41:42,15,B+1.0,4.5062,113000
2023-05-24 23:41:45,9,B+1.0,4.498,113000
2023-05-24 23:42:35,11,B+1.0,4.5243,114000
2023-05-24 23:42:38,9,B+1.0,4.5259,114000
2023-05-24 23:42:42,9,B+1.0,4.5277,114000
2023-05-24 23:42:46,11,B+1.0,4.5354,114000
2023-05-24 23:42:54,17,B+1.0,4.578,114000
2023-05-24 23:42:59,9,B+1.0,4.5867,114000
2023-05-24 23:43:03,11,B+1.0,4.5916,114000
2023-05-24 23:43:10,17,B+1.0,4.6221,114000
2023-05-24 23:43:14,11,B+1.0,4.6309,114000
2023-05-24 23:43:19,11,B+1.0,4.639,114000
2023-05-24 23:43:23,9,B+1.0,4.6368,114000
2023-05-24 23:43:26,9,B+1.0,4.6373,114000
2023-05-24 23:43:29,9,B+1.0,4.6185,114000
2023-05-24 23:43:33,9,B+1.0,4.5912,114000
2023-05-24 23:43:39,15,B+1.0,4.5691,114000
2023-05-24 23:43:43,9,B+1.0,4.5581,114000
2023-05-24 23:43:47,9,B+1.0,4.5629,114000
2023-05-24 23:43:54,15,B+1.0,4.5914,114000
2023-05-24 23:43:57,9,B+1.0,4.5914,114000
2023-05-24 23:44:02,9,B+1.0,4.5975,114000
2023-05-24 23:44:05,9,B+1.0,4.5857,114000
2023-05-24 23:44:10,11,B+1.0,4.5722,114000
2023-05-24 23:44:14,9,B+1.0,4.5734,114000
2023-05-24 23:44:19,13,B+1.0,4.5694,114000
2023-05-24 23:44:22,9,B+1.0,4.5679,114000
2023-05-24 23:44:27,11,B+1.0,4.5674,114000
2023-05-24 23:44:33,13,B+1.0,4.5867,114000
2023-05-24 23:44:36,9,B+1.0,4.5715,114000
2023-05-24 23:44:40,9,B+1.0,4.5727,114000
2023-05-24 23:44:44,9,B+1.0,4.5512,114000
2023-05-24 23:44:49,13,B+1.0,4.5625,114000
2023-05-24 23:44:53,9,B+1.0,4.5693,114000
2023-05-24 23:44:58,13,B+1.0,4.5932,114000
2023-05-24 23:45:02,9,B+1.0,4.5805,114000
2023-05-24 23:45:06,9,B+1.0,4.5774,114000
2023-05-24 23:45:13,17,B+1.0,4.6181,114000
2023-05-24 23:45:19,13,B+1.0,4.6291,114000
2023-05-24 23:45:23,9,B+1.0,4.6228,114000
2023-05-24 23:45:27,9,B+1.0,4.61,114000
2023-05-24 23:45:30,9,B+1.0,4.5996,114000
2023-05-24 23:46:20,9,B+1.0,4.5935,115000
2023-05-24 23:46:25,13,B+1.0,4.6045,115000
2023-05-24 23:46:29,9,B+1.0,4.6021,115000
2023-05-24 23:46:33,9,B+1.0,4.5949,115000
2023-05-24 23:46:39,15,B+1.0,4.6194,115000
2023-05-24 23:46:45,16,W+1.0,4.6498,115000
2023-05-24 23:46:49,9,B+1.0,4.6379,115000
2023-05-24 23:46:53,9,B+1.0,4.6198,115000
2023-05-24 23:46:56,9,B+1.0,4.5892,115000
2023-05-24 23:47:02,13,B+1.0,4.6136,115000
2023-05-24 23:47:05,9,B+1.0,4.5654,115000
2023-05-24 23:47:10,13,B+1.0,4.5456,115000
2023-05-24 23:47:14,11,B+1.0,4.5103,115000
2023-05-24 23:47:18,9,B+1.0,4.4876,115000
2023-05-24 23:47:23,15,B+1.0,4.5131,115000
2023-05-24 23:47:31,19,B+1.0,4.5466,115000
2023-05-24 23:47:34,9,B+1.0,4.5425,115000
2023-05-24 23:47:39,11,B+1.0,4.5563,115000
2023-05-24 23:47:43,14,W+1.0,4.5593,115000
2023-05-24 23:47:46,9,B+1.0,4.5477,115000
2023-05-24 23:47:50,11,B+1.0,4.551,115000
2023-05-24 23:47:54,11,B+1.0,4.5446,115000
2023-05-24 23:47:58,11,B+1.0,4.5376,115000
2023-05-24 23:48:02,11,B+1.0,4.5453,115000
2023-05-24 23:48:06,9,B+1.0,4.549,115000
2023-05-24 23:48:09,9,B+1.0,4.5455,115000
2023-05-24 23:48:12,9,B+1.0,4.5022,115000
2023-05-24 23:48:16,9,B+1.0,4.4894,115000
2023-05-24 23:48:19,9,B+1.0,4.4878,115000
2023-05-24 23:48:22,9,B+1.0,4.4635,115000
2023-05-24 23:48:26,9,B+1.0,4.4515,115000
2023-05-24 23:48:29,9,B+1.0,4.4102,115000
2023-05-24 23:48:33,9,B+1.0,4.391,115000
2023-05-24 23:48:36,9,B+1.0,4.3946,115000
2023-05-24 23:48:41,11,B+1.0,4.3758,115000
2023-05-24 23:48:44,9,B+1.0,4.3661,115000
2023-05-24 23:48:49,15,B+1.0,4.3834,115000
2023-05-24 23:48:53,11,B+1.0,4.3878,115000
2023-05-24 23:49:00,19,B+1.0,4.4106,115000
2023-05-24 23:49:03,9,B+1.0,4.4102,115000
2023-05-24 23:49:06,9,B+1.0,4.4026,115000
2023-05-24 23:49:09,9,B+1.0,4.4,115000
2023-05-24 23:49:13,9,B+1.0,4.3889,115000
2023-05-24 23:49:21,19,B+1.0,4.4323,115000
2023-05-24 23:50:09,9,B+1.0,4.4119,116000
2023-05-24 23:50:14,11,B+1.0,4.4175,116000
2023-05-24 23:50:18,9,B+1.0,4.3722,116000
2023-05-24 23:50:21,9,B+1.0,4.3458,116000
2023-05-24 23:50:25,9,B+1.0,4.3397,116000
2023-05-24 23:50:28,9,B+1.0,4.331,116000
2023-05-24 23:50:35,17,B+1.0,4.3604,116000
2023-05-24 23:50:38,9,B+1.0,4.3361,116000
2023-05-24 23:50:42,11,B+1.0,4.3329,116000
2023-05-24 23:50:46,9,B+1.0,4.3317,116000
2023-05-24 23:50:49,9,B+1.0,4.3241,116000
2023-05-24 23:50:54,11,B+1.0,4.3012,116000
2023-05-24 23:51:01,19,B+1.0,4.3395,116000
2023-05-24 23:51:05,9,B+1.0,4.3151,116000
2023-05-24 23:51:10,13,B+1.0,4.3236,116000
2023-05-24 23:51:15,16,W+1.0,4.3428,116000
2023-05-24 23:51:21,13,B+1.0,4.3648,116000
2023-05-24 23:51:26,11,B+1.0,4.363,116000
2023-05-24 23:51:30,9,B+1.0,4.3213,116000
2023-05-24 23:51:34,11,B+1.0,4.3206,116000
2023-05-24 23:51:37,9,B+1.0,4.3087,116000
2023-05-24 23:51:41,9,B+1.0,4.2792,116000
2023-05-24 23:51:44,9,B+1.0,4.2679,116000
2023-05-24 23:51:49,13,B+1.0,4.2663,116000
2023-05-24 23:51:55,19,B+1.0,4.2952,116000
2023-05-24 23:52:00,11,B+1.0,4.3091,116000
2023-05-24 23:52:04,11,B+1.0,4.3201,116000
2023-05-24 23:52:08,11,B+1.0,4.3207,116000
2023-05-24 23:52:13,11,B+1.0,4.3021,116000
2023-05-24 23:52:17,11,B+1.0,4.3092,116000
2023-05-24 23:52:21,9,B+1.0,4.3075,116000
2023-05-24 23:52:24,9,B+1.0,4.2752,116000
2023-05-24 23:52:28,9,B+1.0,4.273,116000
2023-05-24 23:52:34,17,B+1.0,4.2945,116000
2023-05-24 23:52:39,11,B+1.0,4.302,116000
2023-05-24 23:52:44,13,B+1.0,4.301,116000
2023-05-24 23:52:47,9,B+1.0,4.298,116000
2023-05-24 23:52:50,9,B+1.0,4.2875,116000
2023-05-24 23:52:55,11,B+1.0,4.3047,116000
2023-05-24 23:53:01,15,B+1.0,4.313,116000
2023-05-24 23:53:06,11,B+1.0,4.3026,116000
2023-05-24 23:53:09,9,B+1.0,4.2986,116000
2023-05-24 23:53:57,11,B+1.0,4.3105,117000
2023-05-24 23:54:03,13,B+1.0,4.3149,117000
2023-05-24 23:54:08,11,B+1.0,4.3218,117000
2023-05-24 23:54:16,27,B+1.0,4.3514,117000
2023-05-24 23:54:22,13,B+1.0,4.3736,117000
2023-05-24 23:54:26,9,B+1.0,4.3747,117000
2023-05-24 23:54:31,11,B+1.0,4.3466,117000
2023-05-24 23:54:34,9,B+1.0,4.3216,117000
2023-05-24 23:54:38,9,B+1.0,4.3167,117000
2023-05-24 23:54:41,9,B+1.0,4.3195,117000
2023-05-24 23:54:45,9,B+1.0,4.3177,117000
2023-05-24 23:54:50,11,B+1.0,4.3259,117000
2023-05-24 23:54:53,9,B+1.0,4.3233,117000
2023-05-24 23:54:58,13,B+1.0,4.3195,117000
2023-05-24 23:55:02,9,B+1.0,4.3204,117000
2023-05-24 23:55:07,11,B+1.0,4.3345,117000
2023-05-24 23:55:10,9,B+1.0,4.3062,117000
2023-05-24 23:55:13,9,B+1.0,4.2711,117000
2023-05-24 23:55:16,9,B+1.0,4.2668,117000
2023-05-24 23:55:20,9,B+1.0,4.269,117000
2023-05-24 23:55:26,15,B+1.0,4.299,117000
2023-05-24 23:55:32,12,W+1.0,4.2908,117000
2023-05-24 23:55:35,9,B+1.0,4.295,117000
2023-05-24 23:55:40,11,B+1.0,4.2933,117000
2023-05-24 23:55:44,11,B+1.0,4.2927,117000
2023-05-24 23:55:52,21,B+1.0,4.3387,117000
2023-05-24 23:55:56,9,B+1.0,4.3181,117000
2023-05-24 23:55:59,9,B+1.0,4.281,117000
2023-05-24 23:56:03,9,B+1.0,4.2845,117000
2023-05-24 23:56:07,9,B+1.0,4.2735,117000
2023-05-24 23:56:14,15,B+1.0,4.3046,117000
2023-05-24 23:56:17,9,B+1.0,4.3064,117000
2023-05-24 23:56:22,11,B+1.0,4.3188,117000
2023-05-24 23:56:26,9,B+1.0,4.3187,117000
2023-05-24 23:56:31,11,B+1.0,4.3299,117000
2023-05-24 23:56:35,9,B+1.0,4.3229,117000
2023-05-24 23:56:40,11,B+1.0,4.3346,117000
2023-05-24 23:56:45,11,B+1.0,4.3558,117000
2023-05-24 23:56:52,15,B+1.0,4.3978,117000
2023-05-24 23:56:56,9,B+1.0,4.3975,117000
2023-05-24 23:57:42,13,B+1.0,4.4112,118000
2023-05-24 23:57:46,10,W+1.0,4.4171,118000
2023-05-24 23:57:52,13,B+1.0,4.4416,118000
2023-05-24 23:57:56,9,B+1.0,4.4435,118000
2023-05-24 23:58:01,16,W+1.0,4.4591,118000
2023-05-24 23:58:09,15,B+1.0,4.4875,118000
2023-05-24 23:58:13,9,B+1.0,4.4959,118000
2023-05-24 23:58:19,17,B+1.0,4.5107,118000
2023-05-24 23:58:23,9,B+1.0,4.5128,118000
2023-05-24 23:58:27,9,B+1.0,4.484,118000
2023-05-24 23:58:32,11,B+1.0,4.5023,118000
2023-05-24 23:58:37,13,B+1.0,4.5199,118000
2023-05-24 23:58:41,9,B+1.0,4.5247,118000
2023-05-24 23:58:45,9,B+1.0,4.5289,118000
2023-05-24 23:58:51,15,B+1.0,4.509,118000
2023-05-24 23:58:54,9,B+1.0,4.5121,118000
2023-05-24 23:59:01,16,W+1.0,4.5339,118000
2023-05-24 23:59:05,11,B+1.0,4.5238,118000
2023-05-24 23:59:13,17,B+1.0,4.5611,118000
2023-05-24 23:59:16,9,B+1.0,4.5662,118000
2023-05-24 23:59:20,9,B+1.0,4.5685,118000
2023-05-24 23:59:24,9,B+1.0,4.5731,118000
2023-05-24 23:59:29,11,B+1.0,4.5559,118000
2023-05-24 23:59:33,9,B+1.0,4.5608,118000
2023-05-24 23:59:36,9,B+1.0,4.5543,118000
2023-05-24 23:59:41,11,B+1.0,4.5643,118000
2023-05-24 23:59:44,9,B+1.0,4.5618,118000
2023-05-24 23:59:48,9,B+1.0,4.5538,118000
2023-05-24 23:59:54,15,B+1.0,4.5461,118000
2023-05-24 23:59:59,11,B+1.0,4.5572,118000
2023-05-25 00:00:04,11,B+1.0,4.5585,118000
2023-05-25 00:00:08,9,B+1.0,4.5373,118000
2023-05-25 00:00:13,11,B+1.0,4.5308,118000
2023-05-25 00:00:16,9,B+1.0,4.5228,118000
2023-05-25 00:00:20,11,B+1.0,4.5249,118000
2023-05-25 00:00:26,13,B+1.0,4.5386,118000
2023-05-25 00:00:32,15,B+1.0,4.5614,118000
2023-05-25 00:00:35,9,B+1.0,4.5612,118000
2023-05-25 00:00:39,9,B+1.0,4.5649,118000
2023-05-25 00:01:27,9,B+1.0,4.5277,119000
2023-05-25 00:01:31,11,B+1.0,4.5266,119000
2023-05-25 00:01:36,13,B+1.0,4.5312,119000
2023-05-25 00:01:40,9,B+1.0,4.5281,119000
2023-05-25 00:01:45,13,B+1.0,4.5363,119000
2023-05-25 00:01:49,9,B+1.0,4.5282,119000
2023-05-25 00:01:53,11,B+1.0,4.5369,119000
2023-05-25 00:01:57,9,B+1.0,4.5363,119000
2023-05-25 00:02:00,9,B+1.0,4.5369,119000
2023-05-25 00:02:04,9,B+1.0,4.5053,119000
2023-05-25 00:02:09,11,B+1.0,4.5114,119000
2023-05-25 00:02:12,9,B+1.0,4.4943,119000
2023-05-25 00:02:15,9,B+1.0,4.495,119000
2023-05-25 00:02:20,11,B+1.0,4.5033,119000
2023-05-25 00:02:23,9,B+1.0,4.4873,119000
2023-05-25 00:02:26,9,B+1.0,4.461,119000
2023-05-25 00:02:29,9,B+1.0,4.4461,119000
2023-05-25 00:02:34,11,B+1.0,4.4556,119000
2023-05-25 00:02:37,9,B+1.0,4.4579,119000
2023-05-25 00:02:41,11,B+1.0,4.4469,119000
2023-05-25 00:02:45,9,B+1.0,4.422,119000
2023-05-25 00:02:48,9,B+1.0,4.4133,119000
2023-05-25 00:02:52,9,B+1.0,4.3607,119000
2023-05-25 00:02:56,11,B+1.0,4.347,119000
2023-05-25 00:03:02,14,W+1.0,4.3644,119000
2023-05-25 00:03:06,11,B+1.0,4.359,119000
2023-05-25 00:03:13,17,B+1.0,4.3948,119000
2023-05-25 00:03:16,9,B+1.0,4.3908,119000
2023-05-25 00:03:19,9,B+1.0,4.3836,119000
2023-05-25 00:03:25,14,W+1.0,4.4081,119000
2023-05-25 00:03:28,9,B+1.0,4.3952,119000
2023-05-25 00:03:32,9,B+1.0,4.396,119000
2023-05-25 00:03:35,9,B+1.0,4.3812,119000
2023-05-25 00:03:58,63,B+1.0,4.5704,119000
2023-05-25 00:04:04,15,B+1.0,4.5806,119000
2023-05-25 00:04:08,10,W+1.0,4.587,119000
2023-05-25 00:04:11,9,B+1.0,4.5907,119000
2023-05-25 00:04:16,12,W+1.0,4.6036,119000
2023-05-25 00:04:20,11,B+1.0,4.6111,119000
2023-05-25 00:04:24,9,B+1.0,4.5806,119000
2023-05-25 00:04:27,11,B+1.0,4.566,119000
2023-05-25 00:05:14,9,B+1.0,4.5588,120000
2023-05-25 00:05:19,11,B+1.0,4.563,120000
2023-05-25 00:05:22,9,B+1.0,4.5143,120000
2023-05-25 00:05:26,9,B+1.0,4.5114,120000
2023-05-25 00:05:29,9,B+1.0,4.5105,120000
2023-05-25 00:05:36,17,B+1.0,4.5393,120000
2023-05-25 00:05:39,9,B+1.0,4.5347,120000
2023-05-25 00:05:43,11,B+1.0,4.5028,120000
2023-05-25 00:05:47,11,B+1.0,4.5098,120000
2023-05-25 00:05:51,9,B+1.0,4.494,120000
2023-05-25 00:05:54,9,B+1.0,4.4916,120000
2023-05-25 00:05:58,9,B+1.0,4.4768,120000
2023-05-25 00:06:02,11,B+1.0,4.4796,120000
2023-05-25 00:06:08,17,B+1.0,4.4959,120000
2023-05-25 00:06:14,13,B+1.0,4.4982,120000
2023-05-25 00:06:17,9,B+1.0,4.4607,120000
2023-05-25 00:06:22,11,B+1.0,4.4756,120000
2023-05-25 00:06:26,9,B+1.0,4.4856,120000
2023-05-25 00:06:30,9,B+1.0,4.4678,120000
2023-05-25 00:06:34,9,B+1.0,4.4679,120000
2023-05-25 00:06:38,11,B+1.0,4.4515,120000
2023-05-25 00:06:41,9,B+1.0,4.4476,120000
2023-05-25 00:06:46,11,B+1.0,4.4449,120000
2023-05-25 00:06:53,15,B+1.0,4.4374,120000
2023-05-25 00:06:58,13,B+1.0,4.453,120000
2023-05-25 00:07:04,14,W+1.0,4.4419,120000
2023-05-25 00:07:11,15,B+1.0,4.4744,120000
2023-05-25 00:07:17,13,B+1.0,4.4931,120000
2023-05-25 00:07:20,9,B+1.0,4.4789,120000
2023-05-25 00:07:24,9,B+1.0,4.4621,120000
2023-05-25 00:07:29,11,B+1.0,4.4732,120000
2023-05-25 00:07:32,9,B+1.0,4.4695,120000
2023-05-25 00:07:35,9,B+1.0,4.4414,120000
2023-05-25 00:07:39,11,B+1.0,4.447,120000
2023-05-25 00:07:43,9,B+1.0,4.4251,120000
2023-05-25 00:07:50,15,B+1.0,4.443,120000
2023-05-25 00:07:55,13,B+1.0,4.4191,120000
2023-05-25 00:07:59,11,B+1.0,4.4247,120000
2023-05-25 00:08:02,9,B+1.0,4.42,120000
2023-05-25 00:08:06,9,B+1.0,4.4153,120000
2023-05-25 00:08:10,11,B+1.0,4.4084,120000
2023-05-25 00:08:13,9,B+1.0,4.4039,120000
2023-05-25 00:09:03,15,B+1.0,4.4434,121000
2023-05-25 00:09:07,9,B+1.0,4.4489,121000
2023-05-25 00:09:10,9,B+1.0,4.4482,121000
2023-05-25 00:09:14,9,B+1.0,4.4177,121000
2023-05-25 00:09:18,11,B+1.0,4.4121,121000
2023-05-25 00:09:22,9,B+1.0,4.3933,121000
2023-05-25 00:09:25,9,B+1.0,4.3928,121000
2023-05-25 00:09:29,13,B+1.0,4.3852,121000
2023-05-25 00:09:33,9,B+1.0,4.3806,121000
2023-05-25 00:09:40,15,B+1.0,4.4155,121000
2023-05-25 00:09:44,9,B+1.0,4.395,121000
2023-05-25 00:09:49,13,B+1.0,4.3872,121000
2023-05-25 00:09:53,11,B+1.0,4.3967,121000
2023-05-25 00:09:57,9,B+1.0,4.3952,121000
2023-05-25 00:10:02,12,W+1.0,4.4098,121000
2023-05-25 00:10:06,9,B+1.0,4.414,121000
2023-05-25 00:10:09,9,B+1.0,4.4024,121000
2023-05-25 00:10:15,13,B+1.0,4.4114,121000
2023-05-25 00:10:20,12,W+1.0,4.4231,121000
2023-05-25 00:10:24,11,B+1.0,4.4127,121000
2023-05-25 00:10:29,11,B+1.0,4.4228,121000
2023-05-25 00:10:35,18,W+1.0,4.4427,121000
2023-05-25 00:10:40,11,B+1.0,4.4611,121000
2023-05-25 00:10:45,11,B+1.0,4.4663,121000
2023-05-25 00:10:50,13,B+1.0,4.4886,121000
2023-05-25 00:10:54,9,B+1.0,4.4776,121000
2023-05-25 00:10:58,11,B+1.0,4.4854,121000
2023-05-25 00:11:01,9,B+1.0,4.4851,121000
2023-05-25 00:11:05,9,B+1.0,4.4744,121000
2023-05-25 00:11:08,9,B+1.0,4.4801,121000
2023-05-25 00:11:12,9,B+1.0,4.4829,121000
2023-05-25 00:11:17,11,B+1.0,4.4959,121000
2023-05-25 00:11:22,12,W+1.0,4.5056,121000
2023-05-25 00:11:25,9,B+1.0,4.5058,121000
2023-05-25 00:11:29,12,W+1.0,4.5046,121000
2023-05-25 00:11:32,9,B+1.0,4.5024,121000
2023-05-25 00:11:36,9,B+1.0,4.4998,121000
2023-05-25 00:11:39,9,B+1.0,4.4993,121000
2023-05-25 00:11:45,15,B+1.0,4.511,121000
2023-05-25 00:11:50,13,B+1.0,4.5065,121000
2023-05-25 00:11:54,9,B+1.0,4.5032,121000
2023-05-25 00:11:58,9,B+1.0,4.4715,121000
2023-05-25 00:12:45,11,B+1.0,4.4833,122000
2023-05-25 00:12:51,15,B+1.0,4.4826,122000
2023-05-25 00:12:54,9,B+1.0,4.4817,122000
2023-05-25 00:12:59,11,B+1.0,4.4949,122000
2023-05-25 00:13:05,17,B+1.0,4.5266,122000
2023-05-25 00:13:09,9,B+1.0,4.3358,122000
2023-05-25 00:13:12,9,B+1.0,4.31,122000
2023-05-25 00:13:16,9,B+1.0,4.306,122000
2023-05-25 00:13:19,9,B+1.0,4.3042,122000
2023-05-25 00:13:22,9,B+1.0,4.2926,122000
2023-05-25 00:13:26,9,B+1.0,4.2828,122000
2023-05-25 00:13:31,13,B+1.0,4.2977,122000
2023-05-25 00:13:35,11,B+1.0,4.3045,122000
2023-05-25 00:13:40,11,B+1.0,4.3139,122000
2023-05-25 00:13:45,15,B+1.0,4.3322,122000
2023-05-25 00:13:52,17,B+1.0,4.3551,122000
2023-05-25 00:13:56,9,B+1.0,4.3579,122000
2023-05-25 00:13:59,9,B+1.0,4.3519,122000
2023-05-25 00:14:02,9,B+1.0,4.3491,122000
2023-05-25 00:14:05,9,B+1.0,4.3193,122000
2023-05-25 00:14:09,9,B+1.0,4.325,122000
2023-05-25 00:14:16,17,B+1.0,4.349,122000
2023-05-25 00:14:20,11,B+1.0,4.3555,122000
2023-05-25 00:14:27,15,B+1.0,4.3889,122000
2023-05-25 00:14:31,11,B+1.0,4.3913,122000
2023-05-25 00:14:34,9,B+1.0,4.3874,122000
2023-05-25 00:14:38,9,B+1.0,4.3823,122000
2023-05-25 00:14:43,14,W+1.0,4.3704,122000
2023-05-25 00:14:47,9,B+1.0,4.3506,122000
2023-05-25 00:14:51,9,B+1.0,4.3565,122000
2023-05-25 00:14:55,11,B+1.0,4.3511,122000
2023-05-25 00:14:58,9,B+1.0,4.3472,122000
2023-05-25 00:15:01,9,B+1.0,4.34,122000
2023-05-25 00:15:05,9,B+1.0,4.335,122000
2023-05-25 00:15:08,9,B+1.0,4.3274,122000
2023-05-25 00:15:11,9,B+1.0,4.3267,122000
2023-05-25 00:15:16,11,B+1.0,4.3212,122000
2023-05-25 00:15:22,15,B+1.0,4.3155,122000
2023-05-25 00:15:27,13,B+1.0,4.312,122000
2023-05-25 00:15:30,9,B+1.0,4.2866,122000
2023-05-25 00:15:34,11,B+1.0,4.2535,122000
2023-05-25 00:15:37,9,B+1.0,4.2297,122000
2023-05-25 00:15:43,17,B+1.0,4.2547,122000
2023-05-25 00:16:29,9,B+1.0,4.2352,123000
2023-05-25 00:16:33,11,B+1.0,4.246,123000
2023-05-25 00:16:39,13,B+1.0,4.2731,123000
2023-05-25 00:16:45,13,B+1.0,4.2895,123000
2023-05-25 00:16:49,11,B+1.0,4.2932,123000
2023-05-25 00:16:53,9,B+1.0,4.2676,123000
2023-05-25 00:16:57,9,B+1.0,4.251,123000
2023-05-25 00:17:01,11,B+1.0,4.2539,123000
2023-05-25 00:17:08,19,B+1.0,4.2883,123000
2023-05-25 00:17:12,9,B+1.0,4.2931,123000
2023-05-25 00:17:17,12,W+1.0,4.304,123000
2023-05-25 00:17:21,9,B+1.0,4.3056,123000
2023-05-25 00:17:25,11,B+1.0,4.291,123000
2023-05-25 00:17:30,11,B+1.0,4.2806,123000
2023-05-25 00:17:35,11,B+1.0,4.2936,123000
2023-05-25 00:17:39,9,B+1.0,4.294,123000
2023-05-25 00:17:43,9,B+1.0,4.2948,123000
2023-05-25 00:17:46,9,B+1.0,4.291,123000
2023-05-25 00:17:50,9,B+1.0,4.2959,123000
2023-05-25 00:17:54,9,B+1.0,4.2976,123000
2023-05-25 00:17:58,9,B+1.0,4.2969,123000
2023-05-25 00:18:03,11,B+1.0,4.3103,123000
2023-05-25 00:18:11,19,B+1.0,4.3172,123000
2023-05-25 00:18:18,18,W+1.0,4.3556,123000
2023-05-25 00:18:21,9,B+1.0,4.3395,123000
2023-05-25 00:18:25,9,B+1.0,4.3319,123000
2023-05-25 00:18:30,11,B+1.0,4.3466,123000
2023-05-25 00:18:34,11,B+1.0,4.3324,123000
2023-05-25 00:18:39,11,B+1.0,4.3421,123000
2023-05-25 00:18:42,9,B+1.0,4.3417,123000
2023-05-25 00:18:47,11,B+1.0,4.3285,123000
2023-05-25 00:18:52,12,W+1.0,4.3298,123000
2023-05-25 00:18:57,11,B+1.0,4.336,123000
2023-05-25 00:19:00,9,B+1.0,4.3216,123000
2023-05-25 00:19:05,11,B+1.0,4.3037,123000
2023-05-25 00:19:08,9,B+1.0,4.2844,123000
2023-05-25 00:19:12,13,B+1.0,4.2895,123000
2023-05-25 00:19:16,9,B+1.0,4.2679,123000
2023-05-25 00:19:28,33,B+1.0,4.3481,123000
2023-05-25 00:20:17,15,B+1.0,4.3806,124000
2023-05-25 00:20:20,9,B+1.0,4.3821,124000
2023-05-25 00:20:27,19,B+1.0,4.4152,124000
2023-05-25 00:20:31,9,B+1.0,4.4166,124000
2023-05-25 00:20:36,13,B+1.0,4.426,124000
2023-05-25 00:20:40,9,B+1.0,4.4087,124000
2023-05-25 00:20:43,9,B+1.0,4.4022,124000
2023-05-25 00:20:49,16,W+1.0,4.4199,124000
2023-05-25 00:20:52,9,B+1.0,4.4228,124000
2023-05-25 00:20:57,13,B+1.0,4.4435,124000
2023-05-25 00:21:01,9,B+1.0,4.445,124000
2023-05-25 00:21:06,11,B+1.0,4.435,124000
2023-05-25 00:21:09,9,B+1.0,4.421,124000
2023-05-25 00:21:13,9,B+1.0,4.4171,124000
2023-05-25 00:21:17,11,B+1.0,4.4223,124000
2023-05-25 00:21:21,9,B+1.0,4.4291,124000
2023-05-25 00:21:26,11,B+1.0,4.4372,124000
2023-05-25 00:21:30,11,B+1.0,4.4233,124000
2023-05-25 00:21:37,15,B+1.0,4.4588,124000
2023-05-25 00:21:41,9,B+1.0,4.4442,124000
2023-05-25 00:21:44,9,B+1.0,4.414,124000
2023-05-25 00:21:48,11,B+1.0,4.4193,124000
2023-05-25 00:21:52,9,B+1.0,4.4247,124000
2023-05-25 00:21:57,15,B+1.0,4.4423,124000
2023-05-25 00:22:01,9,B+1.0,4.4421,124000
2023-05-25 00:22:05,11,B+1.0,4.455,124000
2023-05-25 00:22:11,11,B+1.0,4.475,124000
2023-05-25 00:22:14,9,B+1.0,4.4595,124000
2023-05-25 00:22:19,11,B+1.0,4.462,124000
2023-05-25 00:22:22,9,B+1.0,4.4504,124000
2023-05-25 00:22:25,9,B+1.0,4.4232,124000
2023-05-25 00:22:30,11,B+1.0,4.404,124000
2023-05-25 00:22:34,11,B+1.0,4.4123,124000
2023-05-25 00:22:45,29,B+1.0,4.4882,124000
2023-05-25 00:22:48,9,B+1.0,4.4889,124000
2023-05-25 00:22:53,13,B+1.0,4.5046,124000
2023-05-25 00:22:57,9,B+1.0,4.5004,124000
2023-05-25 00:23:01,12,W+1.0,4.4842,124000
2023-05-25 00:23:05,9,B+1.0,4.4724,124000
2023-05-25 00:23:08,9,B+1.0,4.4367,124000
2023-05-25 00:23:12,9,B+1.0,4.429,124000
2023-05-25 00:23:59,9,B+1.0,4.4391,125000
2023-05-25 00:24:06,20,W+1.0,4.4586,125000
2023-05-25 00:24:10,9,B+1.0,4.4611,125000
2023-05-25 00:24:13,9,B+1.0,4.4535,125000
2023-05-25 00:24:18,11,B+1.0,4.4574,125000
2023-05-25 00:24:22,13,B+1.0,4.4695,125000
2023-05-25 00:24:26,9,B+1.0,4.4735,125000
2023-05-25 00:24:29,9,B+1.0,4.474,125000
2023-05-25 00:24:32,9,B+1.0,4.4742,125000
2023-05-25 00:24:38,13,B+1.0,4.5002,125000
2023-05-25 00:24:41,9,B+1.0,4.486,125000
2023-05-25 00:24:45,9,B+1.0,4.4633,125000
2023-05-25 00:24:50,11,B+1.0,4.4585,125000
2023-05-25 00:24:53,9,B+1.0,4.4652,125000
2023-05-25 00:24:58,11,B+1.0,4.4688,125000
2023-05-25 00:25:05,17,B+1.0,4.5113,125000
2023-05-25 00:25:11,13,B+1.0,4.5054,125000
2023-05-25 00:25:14,9,B+1.0,4.506,125000
2023-05-25 00:25:19,13,B+1.0,4.5179,125000
2023-05-25 00:25:21,9,B+1.0,4.5019,125000
2023-05-25 00:25:26,11,B+1.0,4.4928,125000
2023-05-25 00:25:31,12,W+1.0,4.4788,125000
2023-05-25 00:25:35,9,B+1.0,4.4737,125000
2023-05-25 00:25:41,14,W+1.0,4.497,125000
2023-05-25 00:25:45,11,B+1.0,4.5054,125000
2023-05-25 00:25:49,9,B+1.0,4.5015,125000
2023-05-25 00:25:53,9,B+1.0,4.4754,125000
2023-05-25 00:25:57,9,B+1.0,4.4764,125000
2023-05-25 00:26:02,13,B+1.0,4.4733,125000
2023-05-25 00:26:08,15,B+1.0,4.4994,125000
2023-05-25 00:26:12,9,B+1.0,4.4898,125000
2023-05-25 00:26:17,13,B+1.0,4.4958,125000
2023-05-25 00:26:21,9,B+1.0,4.4798,125000
2023-05-25 00:26:24,9,B+1.0,4.4756,125000
2023-05-25 00:26:29,11,B+1.0,4.481,125000
2023-05-25 00:26:32,9,B+1.0,4.4822,125000
2023-05-25 00:26:38,13,B+1.0,4.5006,125000
2023-05-25 00:26:46,15,B+1.0,4.5408,125000
2023-05-25 00:26:49,9,B+1.0,4.5359,125000
2023-05-25 00:26:53,9,B+1.0,4.5259,125000
2023-05-25 00:26:57,9,B+1.0,4.4811,125000
2023-05-25 00:27:43,9,B+1.0,4.4475,126000
2023-05-25 00:27:48,13,B+1.0,4.4631,126000
2023-05-25 00:27:52,9,B+1.0,4.4449,126000
2023-05-25 00:27:58,13,B+1.0,4.4633,126000
2023-05-25 00:28:02,11,B+1.0,4.4559,126000
2023-05-25 00:28:07,15,B+1.0,4.4802,126000
2023-05-25 00:28:12,13,B+1.0,4.4846,126000
2023-05-25 00:28:16,9,B+1.0,4.4736,126000
2023-05-25 00:28:21,11,B+1.0,4.4699,126000
2023-05-25 00:28:25,11,B+1.0,4.484,126000
2023-05-25 00:28:29,9,B+1.0,4.4717,126000
2023-05-25 00:28:32,9,B+1.0,4.4755,126000
2023-05-25 00:28:36,9,B+1.0,4.4642,126000
2023-05-25 00:28:43,15,B+1.0,4.4986,126000
2023-05-25 00:28:47,11,B+1.0,4.427,126000
2023-05-25 00:28:51,9,B+1.0,4.4236,126000
2023-05-25 00:28:57,13,B+1.0,4.4154,126000
2023-05-25 00:29:04,15,B+1.0,4.4566,126000
2023-05-25 00:29:08,9,B+1.0,4.4204,126000
2023-05-25 00:29:14,13,B+1.0,4.4458,126000
2023-05-25 00:29:18,9,B+1.0,4.4264,126000
2023-05-25 00:29:23,11,B+1.0,4.442,126000
2023-05-25 00:29:28,11,B+1.0,4.4617,126000
2023-05-25 00:29:31,9,B+1.0,4.4368,126000
2023-05-25 00:29:34,9,B+1.0,4.4368,126000
2023-05-25 00:29:38,9,B+1.0,4.4221,126000
2023-05-25 00:29:44,13,B+1.0,4.4442,126000
2023-05-25 00:29:48,9,B+1.0,4.4329,126000
2023-05-25 00:29:51,9,B+1.0,4.4292,126000
2023-05-25 00:29:54,9,B+1.0,4.4303,126000
2023-05-25 00:30:00,15,B+1.0,4.4463,126000
2023-05-25 00:30:05,11,B+1.0,4.4496,126000
2023-05-25 00:30:10,15,B+1.0,4.4567,126000
2023-05-25 00:30:18,23,B+1.0,4.4909,126000
2023-05-25 00:30:21,9,B+1.0,4.4538,126000
2023-05-25 00:30:25,9,B+1.0,4.4535,126000
2023-05-25 00:30:28,9,B+1.0,4.4526,126000
2023-05-25 00:30:32,9,B+1.0,4.4463,126000
2023-05-25 00:30:35,9,B+1.0,4.4408,126000
2023-05-25 00:30:40,13,B+1.0,4.439,126000
2023-05-25 00:31:28,17,B+1.0,4.4546,127000
2023-05-25 00:31:32,9,B+1.0,4.4359,127000
2023-05-25 00:31:36,9,B+1.0,4.4388,127000
2023-05-25 00:31:39,9,B+1.0,4.4262,127000
2023-05-25 00:31:42,9,B+1.0,4.4243,127000
2023-05-25 00:31:45,9,B+1.0,4.4262,127000
2023-05-25 00:31:48,9,B+1.0,4.4079,127000
2023-05-25 00:31:52,9,B+1.0,4.4027,127000
2023-05-25 00:31:56,9,B+1.0,4.3354,127000
2023-05-25 00:31:59,9,B+1.0,4.3358,127000
2023-05-25 00:32:04,11,B+1.0,4.332,127000
2023-05-25 00:32:09,9,B+1.0,4.3499,127000
2023-05-25 00:32:15,9,B+1.0,4.3566,127000
2023-05-25 00:32:18,9,B+1.0,4.3588,127000
2023-05-25 00:32:22,9,B+1.0,4.3598,127000
2023-05-25 00:32:26,11,B+1.0,4.3724,127000
2023-05-25 00:32:32,15,B+1.0,4.3906,127000
2023-05-25 00:32:36,9,B+1.0,4.391,127000
2023-05-25 00:32:42,15,B+1.0,4.381,127000
2023-05-25 00:32:46,11,B+1.0,4.3876,127000
2023-05-25 00:32:50,9,B+1.0,4.3878,127000
2023-05-25 00:32:55,13,B+1.0,4.396,127000
2023-05-25 00:33:02,16,W+1.0,4.4212,127000
2023-05-25 00:33:11,23,B+1.0,4.4699,127000
2023-05-25 00:33:14,9,B+1.0,4.4713,127000
2023-05-25 00:33:19,11,B+1.0,4.4903,127000
2023-05-25 00:33:25,11,B+1.0,4.4833,127000
2023-05-25 00:33:30,9,B+1.0,4.501,127000
2023-05-25 00:33:35,13,B+1.0,4.5212,127000
2023-05-25 00:33:39,10,W+1.0,4.5154,127000
2023-05-25 00:33:43,9,B+1.0,4.5118,127000
2023-05-25 00:33:54,33,B+1.0,4.582,127000
2023-05-25 00:33:58,9,B+1.0,4.5426,127000
2023-05-25 00:34:01,9,B+1.0,4.5226,127000
2023-05-25 00:34:11,25,B+1.0,4.5901,127000
2023-05-25 00:34:18,17,B+1.0,4.614,127000
2023-05-25 00:34:22,9,B+1.0,4.6206,127000
2023-05-25 00:35:09,9,B+1.0,4.5955,128000
2023-05-25 00:35:13,9,B+1.0,4.5948,128000
2023-05-25 00:35:21,27,B+1.0,4.6217,128000
2023-05-25 00:35:25,9,B+1.0,4.6128,128000
2023-05-25 00:35:29,9,B+1.0,4.6088,128000
2023-05-25 00:35:32,9,B+1.0,4.6021,128000
2023-05-25 00:35:35,9,B+1.0,4.5949,128000
2023-05-25 00:35:48,36,W+1.0,4.6698,128000
2023-05-25 00:35:53,11,B+1.0,4.6573,128000
2023-05-25 00:36:00,21,B+1.0,4.6939,128000
2023-05-25 00:36:04,11,B+1.0,4.6784,128000
2023-05-25 00:36:08,9,B+1.0,4.6812,128000
2023-05-25 00:36:11,9,B+1.0,4.6866,128000
2023-05-25 00:36:16,11,B+1.0,4.6902,128000
2023-05-25 00:36:20,9,B+1.0,4.6858,128000
2023-05-25 00:36:23,9,B+1.0,4.6618,128000
2023-05-25 00:36:26,9,B+1.0,4.6208,128000
2023-05-25 00:36:32,13,B+1.0,4.6396,128000
2023-05-25 00:36:35,9,B+1.0,4.6364,128000
2023-05-25 00:36:39,9,B+1.0,4.6369,128000
2023-05-25 00:36:43,9,B+1.0,4.6403,128000
2023-05-25 00:36:46,9,B+1.0,4.6322,128000
2023-05-25 00:36:49,9,B+1.0,4.61,128000
2023-05-25 00:36:52,9,B+1.0,4.6136,128000
2023-05-25 00:36:56,9,B+1.0,4.5871,128000
2023-05-25 00:37:01,11,B+1.0,4.5976,128000
2023-05-25 00:37:06,13,B+1.0,4.5903,128000
2023-05-25 00:37:10,9,B+1.0,4.5789,128000
2023-05-25 00:37:14,11,B+1.0,4.5877,128000
2023-05-25 00:37:18,9,B+1.0,4.5786,128000
2023-05-25 00:37:21,9,B+1.0,4.567,128000
2023-05-25 00:37:25,9,B+1.0,4.5657,128000
2023-05-25 00:37:28,9,B+1.0,4.5668,128000
2023-05-25 00:37:32,9,B+1.0,4.5677,128000
2023-05-25 00:37:36,9,B+1.0,4.5369,128000
2023-05-25 00:37:40,9,B+1.0,4.5276,128000
2023-05-25 00:37:43,9,B+1.0,4.5271,128000
2023-05-25 00:37:48,11,B+1.0,4.5165,128000
2023-05-25 00:37:52,11,B+1.0,4.4843,128000
2023-05-25 00:37:55,9,B+1.0,4.4807,128000
2023-05-25 00:38:01,13,B+1.0,4.4796,128000
2023-05-25 00:38:06,11,B+1.0,4.4833,128000
2023-05-25 00:38:52,11,B+1.0,4.4743,129000
2023-05-25 00:38:56,9,B+1.0,4.4741,129000
2023-05-25 00:38:59,9,B+1.0,4.4744,129000
2023-05-25 00:39:04,14,W+1.0,4.487,129000
2023-05-25 00:39:08,9,B+1.0,4.4644,129000
2023-05-25 00:39:11,9,B+1.0,4.4647,129000
2023-05-25 00:39:15,9,B+1.0,4.466,129000
2023-05-25 00:39:20,15,B+1.0,4.4836,129000
2023-05-25 00:39:24,11,B+1.0,4.4698,129000
2023-05-25 00:39:28,9,B+1.0,4.4609,129000
2023-05-25 00:39:33,13,B+1.0,4.4584,129000
2023-05-25 00:39:38,13,B+1.0,4.4287,129000
2023-05-25 00:39:42,9,B+1.0,4.4298,129000
2023-05-25 00:39:50,19,B+1.0,4.4801,129000
2023-05-25 00:39:54,9,B+1.0,4.4855,129000
2023-05-25 00:39:58,10,W+1.0,4.4936,129000
2023-05-25 00:40:01,9,B+1.0,4.4945,129000
2023-05-25 00:40:05,9,B+1.0,4.4775,129000
2023-05-25 00:40:08,9,B+1.0,4.4712,129000
2023-05-25 00:40:11,9,B+1.0,4.4456,129000
2023-05-25 00:40:15,9,B+1.0,4.4466,129000
2023-05-25 00:40:18,9,B+1.0,4.4433,129000
2023-05-25 00:40:21,9,B+1.0,4.4398,129000
2023-05-25 00:40:26,11,B+1.0,4.4543,129000
2023-05-25 00:40:29,9,B+1.0,4.4537,129000
2023-05-25 00:40:32,9,B+1.0,4.4565,129000
2023-05-25 00:40:39,19,B+1.0,4.4904,129000
2023-05-25 00:40:43,9,B+1.0,4.4871,129000
2023-05-25 00:40:46,9,B+1.0,4.4834,129000
2023-05-25 00:40:58,37,B+1.0,4.5592,129000
2023-05-25 00:41:02,9,B+1.0,4.544,129000
2023-05-25 00:41:05,9,B+1.0,4.5204,129000
2023-05-25 00:41:13,27,B+1.0,4.5654,129000
2023-05-25 00:41:18,11,B+1.0,4.5771,129000
2023-05-25 00:41:21,9,B+1.0,4.5642,129000
2023-05-25 00:41:25,11,B+1.0,4.5457,129000
2023-05-25 00:41:28,9,B+1.0,4.5428,129000
2023-05-25 00:41:32,9,B+1.0,4.5146,129000
2023-05-25 00:41:35,9,B+1.0,4.5018,129000
2023-05-25 00:41:39,9,B+1.0,4.5048,129000
2023-05-25 00:41:43,11,B+1.0,4.4921,129000
2023-05-25 00:41:49,13,B+1.0,4.4843,129000
2023-05-25 00:42:38,15,B+1.0,4.4562,130000
2023-05-25 00:42:41,9,B+1.0,4.4344,130000
2023-05-25 00:42:46,11,B+1.0,4.4294,130000
2023-05-25 00:42:49,9,B+1.0,4.4144,130000
2023-05-25 00:42:52,9,B+1.0,4.3882,130000
2023-05-25 00:42:57,11,B+1.0,4.394,130000
2023-05-25 00:43:00,9,B+1.0,4.3913,130000
2023-05-25 00:43:05,13,B+1.0,4.3344,130000
2023-05-25 00:43:09,9,B+1.0,4.3316,130000
2023-05-25 00:43:12,9,B+1.0,4.3319,130000
2023-05-25 00:43:16,9,B+1.0,4.2663,130000
2023-05-25 00:43:23,19,B+1.0,4.2692,130000
2023-05-25 00:43:26,9,B+1.0,4.2653,130000
2023-05-25 00:43:33,15,B+1.0,4.2988,130000
2023-05-25 00:43:40,17,B+1.0,4.3315,130000
2023-05-25 00:43:43,9,B+1.0,4.3245,130000
2023-05-25 00:43:46,9,B+1.0,4.2732,130000
2023-05-25 00:43:49,9,B+1.0,4.2662,130000
2023-05-25 00:43:52,9,B+1.0,4.2604,130000
2023-05-25 00:43:58,13,B+1.0,4.2885,130000
2023-05-25 00:44:02,9,B+1.0,4.2921,130000
2023-05-25 00:44:06,11,B+1.0,4.21,130000
2023-05-25 00:44:11,11,B+1.0,4.208,130000
2023-05-25 00:44:17,16,W+1.0,4.2004,130000
2023-05-25 00:44:23,13,B+1.0,4.2202,130000
2023-05-25 00:44:27,9,B+1.0,4.2155,130000
2023-05-25 00:44:32,14,W+1.0,4.2292,130000
2023-05-25 00:44:35,9,B+1.0,4.2157,130000
2023-05-25 00:44:39,9,B+1.0,4.2179,130000
2023-05-25 00:44:42,9,B+1.0,4.2208,130000
2023-05-25 00:44:47,11,B+1.0,4.2313,130000
2023-05-25 00:44:51,9,B+1.0,4.2136,130000
2023-05-25 00:44:54,9,B+1.0,4.2124,130000
2023-05-25 00:44:57,9,B+1.0,4.2076,130000
2023-05-25 00:45:01,9,B+1.0,4.2089,130000
2023-05-25 00:45:04,9,B+1.0,4.2109,130000
2023-05-25 00:45:08,9,B+1.0,4.2154,130000
2023-05-25 00:45:13,14,W+1.0,4.2334,130000
2023-05-25 00:45:17,9,B+1.0,4.2353,130000
2023-05-25 00:45:22,13,B+1.0,4.2397,130000
2023-05-25 00:45:26,9,B+1.0,4.2249,130000
2023-05-25 00:45:29,9,B+1.0,4.2199,130000
2023-05-25 00:45:33,11,B+1.0,4.2123,130000
2023-05-25 00:46:19,11,B+1.0,4.2147,131000
2023-05-25 00:46:22,9,B+1.0,4.2161,131000
2023-05-25 00:46:26,9,B+1.0,4.2198,131000
2023-05-25 00:46:30,9,B+1.0,4.2219,131000
2023-05-25 00:46:37,15,B+1.0,4.2496,131000
2023-05-25 00:46:40,9,B+1.0,4.2464,131000
2023-05-25 00:46:45,11,B+1.0,4.2584,131000
2023-05-25 00:46:50,15,B+1.0,4.266,131000
2023-05-25 00:46:56,13,B+1.0,4.2797,131000
2023-05-25 00:47:00,9,B+1.0,4.2842,131000
2023-05-25 00:47:04,9,B+1.0,4.2621,131000
2023-05-25 00:47:07,9,B+1.0,4.2592,131000
2023-05-25 00:47:14,15,B+1.0,4.2851,131000
2023-05-25 00:47:18,11,B+1.0,4.2775,131000
2023-05-25 00:47:22,9,B+1.0,4.2796,131000
2023-05-25 00:47:25,9,B+1.0,4.2813,131000
2023-05-25 00:47:31,13,B+1.0,4.2854,131000
2023-05-25 00:47:34,9,B+1.0,4.2858,131000
2023-05-25 00:47:38,9,B+1.0,4.2834,131000
2023-05-25 00:47:42,9,B+1.0,4.2889,131000
2023-05-25 00:47:46,9,B+1.0,4.2731,131000
2023-05-25 00:47:49,9,B+1.0,4.2633,131000
2023-05-25 00:47:52,9,B+1.0,4.264,131000
2023-05-25 00:47:59,18,W+1.0,4.2729,131000
2023-05-25 00:48:02,9,B+1.0,4.2587,131000
2023-05-25 00:48:06,9,B+1.0,4.2635,131000
2023-05-25 00:48:11,11,B+1.0,4.2246,131000
2023-05-25 00:48:14,9,B+1.0,4.2192,131000
2023-05-25 00:48:20,15,B+1.0,4.2349,131000
2023-05-25 00:48:24,11,B+1.0,4.2469,131000
2023-05-25 00:48:28,9,B+1.0,4.2461,131000
2023-05-25 00:48:32,11,B+1.0,4.2607,131000
2023-05-25 00:48:37,13,B+1.0,4.2796,131000
2023-05-25 00:48:41,9,B+1.0,4.2767,131000
2023-05-25 00:48:46,12,W+1.0,4.2983,131000
2023-05-25 00:48:50,9,B+1.0,4.3025,131000
2023-05-25 00:48:53,9,B+1.0,4.2922,131000
2023-05-25 00:48:56,9,B+1.0,4.2907,131000
2023-05-25 00:49:01,11,B+1.0,4.2996,131000
2023-05-25 00:49:05,11,B+1.0,4.2723,131000
2023-05-25 00:49:09,11,B+1.0,4.282,131000
2023-05-25 00:50:02,11,B+1.0,4.2586,132000
2023-05-25 00:50:07,10,W+1.0,4.2659,132000
2023-05-25 00:50:13,13,B+1.0,4.2984,132000
2023-05-25 00:50:18,11,B+1.0,4.2671,132000
2023-05-25 00:50:22,9,B+1.0,4.258,132000
2023-05-25 00:50:26,9,B+1.0,4.2604,132000
2023-05-25 00:50:29,9,B+1.0,4.2565,132000
2023-05-25 00:50:35,16,W+1.0,4.2852,132000
2023-05-25 00:50:39,9,B+1.0,4.2895,132000
2023-05-25 00:50:43,9,B+1.0,4.2953,132000
2023-05-25 00:50:47,11,B+1.0,4.3036,132000
2023-05-25 00:50:54,13,B+1.0,4.3255,132000
2023-05-25 00:50:59,11,B+1.0,4.3151,132000
2023-05-25 00:51:04,11,B+1.0,4.3381,132000
2023-05-25 00:51:08,9,B+1.0,4.3117,132000
2023-05-25 00:51:11,9,B+1.0,4.3189,132000
2023-05-25 00:51:17,15,B+1.0,4.3279,132000
2023-05-25 00:51:21,9,B+1.0,4.3351,132000
2023-05-25 00:51:25,9,B+1.0,4.3421,132000
2023-05-25 00:51:29,9,B+1.0,4.3344,132000
2023-05-25 00:51:32,9,B+1.0,4.3392,132000
2023-05-25 00:51:38,13,B+1.0,4.3373,132000
2023-05-25 00:51:43,13,B+1.0,4.3527,132000
2023-05-25 00:51:47,9,B+1.0,4.3574,132000
2023-05-25 00:51:52,11,B+1.0,4.3735,132000
2023-05-25 00:51:55,9,B+1.0,4.3363,132000
2023-05-25 00:52:00,10,W+1.0,4.3483,132000
2023-05-25 00:52:03,9,B+1.0,4.3165,132000
2023-05-25 00:52:07,9,B+1.0,4.2868,132000
2023-05-25 00:52:11,9,B+1.0,4.2949,132000
2023-05-25 00:52:14,9,B+1.0,4.2923,132000
2023-05-25 00:52:23,19,B+1.0,4.353,132000
2023-05-25 00:52:27,9,B+1.0,4.3584,132000
2023-05-25 00:52:30,9,B+1.0,4.3321,132000
2023-05-25 00:52:34,9,B+1.0,4.3321,132000
2023-05-25 00:52:38,9,B+1.0,4.3281,132000
2023-05-25 00:52:44,13,B+1.0,4.3411,132000
2023-05-25 00:52:49,11,B+1.0,4.3277,132000
2023-05-25 00:52:53,11,B+1.0,4.3124,132000
2023-05-25 00:52:57,9,B+1.0,4.3184,132000
2023-05-25 00:53:51,23,B+1.0,4.3546,133000
2023-05-25 00:53:55,11,B+1.0,4.3645,133000
2023-05-25 00:53:59,11,B+1.0,4.37,133000
2023-05-25 00:54:05,13,B+1.0,4.3863,133000
2023-05-25 00:54:09,9,B+1.0,4.3829,133000
2023-05-25 00:54:13,11,B+1.0,4.3953,133000
2023-05-25 00:54:17,9,B+1.0,4.3994,133000
2023-05-25 00:54:27,29,B+1.0,4.4668,133000
2023-05-25 00:54:31,9,B+1.0,4.4659,133000
2023-05-25 00:54:34,9,B+1.0,4.4654,133000
2023-05-25 00:54:38,9,B+1.0,4.4499,133000
2023-05-25 00:54:42,11,B+1.0,4.4541,133000
2023-05-25 00:54:47,11,B+1.0,4.447,133000
2023-05-25 00:54:52,11,B+1.0,4.4617,133000
2023-05-25 00:54:56,11,B+1.0,4.4697,133000
2023-05-25 00:55:01,13,B+1.0,4.486,133000
2023-05-25 00:55:05,9,B+1.0,4.4911,133000
2023-05-25 00:55:09,9,B+1.0,4.4848,133000
2023-05-25 00:55:13,11,B+1.0,4.4894,133000
2023-05-25 00:55:18,13,B+1.0,4.5089,133000
2023-05-25 00:55:22,9,B+1.0,4.5071,133000
2023-05-25 00:55:26,9,B+1.0,4.4765,133000
2023-05-25 00:55:29,9,B+1.0,4.4774,133000
2023-05-25 00:55:34,11,B+1.0,4.4765,133000
2023-05-25 00:55:37,9,B+1.0,4.4574,133000
2023-05-25 00:55:41,9,B+1.0,4.4377,133000
2023-05-25 00:55:47,15,B+1.0,4.4576,133000
2023-05-25 00:55:50,9,B+1.0,4.4541,133000
2023-05-25 00:55:55,11,B+1.0,4.4587,133000
2023-05-25 00:55:58,9,B+1.0,4.426,133000
2023-05-25 00:56:02,9,B+1.0,4.4221,133000
2023-05-25 00:56:05,9,B+1.0,4.4185,133000
2023-05-25 00:56:08,9,B+1.0,4.414,133000
2023-05-25 00:56:12,11,B+1.0,4.3996,133000
2023-05-25 00:56:18,13,B+1.0,4.4197,133000
2023-05-25 00:56:23,13,B+1.0,4.4409,133000
2023-05-25 00:56:26,9,B+1.0,4.4332,133000
2023-05-25 00:56:30,9,B+1.0,4.4311,133000
2023-05-25 00:56:33,9,B+1.0,4.4284,133000
2023-05-25 00:56:36,9,B+1.0,4.4275,133000
2023-05-25 00:56:44,23,B+1.0,4.4385,133000
2023-05-25 00:57:30,9,B+1.0,4.4419,134000
2023-05-25 00:57:34,9,B+1.0,4.4354,134000
2023-05-25 00:57:40,13,B+1.0,4.4579,134000
2023-05-25 00:57:45,11,B+1.0,4.4542,134000
2023-05-25 00:57:50,11,B+1.0,4.4577,134000
2023-05-25 00:57:57,13,B+1.0,4.4882,134000
2023-05-25 00:58:01,11,B+1.0,4.4863,134000
2023-05-25 00:58:06,11,B+1.0,4.484,134000
2023-05-25 00:58:11,11,B+1.0,4.5022,134000
2023-05-25 00:58:15,9,B+1.0,4.4854,134000
2023-05-25 00:58:19,9,B+1.0,4.4868,134000
2023-05-25 00:58:24,13,B+1.0,4.511,134000
2023-05-25 00:58:28,9,B+1.0,4.5155,134000
2023-05-25 00:58:34,15,B+1.0,4.529,134000
2023-05-25 00:58:42,17,B+1.0,4.5684,134000
2023-05-25 00:58:50,17,B+1.0,4.6004,134000
2023-05-25 00:58:56,15,B+1.0,4.5801,134000
2023-05-25 00:58:59,9,B+1.0,4.5695,134000
2023-05-25 00:59:03,11,B+1.0,4.5652,134000
2023-05-25 00:59:07,9,B+1.0,4.5337,134000
2023-05-25 00:59:11,12,W+1.0,4.5286,134000
2023-05-25 00:59:15,9,B+1.0,4.5267,134000
2023-05-25 00:59:19,9,B+1.0,4.5327,134000
2023-05-25 00:59:22,9,B+1.0,4.5269,134000
2023-05-25 00:59:27,11,B+1.0,4.5113,134000
2023-05-25 00:59:32,11,B+1.0,4.5286,134000
2023-05-25 00:59:36,9,B+1.0,4.527,134000
2023-05-25 00:59:39,9,B+1.0,4.5184,134000
2023-05-25 00:59:43,9,B+1.0,4.4921,134000
2023-05-25 00:59:47,11,B+1.0,4.4863,134000
2023-05-25 00:59:51,9,B+1.0,4.4723,134000
2023-05-25 00:59:55,9,B+1.0,4.4743,134000
2023-05-25 00:59:59,9,B+1.0,4.4803,134000
2023-05-25 01:00:03,9,B+1.0,4.4597,134000
2023-05-25 01:00:08,11,B+1.0,4.468,134000
2023-05-25 01:00:12,9,B+1.0,4.4652,134000
2023-05-25 01:00:17,11,B+1.0,4.476,134000
2023-05-25 01:00:20,9,B+1.0,4.4757,134000
2023-05-25 01:00:24,9,B+1.0,4.4587,134000
2023-05-25 01:00:27,9,B+1.0,4.4447,134000
2023-05-25 01:01:14,9,B+1.0,4.4367,135000
2023-05-25 01:01:19,11,B+1.0,4.4455,135000
2023-05-25 01:01:23,11,B+1.0,4.4434,135000
2023-05-25 01:01:28,11,B+1.0,4.4524,135000
2023-05-25 01:01:33,11,B+1.0,4.465,135000
2023-05-25 01:01:36,9,B+1.0,4.4609,135000
2023-05-25 01:01:39,9,B+1.0,4.457,135000
2023-05-25 01:01:42,9,B+1.0,4.3968,135000
2023-05-25 01:01:46,9,B+1.0,4.398,135000
2023-05-25 01:01:49,9,B+1.0,4.3955,135000
2023-05-25 01:01:53,9,B+1.0,4.3946,135000
2023-05-25 01:01:56,9,B+1.0,4.3932,135000
2023-05-25 01:02:00,9,B+1.0,4.3677,135000
2023-05-25 01:02:03,9,B+1.0,4.3541,135000
2023-05-25 01:02:07,9,B+1.0,4.3432,135000
2023-05-25 01:02:12,13,B+1.0,4.3556,135000
2023-05-25 01:02:15,9,B+1.0,4.3573,135000
2023-05-25 01:02:22,17,B+1.0,4.3307,135000
2023-05-25 01:02:26,11,B+1.0,4.3325,135000
2023-05-25 01:02:30,9,B+1.0,4.326,135000
2023-05-25 01:02:36,15,B+1.0,4.3233,135000
2023-05-25 01:02:39,9,B+1.0,4.3227,135000
2023-05-25 01:02:42,9,B+1.0,4.3107,135000
2023-05-25 01:02:45,9,B+1.0,4.3039,135000
2023-05-25 01:02:50,11,B+1.0,4.2451,135000
2023-05-25 01:02:55,13,B+1.0,4.2631,135000
2023-05-25 01:02:59,9,B+1.0,4.2647,135000
2023-05-25 01:03:03,11,B+1.0,4.273,135000
2023-05-25 01:03:07,9,B+1.0,4.2675,135000
2023-05-25 01:03:11,9,B+1.0,4.2592,135000
2023-05-25 01:03:15,9,B+1.0,4.2476,135000
2023-05-25 01:03:22,16,W+1.0,4.2793,135000
2023-05-25 01:03:25,9,B+1.0,4.258,135000
2023-05-25 01:03:30,11,B+1.0,4.2642,135000
2023-05-25 01:03:36,17,B+1.0,4.2958,135000
2023-05-25 01:03:40,9,B+1.0,4.2919,135000
2023-05-25 01:03:43,9,B+1.0,4.2662,135000
2023-05-25 01:03:47,9,B+1.0,4.2624,135000
2023-05-25 01:03:51,13,B+1.0,4.2741,135000
2023-05-25 01:04:02,27,B+1.0,4.3452,135000
2023-05-25 01:04:05,9,B+1.0,4.3348,135000
2023-05-25 01:04:11,13,B+1.0,4.3511,135000
2023-05-25 01:04:59,11,B+1.0,4.3389,136000
2023-05-25 01:05:04,11,B+1.0,4.3523,136000
2023-05-25 01:05:08,11,B+1.0,4.3505,136000
2023-05-25 01:05:12,9,B+1.0,4.3495,136000
2023-05-25 01:05:17,13,B+1.0,4.3646,136000
2023-05-25 01:05:23,15,B+1.0,4.3938,136000
2023-05-25 01:05:26,9,B+1.0,4.3961,136000
2023-05-25 01:05:29,9,B+1.0,4.3864,136000
2023-05-25 01:05:33,9,B+1.0,4.3633,136000
2023-05-25 01:05:38,13,B+1.0,4.3625,136000
2023-05-25 01:05:41,9,B+1.0,4.3614,136000
2023-05-25 01:05:45,9,B+1.0,4.3629,136000
2023-05-25 01:05:48,9,B+1.0,4.3674,136000
2023-05-25 01:05:53,11,B+1.0,4.3787,136000
2023-05-25 01:05:57,9,B+1.0,4.3418,136000
2023-05-25 01:06:02,15,B+1.0,4.3563,136000
2023-05-25 01:06:06,9,B+1.0,4.3544,136000
2023-05-25 01:06:12,17,B+1.0,4.3784,136000
2023-05-25 01:06:18,15,B+1.0,4.3843,136000
2023-05-25 01:06:22,9,B+1.0,4.3663,136000
2023-05-25 01:06:27,11,B+1.0,4.3671,136000
2023-05-25 01:06:33,15,B+1.0,4.3629,136000
2023-05-25 01:06:36,9,B+1.0,4.3512,136000
2023-05-25 01:06:40,11,B+1.0,4.342,136000
2023-05-25 01:06:43,9,B+1.0,4.3209,136000
2023-05-25 01:06:48,11,B+1.0,4.3298,136000
2023-05-25 01:06:51,9,B+1.0,4.3307,136000
2023-05-25 01:06:55,11,B+1.0,4.313,136000
2023-05-25 01:06:59,9,B+1.0,4.3134,136000
2023-05-25 01:07:04,11,B+1.0,4.3029,136000
2023-05-25 01:07:07,9,B+1.0,4.2528,136000
2023-05-25 01:07:10,9,B+1.0,4.2101,136000
2023-05-25 01:07:17,19,B+1.0,4.2155,136000
2023-05-25 01:07:21,9,B+1.0,4.2148,136000
2023-05-25 01:07:24,9,B+1.0,4.2087,136000
2023-05-25 01:07:30,13,B+1.0,4.2375,136000
2023-05-25 01:07:34,11,B+1.0,4.2311,136000
2023-05-25 01:07:38,11,B+1.0,4.2375,136000
2023-05-25 01:07:45,15,B+1.0,4.2628,136000
2023-05-25 01:07:48,9,B+1.0,4.264,136000
2023-05-25 01:07:51,9,B+1.0,4.2512,136000
2023-05-25 01:07:56,11,B+1.0,4.2427,136000
2023-05-25 01:08:42,11,B+1.0,4.2396,137000
2023-05-25 01:08:45,9,B+1.0,4.2339,137000
2023-05-25 01:08:51,17,B+1.0,4.2478,137000
2023-05-25 01:08:55,11,B+1.0,4.2503,137000
2023-05-25 01:09:00,11,B+1.0,4.2587,137000
2023-05-25 01:09:04,11,B+1.0,4.255,137000
2023-05-25 01:09:07,9,B+1.0,4.251,137000
2023-05-25 01:09:10,9,B+1.0,4.234,137000
2023-05-25 01:09:13,9,B+1.0,4.2314,137000
2023-05-25 01:09:17,9,B+1.0,4.2156,137000
2023-05-25 01:09:20,9,B+1.0,4.2176,137000
2023-05-25 01:09:24,9,B+1.0,4.2162,137000
2023-05-25 01:09:27,9,B+1.0,4.2132,137000
2023-05-25 01:09:32,13,B+1.0,4.2157,137000
2023-05-25 01:09:36,9,B+1.0,4.2231,137000
2023-05-25 01:09:42,13,B+1.0,4.2336,137000
2023-05-25 01:09:46,9,B+1.0,4.2288,137000
2023-05-25 01:09:49,9,B+1.0,4.2142,137000
2023-05-25 01:09:54,13,B+1.0,4.2157,137000
2023-05-25 01:09:58,9,B+1.0,4.2198,137000
2023-05-25 01:10:01,9,B+1.0,4.2228,137000
2023-05-25 01:10:06,17,B+1.0,4.2468,137000
2023-05-25 01:10:10,11,B+1.0,4.2523,137000
2023-05-25 01:10:15,11,B+1.0,4.26,137000
2023-05-25 01:10:18,9,B+1.0,4.2584,137000
2023-05-25 01:10:22,11,B+1.0,4.2649,137000
2023-05-25 01:10:25,9,B+1.0,4.26,137000
2023-05-25 01:10:29,11,B+1.0,4.265,137000
2023-05-25 01:10:33,9,B+1.0,4.2643,137000
2023-05-25 01:10:36,9,B+1.0,4.247,137000
2023-05-25 01:10:41,11,B+1.0,4.2589,137000
2023-05-25 01:10:44,9,B+1.0,4.2288,137000
2023-05-25 01:10:47,9,B+1.0,4.2163,137000
2023-05-25 01:10:51,9,B+1.0,4.2162,137000
2023-05-25 01:10:54,9,B+1.0,4.1935,137000
2023-05-25 01:11:01,15,B+1.0,4.2194,137000
2023-05-25 01:11:04,9,B+1.0,4.2221,137000
2023-05-25 01:11:07,9,B+1.0,4.2225,137000
2023-05-25 01:11:12,11,B+1.0,4.2238,137000
2023-05-25 01:11:15,9,B+1.0,4.207,137000
2023-05-25 01:11:19,9,B+1.0,4.2035,137000
2023-05-25 01:11:23,11,B+1.0,4.1962,137000
2023-05-25 01:11:26,9,B+1.0,4.1998,137000
2023-05-25 01:11:30,9,B+1.0,4.195,137000
2023-05-25 01:11:34,11,B+1.0,4.196,137000
2023-05-25 01:11:37,9,B+1.0,4.1608,137000
2023-05-25 01:11:41,9,B+1.0,4.1641,137000
2023-05-25 01:12:27,9,B+1.0,4.1187,138000
2023-05-25 01:12:32,13,B+1.0,4.1345,138000
2023-05-25 01:12:36,11,B+1.0,4.1474,138000
2023-05-25 01:12:40,9,B+1.0,4.1463,138000
2023-05-25 01:12:43,9,B+1.0,4.1348,138000
2023-05-25 01:12:47,9,B+1.0,4.0671,138000
2023-05-25 01:12:51,11,B+1.0,4.0696,138000
2023-05-25 01:12:55,11,B+1.0,4.0584,138000
2023-05-25 01:12:59,9,B+1.0,4.065,138000
2023-05-25 01:13:02,9,B+1.0,4.0515,138000
2023-05-25 01:13:06,9,B+1.0,4.0372,138000
2023-05-25 01:13:09,9,B+1.0,4.0311,138000
2023-05-25 01:13:13,9,B+1.0,4.032,138000
2023-05-25 01:13:17,11,B+1.0,4.0241,138000
2023-05-25 01:13:21,9,B+1.0,3.9995,138000
2023-05-25 01:13:26,13,B+1.0,4.0181,138000
2023-05-25 01:13:29,9,B+1.0,4.0204,138000
2023-05-25 01:13:33,9,B+1.0,4.0209,138000
2023-05-25 01:13:38,11,B+1.0,4.0156,138000
2023-05-25 01:13:43,14,W+1.0,4.0421,138000
2023-05-25 01:13:48,11,B+1.0,4.0543,138000
2023-05-25 01:13:52,13,B+1.0,4.0577,138000
2023-05-25 01:13:56,11,B+1.0,4.0539,138000
2023-05-25 01:14:02,14,W+1.0,4.0732,138000
2023-05-25 01:14:07,11,B+1.0,4.0663,138000
2023-05-25 01:14:11,9,B+1.0,4.0711,138000
2023-05-25 01:14:14,9,B+1.0,4.0459,138000
2023-05-25 01:14:18,9,B+1.0,4.0217,138000
2023-05-25 01:14:22,11,B+1.0,4.0283,138000
2023-05-25 01:14:26,9,B+1.0,4.0173,138000
2023-05-25 01:14:31,11,B+1.0,4.004,138000
2023-05-25 01:14:34,9,B+1.0,4.0048,138000
2023-05-25 01:14:40,11,B+1.0,4.0175,138000
2023-05-25 01:14:43,9,B+1.0,4.0239,138000
2023-05-25 01:14:48,11,B+1.0,4.0282,138000
2023-05-25 01:14:54,15,B+1.0,4.0514,138000
2023-05-25 01:14:58,9,B+1.0,4.0447,138000
2023-05-25 01:15:01,9,B+1.0,4.0448,138000
2023-05-25 01:15:06,11,B+1.0,4.0464,138000
2023-05-25 01:15:10,9,B+1.0,4.0494,138000
2023-05-25 01:15:14,11,B+1.0,4.0596,138000
2023-05-25 01:15:18,9,B+1.0,4.0261,138000
2023-05-25 01:15:21,9,B+1.0,4.0254,138000
2023-05-25 01:15:25,9,B+1.0,4.0276,138000
2023-05-25 01:16:10,9,B+1.0,3.9927,139000
2023-05-25 01:16:13,11,B+1.0,3.9913,139000
2023-05-25 01:16:17,11,B+1.0,3.962,139000
2023-05-25 01:16:22,11,B+1.0,3.9783,139000
2023-05-25 01:16:25,9,B+1.0,3.9785,139000
2023-05-25 01:16:32,17,B+1.0,3.9998,139000
2023-05-25 01:16:36,9,B+1.0,4.0043,139000
2023-05-25 01:16:39,9,B+1.0,4.003,139000
2023-05-25 01:16:45,13,B+1.0,4.0225,139000
2023-05-25 01:16:48,11,B+1.0,4.0009,139000
2023-05-25 01:16:52,9,B+1.0,3.9939,139000
2023-05-25 01:16:56,11,B+1.0,3.9943,139000
2023-05-25 01:17:00,9,B+1.0,3.9882,139000
2023-05-25 01:17:03,9,B+1.0,3.9892,139000
2023-05-25 01:17:06,9,B+1.0,3.9862,139000
2023-05-25 01:17:09,9,B+1.0,3.9863,139000
2023-05-25 01:17:13,10,W+1.0,3.9892,139000
2023-05-25 01:17:18,11,B+1.0,3.9985,139000
2023-05-25 01:17:21,9,B+1.0,3.9945,139000
2023-05-25 01:17:24,9,B+1.0,3.9931,139000
2023-05-25 01:17:28,13,B+1.0,3.9873,139000
2023-05-25 01:17:33,11,B+1.0,3.9906,139000
2023-05-25 01:17:37,11,B+1.0,3.9779,139000
2023-05-25 01:17:43,17,B+1.0,3.9998,139000
2023-05-25 01:17:49,17,B+1.0,4.0342,139000
2023-05-25 01:17:55,15,B+1.0,4.0396,139000
2023-05-25 01:17:58,9,B+1.0,4.0355,139000
2023-05-25 01:18:02,9,B+1.0,4.036,139000
2023-05-25 01:18:05,9,B+1.0,4.0161,139000
2023-05-25 01:18:09,11,B+1.0,4.0173,139000
2023-05-25 01:18:13,9,B+1.0,4.0072,139000
2023-05-25 01:18:18,14,W+1.0,4.0276,139000
2023-05-25 01:18:24,17,B+1.0,4.0495,139000
2023-05-25 01:18:28,11,B+1.0,4.0547,139000
2023-05-25 01:18:32,11,B+1.0,4.0548,139000
2023-05-25 01:18:35,9,B+1.0,4.0552,139000
2023-05-25 01:18:38,9,B+1.0,4.0504,139000
2023-05-25 01:18:43,11,B+1.0,4.0457,139000
2023-05-25 01:18:47,9,B+1.0,4.0541,139000
2023-05-25 01:18:50,9,B+1.0,4.0514,139000
2023-05-25 01:18:55,11,B+1.0,4.0647,139000
2023-05-25 01:18:58,9,B+1.0,4.0653,139000
2023-05-25 01:19:03,11,B+1.0,4.0498,139000
2023-05-25 01:19:06,9,B+1.0,4.0432,139000
2023-05-25 01:19:50,9,B+1.0,4.0405,140000
2023-05-25 01:19:56,13,B+1.0,4.0662,140000
2023-05-25 01:20:01,11,B+1.0,4.0794,140000
2023-05-25 01:20:05,11,B+1.0,4.0777,140000
2023-05-25 01:20:08,9,B+1.0,4.0753,140000
2023-05-25 01:20:12,9,B+1.0,4.0767,140000
2023-05-25 01:20:16,11,B+1.0,4.0804,140000
2023-05-25 01:20:27,31,B+1.0,4.1547,140000
2023-05-25 01:20:31,9,B+1.0,4.1506,140000
2023-05-25 01:20:34,9,B+1.0,4.1542,140000
2023-05-25 01:20:39,15,B+1.0,4.1703,140000
2023-05-25 01:20:44,13,B+1.0,4.171,140000
2023-05-25 01:20:48,9,B+1.0,4.1574,140000
2023-05-25 01:20:51,9,B+1.0,4.1557,140000
2023-05-25 01:20:55,9,B+1.0,4.1599,140000
2023-05-25 01:20:58,9,B+1.0,4.1604,140000
2023-05-25 01:21:05,15,B+1.0,4.1847,140000
2023-05-25 01:21:08,9,B+1.0,4.1736,140000
2023-05-25 01:21:11,9,B+1.0,4.1691,140000
2023-05-25 01:21:16,13,B+1.0,4.1852,140000
2023-05-25 01:21:19,9,B+1.0,4.1817,140000
2023-05-25 01:21:23,11,B+1.0,4.1859,140000
2023-05-25 01:21:29,13,B+1.0,4.2044,140000
2023-05-25 01:21:32,9,B+1.0,4.1959,140000
2023-05-25 01:21:37,13,B+1.0,4.205,140000
2023-05-25 01:21:43,13,B+1.0,4.2126,140000
2023-05-25 01:21:46,9,B+1.0,4.2154,140000
2023-05-25 01:21:50,11,B+1.0,4.2209,140000
2023-05-25 01:21:55,11,B+1.0,4.2157,140000
2023-05-25 01:21:58,9,B+1.0,4.1954,140000
2023-05-25 01:22:02,11,B+1.0,4.1857,140000
2023-05-25 01:22:06,11,B+1.0,4.187,140000
2023-05-25 01:22:10,11,B+1.0,4.1876,140000
2023-05-25 01:22:17,17,B+1.0,4.1982,140000
2023-05-25 01:22:24,19,B+1.0,4.22,140000
2023-05-25 01:22:30,15,B+1.0,4.2404,140000
2023-05-25 01:22:34,9,B+1.0,4.2376,140000
2023-05-25 01:22:38,11,B+1.0,4.2405,140000
2023-05-25 01:22:41,9,B+1.0,4.2307,140000
2023-05-25 01:22:44,9,B+1.0,4.2241,140000
2023-05-25 01:23:34,12,W+1.0,4.2399,141000
2023-05-25 01:23:39,11,B+1.0,4.2316,141000
2023-05-25 01:23:42,9,B+1.0,4.2251,141000
2023-05-25 01:23:45,9,B+1.0,4.2053,141000
2023-05-25 01:23:49,12,W+1.0,4.187,141000
2023-05-25 01:23:52,9,B+1.0,4.1823,141000
2023-05-25 01:23:56,11,B+1.0,4.1896,141000
2023-05-25 01:24:00,9,B+1.0,4.1758,141000
2023-05-25 01:24:06,13,B+1.0,4.1996,141000
2023-05-25 01:24:09,9,B+1.0,4.1904,141000
2023-05-25 01:24:13,9,B+1.0,4.1888,141000
2023-05-25 01:24:16,9,B+1.0,4.1911,141000
2023-05-25 01:24:20,9,B+1.0,4.1892,141000
2023-05-25 01:24:23,9,B+1.0,4.1834,141000
2023-05-25 01:24:26,9,B+1.0,4.1855,141000
2023-05-25 01:24:30,11,B+1.0,4.1896,141000
2023-05-25 01:24:35,11,B+1.0,4.203,141000
2023-05-25 01:24:39,9,B+1.0,4.1887,141000
2023-05-25 01:24:48,23,B+1.0,4.245,141000
2023-05-25 01:24:52,11,B+1.0,4.2235,141000
2023-05-25 01:24:58,13,B+1.0,4.2431,141000
2023-05-25 01:25:02,11,B+1.0,4.2523,141000
2023-05-25 01:25:06,9,B+1.0,4.2331,141000
2023-05-25 01:25:10,11,B+1.0,4.2402,141000
2023-05-25 01:25:15,11,B+1.0,4.2497,141000
2023-05-25 01:25:18,9,B+1.0,4.2359,141000
2023-05-25 01:25:26,21,B+1.0,4.2848,141000
2023-05-25 01:25:29,9,B+1.0,4.2852,141000
2023-05-25 01:25:35,15,B+1.0,4.3097,141000
2023-05-25 01:25:42,15,B+1.0,4.3469,141000
2023-05-25 01:25:46,11,B+1.0,4.3549,141000
2023-05-25 01:25:53,15,B+1.0,4.3734,141000
2023-05-25 01:25:56,9,B+1.0,4.374,141000
2023-05-25 01:25:59,9,B+1.0,4.3791,141000
2023-05-25 01:26:04,11,B+1.0,4.38,141000
2023-05-25 01:26:08,9,B+1.0,4.3722,141000
2023-05-25 01:26:13,15,B+1.0,4.3836,141000
2023-05-25 01:26:19,16,W+1.0,4.3829,141000
2023-05-25 01:26:22,9,B+1.0,4.347,141000
2023-05-25 01:26:25,9,B+1.0,4.3248,141000
2023-05-25 01:26:28,9,B+1.0,4.3231,141000
2023-05-25 01:27:16,9,B+1.0,4.3226,142000
2023-05-25 01:27:19,9,B+1.0,4.3138,142000
2023-05-25 01:27:26,17,B+1.0,4.3483,142000
2023-05-25 01:27:31,11,B+1.0,4.3406,142000
2023-05-25 01:27:34,9,B+1.0,4.314,142000
2023-05-25 01:27:38,9,B+1.0,4.3122,142000
2023-05-25 01:27:46,21,B+1.0,4.3489,142000
2023-05-25 01:27:52,17,B+1.0,4.3823,142000
2023-05-25 01:27:58,13,B+1.0,4.4083,142000
2023-05-25 01:28:04,15,B+1.0,4.4239,142000
2023-05-25 01:28:13,21,B+1.0,4.4777,142000
2023-05-25 01:28:16,9,B+1.0,4.4798,142000
2023-05-25 01:28:20,9,B+1.0,4.4685,142000
2023-05-25 01:28:24,9,B+1.0,4.4685,142000
2023-05-25 01:28:27,9,B+1.0,4.4546,142000
2023-05-25 01:28:30,9,B+1.0,4.4591,142000
2023-05-25 01:28:35,13,B+1.0,4.4643,142000
2023-05-25 01:28:38,9,B+1.0,4.463,142000
2023-05-25 01:28:42,11,B+1.0,4.4389,142000
2023-05-25 01:28:45,9,B+1.0,4.4277,142000
2023-05-25 01:28:50,11,B+1.0,4.4351,142000
2023-05-25 01:28:55,13,B+1.0,4.4549,142000
2023-05-25 01:28:59,9,B+1.0,4.4541,142000
2023-05-25 01:29:02,11,B+1.0,4.447,142000
2023-05-25 01:29:06,9,B+1.0,4.3682,142000
2023-05-25 01:29:10,11,B+1.0,4.3756,142000
2023-05-25 01:29:16,15,B+1.0,4.4091,142000
2023-05-25 01:29:19,9,B+1.0,4.3878,142000
2023-05-25 01:29:23,9,B+1.0,4.3715,142000
2023-05-25 01:29:27,11,B+1.0,4.384,142000
2023-05-25 01:29:32,13,B+1.0,4.3974,142000
2023-05-25 01:29:37,13,B+1.0,4.4055,142000
2023-05-25 01:29:41,14,W+1.0,4.4147,142000
2023-05-25 01:29:44,9,B+1.0,4.3825,142000
2023-05-25 01:29:48,9,B+1.0,4.385,142000
2023-05-25 01:29:55,17,B+1.0,4.418,142000
2023-05-25 01:29:59,13,B+1.0,4.415,142000
2023-05-25 01:30:03,9,B+1.0,4.4203,142000
2023-05-25 01:30:06,9,B+1.0,4.4122,142000
2023-05-25 01:30:10,11,B+1.0,4.3988,142000
2023-05-25 01:30:13,9,B+1.0,4.3951,142000
2023-05-25 01:30:57,9,B+1.0,4.3501,143000
2023-05-25 01:31:01,9,B+1.0,4.3494,143000
2023-05-25 01:31:04,9,B+1.0,4.3449,143000
2023-05-25 01:31:08,9,B+1.0,4.3343,143000
2023-05-25 01:31:11,9,B+1.0,4.3318,143000
2023-05-25 01:31:15,10,W+1.0,4.3363,143000
2023-05-25 01:31:21,18,W+1.0,4.3547,143000
2023-05-25 01:31:25,11,B+1.0,4.3533,143000
2023-05-25 01:31:31,15,B+1.0,4.3474,143000
2023-05-25 01:31:35,9,B+1.0,4.3102,143000
2023-05-25 01:31:38,9,B+1.0,4.2854,143000
2023-05-25 01:31:42,9,B+1.0,4.2874,143000
2023-05-25 01:31:46,11,B+1.0,4.2926,143000
2023-05-25 01:31:52,13,B+1.0,4.3149,143000
2023-05-25 01:32:01,19,B+1.0,4.3748,143000
2023-05-25 01:32:05,9,B+1.0,4.3627,143000
2023-05-25 01:32:08,9,B+1.0,4.3414,143000
2023-05-25 01:32:11,9,B+1.0,4.3324,143000
2023-05-25 01:32:15,11,B+1.0,4.3458,143000
2023-05-25 01:32:23,17,B+1.0,4.3919,143000
2023-05-25 01:32:26,9,B+1.0,4.3811,143000
2023-05-25 01:32:31,13,B+1.0,4.4035,143000
2023-05-25 01:32:36,11,B+1.0,4.4017,143000
2023-05-25 01:32:41,13,B+1.0,4.4196,143000
2023-05-25 01:32:44,9,B+1.0,4.3971,143000
2023-05-25 01:32:48,9,B+1.0,4.3969,143000
2023-05-25 01:32:51,9,B+1.0,4.3984,143000
2023-05-25 01:32:57,13,B+1.0,4.4129,143000
2023-05-25 01:33:00,11,B+1.0,4.419,143000
2023-05-25 01:33:05,11,B+1.0,4.4309,143000
2023-05-25 01:33:08,9,B+1.0,4.4324,143000
2023-05-25 01:33:13,11,B+1.0,4.4353,143000
2023-05-25 01:33:18,16,W+1.0,4.4405,143000
2023-05-25 01:33:21,9,B+1.0,4.4366,143000
2023-05-25 01:33:28,18,W+1.0,4.4171,143000
2023-05-25 01:33:32,9,B+1.0,4.4099,143000
2023-05-25 01:33:36,9,B+1.0,4.3884,143000
2023-05-25 01:33:39,9,B+1.0,4.3794,143000
2023-05-25 01:33:43,9,B+1.0,4.3802,143000
2023-05-25 01:33:46,9,B+1.0,4.3691,143000
2023-05-25 01:33:49,9,B+1.0,4.3545,143000
2023-05-25 01:33:53,9,B+1.0,4.3595,143000
2023-05-25 01:34:40,11,B+1.0,4.3225,144000
2023-05-25 01:34:43,9,B+1.0,4.3012,144000
2023-05-25 01:34:48,13,B+1.0,4.2841,144000
2023-05-25 01:34:52,9,B+1.0,4.2712,144000
2023-05-25 01:34:56,11,B+1.0,4.2549,144000
2023-05-25 01:35:04,19,B+1.0,4.2995,144000
2023-05-25 01:35:08,9,B+1.0,4.3002,144000
2023-05-25 01:35:15,15,B+1.0,4.3274,144000
2023-05-25 01:35:19,11,B+1.0,4.3346,144000
2023-05-25 01:35:23,9,B+1.0,4.3215,144000
2023-05-25 01:35:29,13,B+1.0,4.3177,144000
2023-05-25 01:35:33,11,B+1.0,4.332,144000
2023-05-25 01:35:37,9,B+1.0,4.3317,144000
2023-05-25 01:35:40,9,B+1.0,4.3368,144000
2023-05-25 01:35:44,9,B+1.0,4.342,144000
2023-05-25 01:35:49,13,B+1.0,4.3569,144000
2023-05-25 01:35:53,9,B+1.0,4.3616,144000
2023-05-25 01:35:57,11,B+1.0,4.338,144000
2023-05-25 01:36:01,9,B+1.0,4.3268,144000
2023-05-25 01:36:04,9,B+1.0,4.3227,144000
2023-05-25 01:36:10,13,B+1.0,4.3511,144000
2023-05-25 01:36:16,13,B+1.0,4.327,144000
2023-05-25 01:36:19,9,B+1.0,4.295,144000
2023-05-25 01:36:23,9,B+1.0,4.2764,144000
2023-05-25 01:36:26,9,B+1.0,4.2535,144000
2023-05-25 01:36:30,9,B+1.0,4.1929,144000
2023-05-25 01:36:41,27,B+1.0,4.2685,144000
2023-05-25 01:36:49,19,B+1.0,4.3158,144000
2023-05-25 01:36:54,11,B+1.0,4.3279,144000
2023-05-25 01:36:57,9,B+1.0,4.3328,144000
2023-05-25 01:37:02,11,B+1.0,4.3448,144000
2023-05-25 01:37:06,11,B+1.0,4.3423,144000
2023-05-25 01:37:11,13,B+1.0,4.3608,144000
2023-05-25 01:37:19,15,B+1.0,4.3945,144000
2023-05-25 01:37:26,17,B+1.0,4.4303,144000
2023-05-25 01:37:29,9,B+1.0,4.4229,144000
2023-05-25 01:37:35,17,B+1.0,4.4258,144000
2023-05-25 01:38:22,11,B+1.0,4.437,145000
2023-05-25 01:38:26,9,B+1.0,4.442,145000
2023-05-25 01:38:32,15,B+1.0,4.4652,145000
2023-05-25 01:38:37,11,B+1.0,4.4511,145000
2023-05-25 01:38:42,11,B+1.0,4.4659,145000
2023-05-25 01:38:49,15,B+1.0,4.4991,145000
2023-05-25 01:38:56,16,W+1.0,4.5261,145000
2023-05-25 01:38:59,9,B+1.0,4.5128,145000
2023-05-25 01:39:03,9,B+1.0,4.508,145000
2023-05-25 01:39:07,9,B+1.0,4.4979,145000
2023-05-25 01:39:11,9,B+1.0,4.5069,145000
2023-05-25 01:39:15,9,B+1.0,4.5111,145000
2023-05-25 01:39:20,11,B+1.0,4.4947,145000
2023-05-25 01:39:24,9,B+1.0,4.4891,145000
2023-05-25 01:39:33,21,B+1.0,4.5406,145000
2023-05-25 01:39:39,13,B+1.0,4.5675,145000
2023-05-25 01:39:45,15,B+1.0,4.5865,145000
2023-05-25 01:39:48,9,B+1.0,4.5889,145000
2023-05-25 01:39:53,13,B+1.0,4.6183,145000
2023-05-25 01:39:57,11,B+1.0,4.6238,145000
2023-05-25 01:40:01,9,B+1.0,4.6288,145000
2023-05-25 01:40:05,9,B+1.0,4.6295,145000
2023-05-25 01:40:09,9,B+1.0,4.6317,145000
2023-05-25 01:40:12,9,B+1.0,4.6325,145000
2023-05-25 01:40:16,9,B+1.0,4.6255,145000
2023-05-25 01:40:21,11,B+1.0,4.614,145000
2023-05-25 01:40:24,9,B+1.0,4.6109,145000
2023-05-25 01:40:28,9,B+1.0,4.5848,145000
2023-05-25 01:40:34,15,B+1.0,4.6113,145000
2023-05-25 01:40:37,9,B+1.0,4.6131,145000
2023-05-25 01:40:46,30,W+1.0,4.6679,145000
2023-05-25 01:40:51,14,W+1.0,4.6719,145000
2023-05-25 01:40:56,9,B+1.0,4.6566,145000
2023-05-25 01:41:00,11,B+1.0,4.6089,145000
2023-05-25 01:41:03,9,B+1.0,4.6086,145000
2023-05-25 01:41:07,9,B+1.0,4.6121,145000
2023-05-25 01:41:11,11,B+1.0,4.6192,145000
2023-05-25 01:41:14,9,B+1.0,4.6053,145000
2023-05-25 01:42:02,11,B+1.0,4.5886,146000
2023-05-25 01:42:07,11,B+1.0,4.5836,146000
2023-05-25 01:42:10,9,B+1.0,4.5767,146000
2023-05-25 01:42:14,9,B+1.0,4.5579,146000
2023-05-25 01:42:17,9,B+1.0,4.5494,146000
2023-05-25 01:42:20,9,B+1.0,4.5493,146000
2023-05-25 01:42:24,11,B+1.0,4.555,146000
2023-05-25 01:42:30,13,B+1.0,4.558,146000
2023-05-25 01:42:34,11,B+1.0,4.5642,146000
2023-05-25 01:42:38,9,B+1.0,4.5588,146000
2023-05-25 01:42:41,9,B+1.0,4.5623,146000
2023-05-25 01:42:47,11,B+1.0,4.5665,146000
2023-05-25 01:42:53,13,B+1.0,4.5719,146000
2023-05-25 01:42:56,9,B+1.0,4.578,146000
2023-05-25 01:43:02,11,B+1.0,4.559,146000
2023-05-25 01:43:07,13,B+1.0,4.5784,146000
2023-05-25 01:43:12,11,B+1.0,4.5877,146000
2023-05-25 01:43:15,9,B+1.0,4.5866,146000
2023-05-25 01:43:20,11,B+1.0,4.603,146000
2023-05-25 01:43:25,11,B+1.0,4.6209,146000
2023-05-25 01:43:29,9,B+1.0,4.6302,146000
2023-05-25 01:43:34,11,B+1.0,4.6362,146000
2023-05-25 01:43:37,9,B+1.0,4.6428,146000
2023-05-25 01:43:42,11,B+1.0,4.6409,146000
2023-05-25 01:43:47,11,B+1.0,4.6541,146000
2023-05-25 01:43:55,17,B+1.0,4.6817,146000
2023-05-25 01:44:00,16,W+1.0,4.7083,146000
2023-05-25 01:44:04,9,B+1.0,4.6949,146000
2023-05-25 01:44:10,15,B+1.0,4.6788,146000
2023-05-25 01:44:17,15,B+1.0,4.7114,146000
2023-05-25 01:44:21,11,B+1.0,4.6824,146000
2023-05-25 01:44:25,9,B+1.0,4.6772,146000
2023-05-25 01:44:30,13,B+1.0,4.6877,146000
2023-05-25 01:44:34,9,B+1.0,4.6681,146000
2023-05-25 01:44:38,9,B+1.0,4.6632,146000
2023-05-25 01:44:42,11,B+1.0,4.6768,146000
2023-05-25 01:44:46,10,W+1.0,4.6812,146000
2023-05-25 01:44:50,9,B+1.0,4.6798,146000
2023-05-25 01:44:55,11,B+1.0,4.6797,146000
2023-05-25 01:45:00,11,B+1.0,4.6919,146000
2023-05-25 01:45:46,9,B+1.0,4.6894,147000
2023-05-25 01:45:52,13,B+1.0,4.7177,147000
2023-05-25 01:45:56,11,B+1.0,4.6992,147000
2023-05-25 01:46:01,11,B+1.0,4.6895,147000
2023-05-25 01:46:05,9,B+1.0,4.6938,147000
2023-05-25 01:46:09,9,B+1.0,4.6941,147000
2023-05-25 01:46:12,9,B+1.0,4.6977,147000
2023-05-25 01:46:16,9,B+1.0,4.6997,147000
2023-05-25 01:46:20,9,B+1.0,4.6306,147000
2023-05-25 01:46:25,11,B+1.0,4.5938,147000
2023-05-25 01:46:29,11,B+1.0,4.583,147000
2023-05-25 01:46:32,9,B+1.0,4.5857,147000
2023-05-25 01:46:38,13,B+1.0,4.5966,147000
2023-05-25 01:46:43,11,B+1.0,4.6022,147000
2023-05-25 01:46:46,9,B+1.0,4.5846,147000
2023-05-25 01:46:50,9,B+1.0,4.5507,147000
2023-05-25 01:46:55,11,B+1.0,4.5288,147000
2023-05-25 01:47:01,15,B+1.0,4.5527,147000
2023-05-25 01:47:05,9,B+1.0,4.535,147000
2023-05-25 01:47:09,11,B+1.0,4.5438,147000
2023-05-25 01:47:12,9,B+1.0,4.5276,147000
2023-05-25 01:47:20,19,B+1.0,4.5696,147000
2023-05-25 01:47:24,9,B+1.0,4.5462,147000
2023-05-25 01:47:31,15,B+1.0,4.5573,147000
2023-05-25 01:47:35,11,B+1.0,4.5533,147000
2023-05-25 01:47:43,15,B+1.0,4.5641,147000
2023-05-25 01:47:49,13,B+1.0,4.5483,147000
2023-05-25 01:47:53,9,B+1.0,4.5613,147000
2023-05-25 01:47:57,9,B+1.0,4.555,147000
2023-05-25 01:48:01,11,B+1.0,4.5664,147000
2023-05-25 01:48:06,11,B+1.0,4.5699,147000
2023-05-25 01:48:10,9,B+1.0,4.573,147000
2023-05-25 01:48:13,9,B+1.0,4.5569,147000
2023-05-25 01:48:17,9,B+1.0,4.5534,147000
2023-05-25 01:48:24,17,B+1.0,4.5287,147000
2023-05-25 01:48:27,9,B+1.0,4.5093,147000
2023-05-25 01:48:31,9,B+1.0,4.4828,147000
2023-05-25 01:48:36,13,B+1.0,4.4995,147000
2023-05-25 01:48:40,11,B+1.0,4.4887,147000
2023-05-25 01:49:30,11,B+1.0,4.5041,148000
2023-05-25 01:49:33,9,B+1.0,4.5015,148000
2023-05-25 01:49:37,9,B+1.0,4.5007,148000
2023-05-25 01:49:41,11,B+1.0,4.506,148000
2023-05-25 01:49:45,11,B+1.0,4.5072,148000
2023-05-25 01:49:49,9,B+1.0,4.4987,148000
2023-05-25 01:49:54,13,B+1.0,4.5096,148000
2023-05-25 01:49:57,9,B+1.0,4.5134,148000
2023-05-25 01:50:01,9,B+1.0,4.4905,148000
2023-05-25 01:50:05,12,W+1.0,4.4906,148000
2023-05-25 01:50:10,13,B+1.0,4.447,148000
2023-05-25 01:50:14,11,B+1.0,4.4434,148000
2023-05-25 01:50:17,9,B+1.0,4.4363,148000
2023-05-25 01:50:21,9,B+1.0,4.4282,148000
2023-05-25 01:50:24,9,B+1.0,4.428,148000
2023-05-25 01:50:27,9,B+1.0,4.4259,148000
2023-05-25 01:50:31,9,B+1.0,4.4154,148000
2023-05-25 01:50:34,9,B+1.0,4.4226,148000
2023-05-25 01:50:38,9,B+1.0,4.4108,148000
2023-05-25 01:50:43,13,B+1.0,4.4145,148000
2023-05-25 01:50:47,11,B+1.0,4.4141,148000
2023-05-25 01:50:52,14,W+1.0,4.4278,148000
2023-05-25 01:50:56,11,B+1.0,4.4346,148000
2023-05-25 01:51:02,15,B+1.0,4.4632,148000
2023-05-25 01:51:07,11,B+1.0,4.4752,148000
2023-05-25 01:51:13,17,B+1.0,4.4989,148000
2023-05-25 01:51:19,15,B+1.0,4.5028,148000
2023-05-25 01:51:22,9,B+1.0,4.4939,148000
2023-05-25 01:51:28,15,B+1.0,4.5115,148000
2023-05-25 01:51:31,9,B+1.0,4.5054,148000
2023-05-25 01:51:35,9,B+1.0,4.4906,148000
2023-05-25 01:51:38,9,B+1.0,4.4648,148000
2023-05-25 01:51:43,11,B+1.0,4.4719,148000
2023-05-25 01:51:48,15,B+1.0,4.4722,148000
2023-05-25 01:51:51,9,B+1.0,4.4516,148000
2023-05-25 01:51:55,9,B+1.0,4.442,148000
2023-05-25 01:51:58,9,B+1.0,4.4401,148000
2023-05-25 01:52:02,11,B+1.0,4.4326,148000
2023-05-25 01:52:06,9,B+1.0,4.4152,148000
2023-05-25 01:52:11,13,B+1.0,4.4298,148000
2023-05-25 01:52:14,9,B+1.0,4.4193,148000
2023-05-25 01:52:18,9,B+1.0,4.4159,148000
2023-05-25 01:52:23,15,B+1.0,4.419,148000
2023-05-25 01:52:26,9,B+1.0,4.4081,148000
2023-05-25 01:53:14,12,W+1.0,4.3492,149000
2023-05-25 01:53:17,9,B+1.0,4.3478,149000
2023-05-25 01:53:21,11,B+1.0,4.3282,149000
2023-05-25 01:53:25,12,W+1.0,4.302,149000
2023-05-25 01:53:29,9,B+1.0,4.294,149000
2023-05-25 01:53:33,9,B+1.0,4.2916,149000
2023-05-25 01:53:36,9,B+1.0,4.2794,149000
2023-05-25 01:53:42,13,B+1.0,4.3047,149000
2023-05-25 01:53:47,11,B+1.0,4.3071,149000
2023-05-25 01:53:51,11,B+1.0,4.3052,149000
2023-05-25 01:53:55,10,W+1.0,4.3028,149000
2023-05-25 01:54:00,11,B+1.0,4.3168,149000
2023-05-25 01:54:05,11,B+1.0,4.3123,149000
2023-05-25 01:54:09,9,B+1.0,4.3017,149000
2023-05-25 01:54:13,9,B+1.0,4.3042,149000
2023-05-25 01:54:17,9,B+1.0,4.3072,149000
2023-05-25 01:54:20,9,B+1.0,4.2784,149000
2023-05-25 01:54:24,9,B+1.0,4.2738,149000
2023-05-25 01:54:28,9,B+1.0,4.268,149000
2023-05-25 01:54:31,9,B+1.0,4.2626,149000
2023-05-25 01:54:35,9,B+1.0,4.2596,149000
2023-05-25 01:54:40,11,B+1.0,4.2735,149000
2023-05-25 01:54:45,11,B+1.0,4.286,149000
2023-05-25 01:54:51,13,B+1.0,4.3103,149000
2023-05-25 01:54:56,11,B+1.0,4.3144,149000
2023-05-25 01:55:00,9,B+1.0,4.3146,149000
2023-05-25 01:55:05,11,B+1.0,4.3255,149000
2023-05-25 01:55:09,9,B+1.0,4.3079,149000
2023-05-25 01:55:13,9,B+1.0,4.2971,149000
2023-05-25 01:55:16,9,B+1.0,4.3005,149000
2023-05-25 01:55:23,17,B+1.0,4.3329,149000
2023-05-25 01:55:27,9,B+1.0,4.3237,149000
2023-05-25 01:55:31,9,B+1.0,4.2968,149000
2023-05-25 01:55:35,9,B+1.0,4.2964,149000
2023-05-25 01:55:39,9,B+1.0,4.2974,149000
2023-05-25 01:55:45,13,B+1.0,4.3245,149000
2023-05-25 01:55:50,13,B+1.0,4.295,149000
2023-05-25 01:55:55,13,B+1.0,4.3071,149000
2023-05-25 01:55:59,9,B+1.0,4.2814,149000
2023-05-25 01:56:03,9,B+1.0,4.2748,149000
2023-05-25 01:56:09,15,B+1.0,4.2557,149000
2023-05-25 01:56:57,13,B+1.0,4.2518,150000
2023-05-25 01:57:01,9,B+1.0,4.2542,150000
2023-05-25 01:57:06,11,B+1.0,4.2525,150000
2023-05-25 01:57:11,13,B+1.0,4.2652,150000
2023-05-25 01:57:14,9,B+1.0,4.257,150000
2023-05-25 01:57:21,17,B+1.0,4.2915,150000
2023-05-25 01:57:25,9,B+1.0,4.2901,150000
2023-05-25 01:57:29,9,B+1.0,4.2628,150000
2023-05-25 01:57:32,9,B+1.0,4.2601,150000
2023-05-25 01:57:37,11,B+1.0,4.2765,150000
2023-05-25 01:57:41,9,B+1.0,4.2613,150000
2023-05-25 01:57:44,9,B+1.0,4.2525,150000
2023-05-25 01:57:50,12,W+1.0,4.2627,150000
2023-05-25 01:57:54,9,B+1.0,4.2509,150000
2023-05-25 01:57:57,9,B+1.0,4.2567,150000
2023-05-25 01:58:13,45,B+1.0,4.3773,150000
2023-05-25 01:58:16,9,B+1.0,4.3712,150000
2023-05-25 01:58:20,9,B+1.0,4.366,150000
2023-05-25 01:58:26,13,B+1.0,4.3859,150000
2023-05-25 01:58:30,9,B+1.0,4.3804,150000
2023-05-25 01:58:35,13,B+1.0,4.397,150000
2023-05-25 01:58:39,9,B+1.0,4.3987,150000
2023-05-25 01:58:47,17,B+1.0,4.4418,150000
2023-05-25 01:58:52,11,B+1.0,4.444,150000
2023-05-25 01:58:56,11,B+1.0,4.4361,150000
2023-05-25 01:59:00,9,B+1.0,4.4399,150000
2023-05-25 01:59:04,9,B+1.0,4.4429,150000
2023-05-25 01:59:10,13,B+1.0,4.4711,150000
2023-05-25 01:59:16,15,B+1.0,4.5049,150000
2023-05-25 01:59:22,13,B+1.0,4.5308,150000
2023-05-25 01:59:26,9,B+1.0,4.5335,150000
2023-05-25 01:59:30,9,B+1.0,4.5382,150000
2023-05-25 01:59:37,17,B+1.0,4.5624,150000
2023-05-25 01:59:42,11,B+1.0,4.5665,150000
2023-05-25 01:59:48,13,B+1.0,4.5758,150000
2023-05-25 01:59:51,9,B+1.0,4.5701,150000
2023-05-25 02:00:41,15,B+1.0,4.5821,151000
2023-05-25 02:00:44,9,B+1.0,4.553,151000
2023-05-25 02:00:48,9,B+1.0,4.5332,151000
2023-05-25 02:00:52,9,B+1.0,4.5301,151000
2023-05-25 02:00:56,11,B+1.0,4.5222,151000
2023-05-25 02:01:00,9,B+1.0,4.5259,151000
2023-05-25 02:01:05,11,B+1.0,4.5398,151000
2023-05-25 02:01:09,9,B+1.0,4.5427,151000
2023-05-25 02:01:17,19,B+1.0,4.5775,151000
2023-05-25 02:01:20,9,B+1.0,4.5636,151000
2023-05-25 02:01:24,9,B+1.0,4.5641,151000
2023-05-25 02:01:28,9,B+1.0,4.5703,151000
2023-05-25 02:01:33,13,B+1.0,4.592,151000
2023-05-25 02:01:38,11,B+1.0,4.5989,151000
2023-05-25 02:01:43,11,B+1.0,4.6085,151000
2023-05-25 02:01:46,9,B+1.0,4.587,151000
2023-05-25 02:01:50,11,B+1.0,4.5986,151000
2023-05-25 02:01:54,9,B+1.0,4.597,151000
2023-05-25 02:01:58,9,B+1.0,4.587,151000
2023-05-25 02:02:01,9,B+1.0,4.5876,151000
2023-05-25 02:02:06,11,B+1.0,4.5999,151000
2023-05-25 02:02:09,9,B+1.0,4.5845,151000
2023-05-25 02:02:12,9,B+1.0,4.5867,151000
2023-05-25 02:02:17,11,B+1.0,4.5876,151000
2023-05-25 02:02:20,9,B+1.0,4.5819,151000
2023-05-25 02:02:24,9,B+1.0,4.5781,151000
2023-05-25 02:02:28,11,B+1.0,4.5885,151000
2023-05-25 02:02:33,11,B+1.0,4.5957,151000
2023-05-25 02:02:37,9,B+1.0,4.5731,151000
2023-05-25 02:02:45,20,W+1.0,4.6181,151000
2023-05-25 02:02:50,11,B+1.0,4.6166,151000
2023-05-25 02:02:57,15,B+1.0,4.6522,151000
2023-05-25 02:03:01,13,B+1.0,4.6454,151000
2023-05-25 02:03:05,9,B+1.0,4.6386,151000
2023-05-25 02:03:08,9,B+1.0,4.6301,151000
2023-05-25 02:03:12,9,B+1.0,4.6197,151000
2023-05-25 02:03:17,11,B+1.0,4.6305,151000
2023-05-25 02:03:20,9,B+1.0,4.6326,151000
2023-05-25 02:03:24,11,B+1.0,4.6374,151000
2023-05-25 02:03:30,13,B+1.0,4.6567,151000
2023-05-25 02:03:34,11,B+1.0,4.6603,151000
2023-05-25 02:04:23,9,B+1.0,4.656,152000
2023-05-25 02:04:27,11,B+1.0,4.6466,152000
2023-05-25 02:04:30,9,B+1.0,4.6143,152000
2023-05-25 02:04:36,13,B+1.0,4.6154,152000
2023-05-25 02:04:39,9,B+1.0,4.6104,152000
2023-05-25 02:04:42,9,B+1.0,4.5942,152000
2023-05-25 02:04:48,15,B+1.0,4.6095,152000
2023-05-25 02:04:51,9,B+1.0,4.6093,152000
2023-05-25 02:04:56,11,B+1.0,4.6166,152000
2023-05-25 02:04:59,9,B+1.0,4.582,152000
2023-05-25 02:05:03,11,B+1.0,4.5819,152000
2023-05-25 02:05:07,9,B+1.0,4.5806,152000
2023-05-25 02:05:10,9,B+1.0,4.5755,152000
2023-05-25 02:05:13,9,B+1.0,4.5693,152000
2023-05-25 02:05:17,9,B+1.0,4.5426,152000
2023-05-25 02:05:21,11,B+1.0,4.5294,152000
2023-05-25 02:05:24,9,B+1.0,4.5112,152000
2023-05-25 02:05:31,17,B+1.0,4.5413,152000
2023-05-25 02:05:36,15,B+1.0,4.5555,152000
2023-05-25 02:05:43,17,B+1.0,4.5618,152000
2023-05-25 02:05:46,9,B+1.0,4.5524,152000
2023-05-25 02:05:52,15,B+1.0,4.556,152000
2023-05-25 02:05:55,9,B+1.0,4.5552,152000
2023-05-25 02:05:59,9,B+1.0,4.54,152000
2023-05-25 02:06:04,13,B+1.0,4.5357,152000
2023-05-25 02:06:07,9,B+1.0,4.5361,152000
2023-05-25 02:06:10,9,B+1.0,4.4961,152000
2023-05-25 02:06:27,48,W+1.0,4.6278,152000
2023-05-25 02:06:32,11,B+1.0,4.639,152000
2023-05-25 02:06:35,9,B+1.0,4.6378,152000
2023-05-25 02:06:39,11,B+1.0,4.6316,152000
2023-05-25 02:06:43,9,B+1.0,4.6303,152000
2023-05-25 02:06:46,9,B+1.0,4.6287,152000
2023-05-25 02:06:52,13,B+1.0,4.6295,152000
2023-05-25 02:06:55,9,B+1.0,4.6236,152000
2023-05-25 02:06:58,9,B+1.0,4.6198,152000
2023-05-25 02:07:04,13,B+1.0,4.5208,152000
2023-05-25 02:07:09,11,B+1.0,4.536,152000
2023-05-25 02:07:16,17,B+1.0,4.5675,152000
2023-05-25 02:08:06,9,B+1.0,4.5708,153000
2023-05-25 02:08:12,13,B+1.0,4.5765,153000
2023-05-25 02:08:15,9,B+1.0,4.573,153000
2023-05-25 02:08:19,9,B+1.0,4.5225,153000
2023-05-25 02:08:23,11,B+1.0,4.5182,153000
2023-05-25 02:08:27,9,B+1.0,4.5176,153000
2023-05-25 02:08:31,11,B+1.0,4.5217,153000
2023-05-25 02:08:35,9,B+1.0,4.5221,153000
2023-05-25 02:08:38,9,B+1.0,4.4946,153000
2023-05-25 02:08:45,17,B+1.0,4.4928,153000
2023-05-25 02:08:50,11,B+1.0,4.4875,153000
2023-05-25 02:08:53,9,B+1.0,4.4841,153000
2023-05-25 02:08:59,15,B+1.0,4.5021,153000
2023-05-25 02:09:04,11,B+1.0,4.4746,153000
2023-05-25 02:09:11,17,B+1.0,4.4969,153000
2023-05-25 02:09:14,9,B+1.0,4.472,153000
2023-05-25 02:09:18,9,B+1.0,4.4765,153000
2023-05-25 02:09:22,9,B+1.0,4.4626,153000
2023-05-25 02:09:26,9,B+1.0,4.4356,153000
2023-05-25 02:09:29,9,B+1.0,4.4356,153000
2023-05-25 02:09:34,11,B+1.0,4.4433,153000
2023-05-25 02:09:37,9,B+1.0,4.4427,153000
2023-05-25 02:09:42,15,B+1.0,4.4502,153000
2023-05-25 02:09:47,11,B+1.0,4.4645,153000
2023-05-25 02:09:51,9,B+1.0,4.4528,153000
2023-05-25 02:09:55,9,B+1.0,4.4525,153000
2023-05-25 02:09:59,9,B+1.0,4.4111,153000
2023-05-25 02:10:02,9,B+1.0,4.4064,153000
2023-05-25 02:10:06,9,B+1.0,4.4053,153000
2023-05-25 02:10:09,9,B+1.0,4.4023,153000
2023-05-25 02:10:14,11,B+1.0,4.3947,153000
2023-05-25 02:10:19,11,B+1.0,4.3951,153000
2023-05-25 02:10:22,9,B+1.0,4.3858,153000
2023-05-25 02:10:26,9,B+1.0,4.3841,153000
2023-05-25 02:10:29,9,B+1.0,4.3767,153000
2023-05-25 02:10:33,9,B+1.0,4.379,153000
2023-05-25 02:10:37,11,B+1.0,4.3857,153000
2023-05-25 02:10:45,17,B+1.0,4.423,153000
2023-05-25 02:10:48,9,B+1.0,4.4135,153000
2023-05-25 02:10:56,15,B+1.0,4.4557,153000
2023-05-25 02:11:00,11,B+1.0,4.4649,153000
2023-05-25 02:11:04,10,W+1.0,4.4629,153000
2023-05-25 02:11:48,9,B+1.0,4.4512,154000
2023-05-25 02:11:54,13,B+1.0,4.4621,154000
2023-05-25 02:11:58,9,B+1.0,4.4537,154000
2023-05-25 02:12:01,9,B+1.0,4.4492,154000
2023-05-25 02:12:04,9,B+1.0,4.3937,154000
2023-05-25 02:12:08,9,B+1.0,4.3846,154000
2023-05-25 02:12:13,13,B+1.0,4.365,154000
2023-05-25 02:12:16,9,B+1.0,4.3519,154000
2023-05-25 02:12:20,9,B+1.0,4.3471,154000
2023-05-25 02:12:23,9,B+1.0,4.3526,154000
2023-05-25 02:12:29,13,B+1.0,4.3756,154000
2023-05-25 02:12:32,9,B+1.0,4.361,154000
2023-05-25 02:12:36,9,B+1.0,4.3602,154000
2023-05-25 02:12:39,9,B+1.0,4.3542,154000
2023-05-25 02:12:43,9,B+1.0,4.3284,154000
2023-05-25 02:12:48,11,B+1.0,4.342,154000
2023-05-25 02:12:51,9,B+1.0,4.3338,154000
2023-05-25 02:12:55,9,B+1.0,4.3297,154000
2023-05-25 02:13:00,14,W+1.0,4.3463,154000
2023-05-25 02:13:05,12,W+1.0,4.3608,154000
2023-05-25 02:13:08,9,B+1.0,4.3427,154000
2023-05-25 02:13:12,9,B+1.0,4.3472,154000
2023-05-25 02:13:17,13,B+1.0,4.3664,154000
2023-05-25 02:13:22,11,B+1.0,4.3578,154000
2023-05-25 02:13:27,12,W+1.0,4.3709,154000
2023-05-25 02:13:31,11,B+1.0,4.3685,154000
2023-05-25 02:13:35,9,B+1.0,4.3715,154000
2023-05-25 02:13:39,9,B+1.0,4.3701,154000
2023-05-25 02:13:43,11,B+1.0,4.3755,154000
2023-05-25 02:13:46,9,B+1.0,4.3734,154000
2023-05-25 02:13:52,13,B+1.0,4.3968,154000
2023-05-25 02:13:56,11,B+1.0,4.403,154000
2023-05-25 02:13:59,9,B+1.0,4.4017,154000
2023-05-25 02:14:03,9,B+1.0,4.4039,154000
2023-05-25 02:14:07,9,B+1.0,4.3723,154000
2023-05-25 02:14:13,15,B+1.0,4.3848,154000
2023-05-25 02:14:19,15,B+1.0,4.3799,154000
2023-05-25 02:14:25,13,B+1.0,4.4059,154000
2023-05-25 02:14:28,9,B+1.0,4.383,154000
2023-05-25 02:14:32,9,B+1.0,4.3798,154000
2023-05-25 02:14:35,9,B+1.0,4.3828,154000
2023-05-25 02:14:40,11,B+1.0,4.378,154000
2023-05-25 02:14:46,13,B+1.0,4.4088,154000
2023-05-25 02:15:34,9,B+1.0,4.2852,155000
2023-05-25 02:15:39,11,B+1.0,4.2854,155000
2023-05-25 02:15:42,9,B+1.0,4.2854,155000
2023-05-25 02:15:46,11,B+1.0,4.2806,155000
2023-05-25 02:15:49,9,B+1.0,4.2779,155000
2023-05-25 02:15:53,11,B+1.0,4.2865,155000
2023-05-25 02:15:56,9,B+1.0,4.2654,155000
2023-05-25 02:15:59,9,B+1.0,4.2601,155000
2023-05-25 02:16:03,9,B+1.0,4.2594,155000
2023-05-25 02:16:07,11,B+1.0,4.2479,155000
2023-05-25 02:16:11,9,B+1.0,4.2319,155000
2023-05-25 02:16:19,19,B+1.0,4.2495,155000
2023-05-25 02:16:22,9,B+1.0,4.2164,155000
2023-05-25 02:16:28,15,B+1.0,4.2344,155000
2023-05-25 02:16:34,15,B+1.0,4.2339,155000
2023-05-25 02:16:39,13,B+1.0,4.2555,155000
2023-05-25 02:16:43,9,B+1.0,4.2613,155000
2023-05-25 02:16:48,13,B+1.0,4.265,155000
2023-05-25 02:16:53,13,B+1.0,4.2835,155000
2023-05-25 02:16:57,9,B+1.0,4.2742,155000
2023-05-25 02:17:00,9,B+1.0,4.2633,155000
2023-05-25 02:17:03,9,B+1.0,4.2646,155000
2023-05-25 02:17:06,9,B+1.0,4.2333,155000
2023-05-25 02:17:11,11,B+1.0,4.2238,155000
2023-05-25 02:17:14,9,B+1.0,4.2173,155000
2023-05-25 02:17:17,9,B+1.0,4.1929,155000
2023-05-25 02:17:20,9,B+1.0,4.1807,155000
2023-05-25 02:17:24,13,B+1.0,4.1504,155000
2023-05-25 02:17:29,11,B+1.0,4.1663,155000
2023-05-25 02:17:40,25,B+1.0,4.2305,155000
2023-05-25 02:17:44,11,B+1.0,4.2338,155000
2023-05-25 02:17:47,9,B+1.0,4.2294,155000
2023-05-25 02:17:50,9,B+1.0,4.226,155000
2023-05-25 02:17:53,9,B+1.0,4.2139,155000
2023-05-25 02:17:58,13,B+1.0,4.2293,155000
2023-05-25 02:18:02,9,B+1.0,4.2122,155000
2023-05-25 02:18:05,9,B+1.0,4.1971,155000
2023-05-25 02:18:09,9,B+1.0,4.1924,155000
2023-05-25 02:18:12,9,B+1.0,4.1892,155000
2023-05-25 02:18:16,9,B+1.0,4.1868,155000
2023-05-25 02:18:32,43,B+1.0,4.3144,155000
2023-05-25 02:19:19,9,B+1.0,4.316,156000
2023-05-25 02:19:24,13,B+1.0,4.3166,156000
2023-05-25 02:19:28,11,B+1.0,4.3121,156000
2023-05-25 02:19:33,11,B+1.0,4.3215,156000
2023-05-25 02:19:36,9,B+1.0,4.3219,156000
2023-05-25 02:19:42,15,B+1.0,4.3517,156000
2023-05-25 02:19:46,9,B+1.0,4.3532,156000
2023-05-25 02:19:50,9,B+1.0,4.3474,156000
2023-05-25 02:19:55,13,B+1.0,4.3281,156000
2023-05-25 02:20:00,13,B+1.0,4.3395,156000
2023-05-25 02:20:03,9,B+1.0,4.2978,156000
2023-05-25 02:20:08,11,B+1.0,4.3027,156000
2023-05-25 02:20:11,9,B+1.0,4.2937,156000
2023-05-25 02:20:18,17,B+1.0,4.3348,156000
2023-05-25 02:20:26,18,W+1.0,4.3828,156000
2023-05-25 02:20:30,9,B+1.0,4.3621,156000
2023-05-25 02:20:33,9,B+1.0,4.3619,156000
2023-05-25 02:20:37,9,B+1.0,4.365,156000
2023-05-25 02:20:42,13,B+1.0,4.3821,156000
2023-05-25 02:20:50,18,W+1.0,4.4303,156000
2023-05-25 02:20:53,9,B+1.0,4.4083,156000
2023-05-25 02:20:58,11,B+1.0,4.423,156000
2023-05-25 02:21:03,13,B+1.0,4.4431,156000
2023-05-25 02:21:07,9,B+1.0,4.4418,156000
2023-05-25 02:21:10,9,B+1.0,4.4188,156000
2023-05-25 02:21:14,11,B+1.0,4.427,156000
2023-05-25 02:21:17,9,B+1.0,4.4241,156000
2023-05-25 02:21:24,15,B+1.0,4.4554,156000
2023-05-25 02:21:28,9,B+1.0,4.4575,156000
2023-05-25 02:21:32,9,B+1.0,4.4461,156000
2023-05-25 02:21:35,9,B+1.0,4.443,156000
2023-05-25 02:21:39,10,W+1.0,4.4525,156000
2023-05-25 02:21:44,11,B+1.0,4.4391,156000
2023-05-25 02:21:47,9,B+1.0,4.4244,156000
2023-05-25 02:21:51,9,B+1.0,4.4308,156000
2023-05-25 02:21:56,13,B+1.0,4.4428,156000
2023-05-25 02:22:02,15,B+1.0,4.4481,156000
2023-05-25 02:22:05,9,B+1.0,4.4398,156000
2023-05-25 02:22:10,11,B+1.0,4.4357,156000
2023-05-25 02:22:13,9,B+1.0,4.4273,156000
2023-05-25 02:23:03,13,B+1.0,4.44,157000
2023-05-25 02:23:10,16,W+1.0,4.479,157000
2023-05-25 02:23:18,19,B+1.0,4.5189,157000
2023-05-25 02:23:22,11,B+1.0,4.5102,157000
2023-05-25 02:23:26,9,B+1.0,4.4996,157000
2023-05-25 02:23:29,10,W+1.0,4.5003,157000
2023-05-25 02:23:34,11,B+1.0,4.5097,157000
2023-05-25 02:23:37,9,B+1.0,4.5079,157000
2023-05-25 02:23:40,9,B+1.0,4.4764,157000
2023-05-25 02:23:44,9,B+1.0,4.4536,157000
2023-05-25 02:23:48,9,B+1.0,4.4273,157000
2023-05-25 02:23:51,9,B+1.0,4.43,157000
2023-05-25 02:23:55,9,B+1.0,4.4327,157000
2023-05-25 02:23:59,11,B+1.0,4.4422,157000
2023-05-25 02:24:04,11,B+1.0,4.4368,157000
2023-05-25 02:24:08,11,B+1.0,4.413,157000
2023-05-25 02:24:11,11,B+1.0,4.4092,157000
2023-05-25 02:24:15,9,B+1.0,4.4083,157000
2023-05-25 02:24:18,9,B+1.0,4.3958,157000
2023-05-25 02:24:21,9,B+1.0,4.3939,157000
2023-05-25 02:24:25,9,B+1.0,4.3911,157000
2023-05-25 02:24:28,9,B+1.0,4.3934,157000
2023-05-25 02:24:31,9,B+1.0,4.3812,157000
2023-05-25 02:24:35,9,B+1.0,4.3844,157000
2023-05-25 02:24:38,9,B+1.0,4.3868,157000
2023-05-25 02:24:44,15,B+1.0,4.4167,157000
2023-05-25 02:24:48,9,B+1.0,4.4091,157000
2023-05-25 02:24:52,9,B+1.0,4.4122,157000
2023-05-25 02:24:56,11,B+1.0,4.3716,157000
2023-05-25 02:24:59,9,B+1.0,4.3738,157000
2023-05-25 02:25:06,15,B+1.0,4.3787,157000
2023-05-25 02:25:09,9,B+1.0,4.3522,157000
2023-05-25 02:25:12,9,B+1.0,4.33,157000
2023-05-25 02:25:16,11,B+1.0,4.3331,157000
2023-05-25 02:25:21,11,B+1.0,4.3342,157000
2023-05-25 02:25:25,9,B+1.0,4.3119,157000
2023-05-25 02:25:28,9,B+1.0,4.314,157000
2023-05-25 02:25:33,13,B+1.0,4.3367,157000
2023-05-25 02:25:38,11,B+1.0,4.3447,157000
2023-05-25 02:25:43,13,B+1.0,4.3711,157000
2023-05-25 02:25:47,9,B+1.0,4.3636,157000
2023-05-25 02:25:50,9,B+1.0,4.3625,157000
2023-05-25 02:25:56,13,B+1.0,4.3875,157000
2023-05-25 02:26:45,11,B+1.0,4.415,158000
2023-05-25 02:26:50,11,B+1.0,4.4127,158000
2023-05-25 02:26:53,9,B+1.0,4.3413,158000
2023-05-25 02:26:59,15,B+1.0,4.3615,158000
2023-05-25 02:27:04,13,B+1.0,4.3806,158000
2023-05-25 02:27:15,25,B+1.0,4.4518,158000
2023-05-25 02:27:18,9,B+1.0,4.452,158000
2023-05-25 02:27:22,11,B+1.0,4.4431,158000
2023-05-25 02:27:27,11,B+1.0,4.4533,158000
2023-05-25 02:27:30,9,B+1.0,4.4529,158000
2023-05-25 02:27:35,13,B+1.0,4.4703,158000
2023-05-25 02:27:39,11,B+1.0,4.4753,158000
2023-05-25 02:27:42,9,B+1.0,4.4714,158000
2023-05-25 02:27:46,9,B+1.0,4.3438,158000
2023-05-25 02:27:49,9,B+1.0,4.337,158000
2023-05-25 02:27:52,9,B+1.0,4.3375,158000
2023-05-25 02:27:59,13,B+1.0,4.3507,158000
2023-05-25 02:28:03,9,B+1.0,4.3448,158000
2023-05-25 02:28:07,9,B+1.0,4.3409,158000
2023-05-25 02:28:10,9,B+1.0,4.3409,158000
2023-05-25 02:28:14,11,B+1.0,4.3168,158000
2023-05-25 02:28:17,9,B+1.0,4.3129,158000
2023-05-25 02:28:21,9,B+1.0,4.3064,158000
2023-05-25 02:28:24,9,B+1.0,4.2895,158000
2023-05-25 02:28:28,9,B+1.0,4.2769,158000
2023-05-25 02:28:31,9,B+1.0,4.2808,158000
2023-05-25 02:28:34,9,B+1.0,4.2631,158000
2023-05-25 02:28:38,9,B+1.0,4.2657,158000
2023-05-25 02:28:44,15,B+1.0,4.2598,158000
2023-05-25 02:28:48,9,B+1.0,4.2164,158000
2023-05-25 02:28:52,11,B+1.0,4.2202,158000
2023-05-25 02:28:55,9,B+1.0,4.2144,158000
2023-05-25 02:28:58,9,B+1.0,4.2107,158000
2023-05-25 02:29:01,9,B+1.0,4.1955,158000
2023-05-25 02:29:06,11,B+1.0,4.1583,158000
2023-05-25 02:29:09,9,B+1.0,4.1561,158000
2023-05-25 02:29:13,11,B+1.0,4.1492,158000
2023-05-25 02:29:17,11,B+1.0,4.1374,158000
2023-05-25 02:29:21,11,B+1.0,4.1468,158000
2023-05-25 02:29:27,15,B+1.0,4.1696,158000
2023-05-25 02:29:32,13,B+1.0,4.1775,158000
2023-05-25 02:29:35,9,B+1.0,4.1786,158000
2023-05-25 02:29:39,11,B+1.0,4.1489,158000
2023-05-25 02:30:26,9,B+1.0,4.1447,159000
2023-05-25 02:30:32,13,B+1.0,4.1696,159000
2023-05-25 02:30:36,9,B+1.0,4.1626,159000
2023-05-25 02:30:41,15,B+1.0,4.1767,159000
2023-05-25 02:30:44,9,B+1.0,4.1751,159000
2023-05-25 02:30:48,9,B+1.0,4.1719,159000
2023-05-25 02:30:53,11,B+1.0,4.1758,159000
2023-05-25 02:30:57,9,B+1.0,4.1558,159000
2023-05-25 02:31:01,9,B+1.0,4.1525,159000
2023-05-25 02:31:05,11,B+1.0,4.1495,159000
2023-05-25 02:31:09,9,B+1.0,4.152,159000
2023-05-25 02:31:14,13,B+1.0,4.1753,159000
2023-05-25 02:31:18,11,B+1.0,4.1588,159000
2023-05-25 02:31:22,9,B+1.0,4.1165,159000
2023-05-25 02:31:26,11,B+1.0,4.0832,159000
2023-05-25 02:31:29,9,B+1.0,4.0697,159000
2023-05-25 02:31:33,9,B+1.0,4.0751,159000
2023-05-25 02:31:36,9,B+1.0,4.0678,159000
2023-05-25 02:31:39,9,B+1.0,4.0574,159000
2023-05-25 02:31:44,11,B+1.0,4.0669,159000
2023-05-25 02:31:47,9,B+1.0,4.0705,159000
2023-05-25 02:31:52,13,B+1.0,4.0779,159000
2023-05-25 02:31:56,9,B+1.0,4.0833,159000
2023-05-25 02:32:01,12,W+1.0,4.1004,159000
2023-05-25 02:32:04,9,B+1.0,4.0966,159000
2023-05-25 02:32:08,9,B+1.0,4.0867,159000
2023-05-25 02:32:13,11,B+1.0,4.0938,159000
2023-05-25 02:32:16,9,B+1.0,4.0859,159000
2023-05-25 02:32:25,19,B+1.0,4.1368,159000
2023-05-25 02:32:30,16,W+1.0,4.1581,159000
2023-05-25 02:32:34,9,B+1.0,4.1598,159000
2023-05-25 02:32:38,11,B+1.0,4.1749,159000
2023-05-25 02:32:42,9,B+1.0,4.1727,159000
2023-05-25 02:32:45,9,B+1.0,4.1745,159000
2023-05-25 02:32:50,11,B+1.0,4.1887,159000
2023-05-25 02:32:53,9,B+1.0,4.186,159000
2023-05-25 02:32:57,9,B+1.0,4.1896,159000
2023-05-25 02:33:00,9,B+1.0,4.16,159000
2023-05-25 02:33:04,9,B+1.0,4.1581,159000
2023-05-25 02:33:08,13,B+1.0,4.1671,159000
2023-05-25 02:33:12,11,B+1.0,4.1675,159000
2023-05-25 02:33:22,27,B+1.0,4.2266,159000
2023-05-25 02:34:13,13,B+1.0,4.219,160000
2023-05-25 02:34:17,9,B+1.0,4.2236,160000
2023-05-25 02:34:22,12,W+1.0,4.2295,160000
2023-05-25 02:34:25,9,B+1.0,4.2128,160000
2023-05-25 02:34:30,13,B+1.0,4.233,160000
2023-05-25 02:34:36,13,B+1.0,4.258,160000
2023-05-25 02:34:39,9,B+1.0,4.2386,160000
2023-05-25 02:34:43,9,B+1.0,4.2305,160000
2023-05-25 02:34:47,11,B+1.0,4.2151,160000
2023-05-25 02:34:50,9,B+1.0,4.2104,160000
2023-05-25 02:34:53,9,B+1.0,4.2147,160000
2023-05-25 02:34:57,11,B+1.0,4.1934,160000
2023-05-25 02:35:02,11,B+1.0,4.1839,160000
2023-05-25 02:35:06,11,B+1.0,4.1831,160000
2023-05-25 02:35:12,15,B+1.0,4.1898,160000
2023-05-25 02:35:15,9,B+1.0,4.1923,160000
2023-05-25 02:35:18,9,B+1.0,4.1654,160000
2023-05-25 02:35:22,9,B+1.0,4.1479,160000
2023-05-25 02:35:25,9,B+1.0,4.0792,160000
2023-05-25 02:35:29,11,B+1.0,4.0847,160000
2023-05-25 02:35:33,9,B+1.0,4.0792,160000
2023-05-25 02:35:37,13,B+1.0,4.0799,160000
2023-05-25 02:35:42,11,B+1.0,4.0929,160000
2023-05-25 02:35:46,9,B+1.0,4.0811,160000
2023-05-25 02:35:50,9,B+1.0,4.0764,160000
2023-05-25 02:35:53,9,B+1.0,4.0762,160000
2023-05-25 02:35:56,9,B+1.0,4.0795,160000
2023-05-25 02:36:00,9,B+1.0,4.0816,160000
2023-05-25 02:36:05,13,B+1.0,4.1012,160000
2023-05-25 02:36:09,11,B+1.0,4.0809,160000
2023-05-25 02:36:13,9,B+1.0,4.0726,160000
2023-05-25 02:36:17,11,B+1.0,4.0793,160000
2023-05-25 02:36:21,9,B+1.0,4.0809,160000
2023-05-25 02:36:24,9,B+1.0,4.0739,160000
2023-05-25 02:36:30,16,W+1.0,4.0947,160000
2023-05-25 02:36:34,11,B+1.0,4.1023,160000
2023-05-25 02:36:38,11,B+1.0,4.1135,160000
2023-05-25 02:36:42,9,B+1.0,4.1129,160000
2023-05-25 02:36:45,11,B+1.0,4.1133,160000
2023-05-25 02:36:48,9,B+1.0,4.111,160000
2023-05-25 02:36:51,9,B+1.0,4.107,160000
2023-05-25 02:36:55,9,B+1.0,4.0762,160000
2023-05-25 02:36:58,9,B+1.0,4.0778,160000
2023-05-25 02:37:04,13,B+1.0,4.0941,160000
2023-05-25 02:37:07,9,B+1.0,4.0941,160000
2023-05-25 02:37:11,9,B+1.0,4.0987,160000
2023-05-25 02:37:57,13,B+1.0,4.105,161000
2023-05-25 02:38:02,11,B+1.0,4.1225,161000
2023-05-25 02:38:05,9,B+1.0,4.118,161000
2023-05-25 02:38:10,13,B+1.0,4.1274,161000
2023-05-25 02:38:13,9,B+1.0,4.1157,161000
2023-05-25 02:38:18,11,B+1.0,4.1019,161000
2023-05-25 02:38:22,11,B+1.0,4.0982,161000
2023-05-25 02:38:26,9,B+1.0,4.1034,161000
2023-05-25 02:38:31,11,B+1.0,4.1114,161000
2023-05-25 02:38:35,11,B+1.0,4.121,161000
2023-05-25 02:38:39,11,B+1.0,4.1276,161000
2023-05-25 02:38:43,9,B+1.0,4.1095,161000
2023-05-25 02:38:47,9,B+1.0,4.1084,161000
2023-05-25 02:38:51,9,B+1.0,4.0909,161000
2023-05-25 02:38:55,13,B+1.0,4.1059,161000
2023-05-25 02:39:01,13,B+1.0,4.1256,161000
2023-05-25 02:39:04,9,B+1.0,4.1062,161000
2023-05-25 02:39:08,9,B+1.0,4.1041,161000
2023-05-25 02:39:12,9,B+1.0,4.1093,161000
2023-05-25 02:39:15,9,B+1.0,4.1015,161000
2023-05-25 02:39:19,9,B+1.0,4.1024,161000
2023-05-25 02:39:23,9,B+1.0,4.08,161000
2023-05-25 02:39:28,11,B+1.0,4.0936,161000
2023-05-25 02:39:32,11,B+1.0,4.1023,161000
2023-05-25 02:39:36,9,B+1.0,4.0969,161000
2023-05-25 02:39:39,9,B+1.0,4.0923,161000
2023-05-25 02:39:43,11,B+1.0,4.0969,161000
2023-05-25 02:39:46,9,B+1.0,4.1028,161000
2023-05-25 02:39:50,11,B+1.0,4.1082,161000
2023-05-25 02:39:54,11,B+1.0,4.1058,161000
2023-05-25 02:39:58,9,B+1.0,4.1081,161000
2023-05-25 02:40:03,11,B+1.0,4.107,161000
2023-05-25 02:40:07,11,B+1.0,4.1125,161000
2023-05-25 02:40:12,11,B+1.0,4.1093,161000
2023-05-25 02:40:17,11,B+1.0,4.1226,161000
2023-05-25 02:40:27,28,W+1.0,4.1908,161000
2023-05-25 02:40:32,13,B+1.0,4.1922,161000
2023-05-25 02:40:35,9,B+1.0,4.1935,161000
2023-05-25 02:40:40,11,B+1.0,4.1517,161000
2023-05-25 02:40:45,11,B+1.0,4.1435,161000
2023-05-25 02:40:48,9,B+1.0,4.1374,161000
2023-05-25 02:40:54,13,B+1.0,4.1479,161000
2023-05-25 02:41:40,10,W+1.0,4.1537,162000
2023-05-25 02:41:44,9,B+1.0,4.1432,162000
2023-05-25 02:41:48,11,B+1.0,4.1493,162000
2023-05-25 02:41:51,9,B+1.0,4.1449,162000
2023-05-25 02:41:54,9,B+1.0,4.1435,162000
2023-05-25 02:41:58,11,B+1.0,4.1495,162000
2023-05-25 02:42:02,9,B+1.0,4.138,162000
2023-05-25 02:42:05,9,B+1.0,4.1321,162000
2023-05-25 02:42:09,9,B+1.0,4.0725,162000
2023-05-25 02:42:12,9,B+1.0,4.0706,162000
2023-05-25 02:42:16,11,B+1.0,4.0613,162000
2023-05-25 02:42:21,11,B+1.0,4.0659,162000
2023-05-25 02:42:25,13,B+1.0,4.0698,162000
2023-05-25 02:42:29,9,B+1.0,4.0678,162000
2023-05-25 02:42:32,9,B+1.0,4.0483,162000
2023-05-25 02:42:37,11,B+1.0,4.0363,162000
2023-05-25 02:42:40,9,B+1.0,4.0372,162000
2023-05-25 02:42:44,9,B+1.0,4.0409,162000
2023-05-25 02:42:47,9,B+1.0,4.0311,162000
2023-05-25 02:42:51,9,B+1.0,4.0359,162000
2023-05-25 02:42:54,9,B+1.0,4.0367,162000
2023-05-25 02:42:59,13,B+1.0,4.047,162000
2023-05-25 02:43:02,9,B+1.0,4.0348,162000
2023-05-25 02:43:08,13,B+1.0,4.0489,162000
2023-05-25 02:43:12,9,B+1.0,4.0327,162000
2023-05-25 02:43:17,11,B+1.0,4.045,162000
2023-05-25 02:43:21,11,B+1.0,4.0546,162000
2023-05-25 02:43:28,15,B+1.0,4.0868,162000
2023-05-25 02:43:31,9,B+1.0,4.0855,162000
2023-05-25 02:43:37,13,B+1.0,4.1042,162000
2023-05-25 02:43:40,9,B+1.0,4.1042,162000
2023-05-25 02:43:47,19,B+1.0,4.1279,162000
2023-05-25 02:43:51,9,B+1.0,4.1168,162000
2023-05-25 02:43:57,15,B+1.0,4.1416,162000
2023-05-25 02:44:04,15,B+1.0,4.1732,162000
2023-05-25 02:44:08,9,B+1.0,4.1786,162000
2023-05-25 02:44:11,9,B+1.0,4.1749,162000
2023-05-25 02:44:14,9,B+1.0,4.1749,162000
2023-05-25 02:44:18,11,B+1.0,4.1603,162000
2023-05-25 02:44:22,9,B+1.0,4.1518,162000
2023-05-25 02:44:27,13,B+1.0,4.1725,162000
2023-05-25 02:44:30,9,B+1.0,4.16,162000
2023-05-25 02:44:35,11,B+1.0,4.1719,162000
2023-05-25 02:44:38,9,B+1.0,4.169,162000
2023-05-25 02:45:25,13,B+1.0,4.1597,163000
2023-05-25 02:45:29,9,B+1.0,4.146,163000
2023-05-25 02:45:35,15,B+1.0,4.1753,163000
2023-05-25 02:45:42,15,B+1.0,4.2058,163000
2023-05-25 02:45:48,13,B+1.0,4.2405,163000
2023-05-25 02:45:51,9,B+1.0,4.2417,163000
2023-05-25 02:45:56,11,B+1.0,4.2526,163000
2023-05-25 02:45:59,9,B+1.0,4.2505,163000
2023-05-25 02:46:06,17,B+1.0,4.2658,163000
2023-05-25 02:46:09,9,B+1.0,4.268,163000
2023-05-25 02:46:13,9,B+1.0,4.2662,163000
2023-05-25 02:46:17,11,B+1.0,4.2757,163000
2023-05-25 02:46:21,9,B+1.0,4.2614,163000
2023-05-25 02:46:27,15,B+1.0,4.2748,163000
2023-05-25 02:46:32,11,B+1.0,4.2901,163000
2023-05-25 02:46:37,11,B+1.0,4.2849,163000
2023-05-25 02:46:40,9,B+1.0,4.2838,163000
2023-05-25 02:46:45,11,B+1.0,4.2938,163000
2023-05-25 02:46:51,13,B+1.0,4.3058,163000
2023-05-25 02:46:55,9,B+1.0,4.3032,163000
2023-05-25 02:47:01,17,B+1.0,4.3205,163000
2023-05-25 02:47:04,9,B+1.0,4.3116,163000
2023-05-25 02:47:09,11,B+1.0,4.3129,163000
2023-05-25 02:47:14,11,B+1.0,4.3194,163000
2023-05-25 02:47:17,9,B+1.0,4.3149,163000
2023-05-25 02:47:20,9,B+1.0,4.3108,163000
2023-05-25 02:47:23,9,B+1.0,4.2969,163000
2023-05-25 02:47:27,9,B+1.0,4.2771,163000
2023-05-25 02:47:30,9,B+1.0,4.276,163000
2023-05-25 02:47:34,11,B+1.0,4.2817,163000
2023-05-25 02:47:40,12,W+1.0,4.2941,163000
2023-05-25 02:47:43,9,B+1.0,4.2948,163000
2023-05-25 02:47:47,9,B+1.0,4.2928,163000
2023-05-25 02:47:50,9,B+1.0,4.293,163000
2023-05-25 02:47:56,13,B+1.0,4.2953,163000
2023-05-25 02:48:00,11,B+1.0,4.2977,163000
2023-05-25 02:48:04,11,B+1.0,4.3043,163000
2023-05-25 02:48:12,17,B+1.0,4.3555,163000
2023-05-25 02:48:17,11,B+1.0,4.3605,163000
2023-05-25 02:48:20,9,B+1.0,4.3594,163000
2023-05-25 02:49:08,9,B+1.0,4.3638,164000
2023-05-25 02:49:12,9,B+1.0,4.3672,164000
2023-05-25 02:49:16,9,B+1.0,4.3582,164000
2023-05-25 02:49:20,11,B+1.0,4.3565,164000
2023-05-25 02:49:24,11,B+1.0,4.3465,164000
2023-05-25 02:49:28,9,B+1.0,4.3388,164000
2023-05-25 02:49:32,9,B+1.0,4.2755,164000
2023-05-25 02:49:36,9,B+1.0,4.2647,164000
2023-05-25 02:49:40,9,B+1.0,4.2669,164000
2023-05-25 02:49:44,9,B+1.0,4.2615,164000
2023-05-25 02:49:48,11,B+1.0,4.2593,164000
2023-05-25 02:49:53,11,B+1.0,4.2791,164000
2023-05-25 02:49:58,11,B+1.0,4.2647,164000
2023-05-25 02:50:02,11,B+1.0,4.2773,164000
2023-05-25 02:50:07,13,B+1.0,4.2888,164000
2023-05-25 02:50:13,13,B+1.0,4.309,164000
2023-05-25 02:50:19,13,B+1.0,4.3276,164000
2023-05-25 02:50:22,9,B+1.0,4.328,164000
2023-05-25 02:50:25,9,B+1.0,4.3287,164000
2023-05-25 02:50:29,9,B+1.0,4.3225,164000
2023-05-25 02:50:33,11,B+1.0,4.3323,164000
2023-05-25 02:50:36,9,B+1.0,4.3303,164000
2023-05-25 02:50:41,11,B+1.0,4.3444,164000
2023-05-25 02:50:45,9,B+1.0,4.35,164000
2023-05-25 02:50:50,11,B+1.0,4.352,164000
2023-05-25 02:50:54,9,B+1.0,4.348,164000
2023-05-25 02:50:57,9,B+1.0,4.334,164000
2023-05-25 02:51:01,9,B+1.0,4.3397,164000
2023-05-25 02:51:05,9,B+1.0,4.3452,164000
2023-05-25 02:51:09,9,B+1.0,4.3345,164000
2023-05-25 02:51:12,9,B+1.0,4.3403,164000
2023-05-25 02:51:19,17,B+1.0,4.3696,164000
2023-05-25 02:51:23,9,B+1.0,4.3748,164000
2023-05-25 02:51:29,15,B+1.0,4.3955,164000
2023-05-25 02:51:32,9,B+1.0,4.4004,164000
2023-05-25 02:51:37,11,B+1.0,4.3969,164000
2023-05-25 02:51:41,9,B+1.0,4.4038,164000
2023-05-25 02:51:46,11,B+1.0,4.3906,164000
2023-05-25 02:51:49,9,B+1.0,4.3883,164000
2023-05-25 02:51:53,9,B+1.0,4.3771,164000
2023-05-25 02:52:00,17,B+1.0,4.4118,164000
2023-05-25 02:52:52,11,B+1.0,4.4197,165000
2023-05-25 02:52:57,13,B+1.0,4.4106,165000
2023-05-25 02:53:01,11,B+1.0,4.4157,165000
2023-05-25 02:53:04,9,B+1.0,4.3776,165000
2023-05-25 02:53:07,9,B+1.0,4.3712,165000
2023-05-25 02:53:11,9,B+1.0,4.341,165000
2023-05-25 02:53:14,9,B+1.0,4.3111,165000
2023-05-25 02:53:19,11,B+1.0,4.3217,165000
2023-05-25 02:53:24,11,B+1.0,4.3345,165000
2023-05-25 02:53:27,9,B+1.0,4.3372,165000
2023-05-25 02:53:31,9,B+1.0,4.3312,165000
2023-05-25 02:53:34,9,B+1.0,4.3335,165000
2023-05-25 02:53:38,9,B+1.0,4.3161,165000
2023-05-25 02:53:41,9,B+1.0,4.3128,165000
2023-05-25 02:53:48,17,B+1.0,4.3397,165000
2023-05-25 02:53:51,9,B+1.0,4.3404,165000
2023-05-25 02:53:56,12,W+1.0,4.3596,165000
2023-05-25 02:54:03,18,W+1.0,4.3728,165000
2023-05-25 02:54:08,13,B+1.0,4.3877,165000
2023-05-25 02:54:11,9,B+1.0,4.3545,165000
2023-05-25 02:54:15,11,B+1.0,4.3254,165000
2023-05-25 02:54:18,9,B+1.0,4.2972,165000
2023-05-25 02:54:22,9,B+1.0,4.2964,165000
2023-05-25 02:54:26,11,B+1.0,4.2964,165000
2023-05-25 02:54:29,9,B+1.0,4.2962,165000
2023-05-25 02:54:33,9,B+1.0,4.2627,165000
2023-05-25 02:54:39,13,B+1.0,4.2859,165000
2023-05-25 02:54:42,9,B+1.0,4.2856,165000
2023-05-25 02:54:45,9,B+1.0,4.2745,165000
2023-05-25 02:54:50,13,B+1.0,4.2841,165000
2023-05-25 02:54:55,11,B+1.0,4.2709,165000
2023-05-25 02:54:59,9,B+1.0,4.2586,165000
2023-05-25 02:55:05,19,B+1.0,4.2797,165000
2023-05-25 02:55:12,17,B+1.0,4.3119,165000
2023-05-25 02:55:15,9,B+1.0,4.2955,165000
2023-05-25 02:55:19,9,B+1.0,4.2746,165000
2023-05-25 02:55:24,11,B+1.0,4.2897,165000
2023-05-25 02:55:28,11,B+1.0,4.2637,165000
2023-05-25 02:55:31,9,B+1.0,4.2646,165000
2023-05-25 02:55:35,9,B+1.0,4.2563,165000
2023-05-25 02:55:42,16,W+1.0,4.2757,165000
2023-05-25 02:55:45,9,B+1.0,4.2785,165000
2023-05-25 02:56:35,13,B+1.0,4.2947,166000
2023-05-25 02:56:39,11,B+1.0,4.2996,166000
2023-05-25 02:56:43,9,B+1.0,4.3065,166000
2023-05-25 02:56:46,9,B+1.0,4.2995,166000
2023-05-25 02:56:51,11,B+1.0,4.2889,166000
2023-05-25 02:56:57,14,W+1.0,4.3194,166000
2023-05-25 02:57:01,9,B+1.0,4.3179,166000
2023-05-25 02:57:04,9,B+1.0,4.3169,166000
2023-05-25 02:57:10,13,B+1.0,4.3246,166000
2023-05-25 02:57:14,9,B+1.0,4.3145,166000
2023-05-25 02:57:17,9,B+1.0,4.3076,166000
2023-05-25 02:57:24,15,B+1.0,4.2993,166000
2023-05-25 02:57:28,9,B+1.0,4.2903,166000
2023-05-25 02:57:32,9,B+1.0,4.2943,166000
2023-05-25 02:57:36,9,B+1.0,4.2854,166000
2023-05-25 02:57:39,9,B+1.0,4.2796,166000
2023-05-25 02:57:43,9,B+1.0,4.2752,166000
2023-05-25 02:57:46,9,B+1.0,4.2747,166000
2023-05-25 02:57:52,15,B+1.0,4.2936,166000
2023-05-25 02:57:56,9,B+1.0,4.2879,166000
2023-05-25 02:58:02,13,B+1.0,4.305,166000
2023-05-25 02:58:06,11,B+1.0,4.3126,166000
2023-05-25 02:58:10,9,B+1.0,4.3108,166000
2023-05-25 02:58:14,9,B+1.0,4.3119,166000
2023-05-25 02:58:20,15,B+1.0,4.333,166000
2023-05-25 02:58:24,9,B+1.0,4.3253,166000
2023-05-25 02:58:30,15,B+1.0,4.3388,166000
2023-05-25 02:58:37,17,B+1.0,4.3643,166000
2023-05-25 02:58:40,9,B+1.0,4.3584,166000
2023-05-25 02:58:44,9,B+1.0,4.338,166000
2023-05-25 02:58:47,9,B+1.0,4.3179,166000
2023-05-25 02:58:51,11,B+1.0,4.2994,166000
2023-05-25 02:58:56,11,B+1.0,4.3147,166000
2023-05-25 02:59:00,9,B+1.0,4.3209,166000
2023-05-25 02:59:03,9,B+1.0,4.3208,166000
2023-05-25 02:59:17,35,B+1.0,4.4132,166000
2023-05-25 02:59:22,11,B+1.0,4.4316,166000
2023-05-25 02:59:27,11,B+1.0,4.4293,166000
2023-05-25 02:59:32,11,B+1.0,4.4375,166000
2023-05-25 03:00:18,9,B+1.0,4.4188,167000
2023-05-25 03:00:24,14,W+1.0,4.4463,167000
2023-05-25 03:00:28,9,B+1.0,4.4482,167000
2023-05-25 03:00:33,11,B+1.0,4.4539,167000
2023-05-25 03:00:36,11,B+1.0,4.454,167000
2023-05-25 03:00:39,9,B+1.0,4.4467,167000
2023-05-25 03:00:43,9,B+1.0,4.4127,167000
2023-05-25 03:00:48,11,B+1.0,4.4239,167000
2023-05-25 03:00:52,11,B+1.0,4.415,167000
2023-05-25 03:00:57,11,B+1.0,4.4252,167000
2023-05-25 03:01:01,9,B+1.0,4.4142,167000
2023-05-25 03:01:05,13,B+1.0,4.4191,167000
2023-05-25 03:01:09,9,B+1.0,4.4079,167000
2023-05-25 03:01:12,9,B+1.0,4.4068,167000
2023-05-25 03:01:15,9,B+1.0,4.4044,167000
2023-05-25 03:01:19,11,B+1.0,4.3642,167000
2023-05-25 03:01:23,9,B+1.0,4.3317,167000
2023-05-25 03:01:26,9,B+1.0,4.3196,167000
2023-05-25 03:01:29,9,B+1.0,4.3057,167000
2023-05-25 03:01:32,9,B+1.0,4.2999,167000
2023-05-25 03:01:36,9,B+1.0,4.3014,167000
2023-05-25 03:01:42,15,B+1.0,4.3374,167000
2023-05-25 03:01:49,15,B+1.0,4.3676,167000
2023-05-25 03:01:52,9,B+1.0,4.3638,167000
2023-05-25 03:01:56,9,B+1.0,4.3519,167000
2023-05-25 03:01:59,9,B+1.0,4.3424,167000
2023-05-25 03:02:04,11,B+1.0,4.3496,167000
2023-05-25 03:02:07,9,B+1.0,4.348,167000
2023-05-25 03:02:11,11,B+1.0,4.3574,167000
2023-05-25 03:02:16,11,B+1.0,4.3694,167000
2023-05-25 03:02:20,11,B+1.0,4.3829,167000
2023-05-25 03:02:24,9,B+1.0,4.3437,167000
2023-05-25 03:02:28,11,B+1.0,4.3574,167000
2023-05-25 03:02:32,9,B+1.0,4.3422,167000
2023-05-25 03:02:35,9,B+1.0,4.3078,167000
2023-05-25 03:02:39,9,B+1.0,4.2936,167000
2023-05-25 03:02:45,15,B+1.0,4.326,167000
2023-05-25 03:02:48,9,B+1.0,4.322,167000
2023-05-25 03:02:55,17,B+1.0,4.3572,167000
2023-05-25 03:03:01,13,B+1.0,4.3804,167000
2023-05-25 03:03:07,15,B+1.0,4.3945,167000
2023-05-25 03:03:12,13,B+1.0,4.4113,167000
2023-05-25 03:04:03,9,B+1.0,4.4187,168000
2023-05-25 03:04:06,9,B+1.0,4.4173,168000
2023-05-25 03:04:11,12,W+1.0,4.4325,168000
2023-05-25 03:04:16,17,B+1.0,4.4427,168000
2023-05-25 03:04:20,9,B+1.0,4.4312,168000
2023-05-25 03:04:24,9,B+1.0,4.4304,168000
2023-05-25 03:04:29,13,B+1.0,4.4153,168000
2023-05-25 03:04:35,13,B+1.0,4.4153,168000
2023-05-25 03:04:39,9,B+1.0,4.4122,168000
2023-05-25 03:04:44,13,B+1.0,4.4315,168000
2023-05-25 03:04:48,9,B+1.0,4.4133,168000
2023-05-25 03:04:52,11,B+1.0,4.4192,168000
2023-05-25 03:04:55,9,B+1.0,4.4172,168000
2023-05-25 03:04:59,9,B+1.0,4.4215,168000
2023-05-25 03:05:05,13,B+1.0,4.4108,168000
2023-05-25 03:05:10,11,B+1.0,4.4269,168000
2023-05-25 03:05:14,9,B+1.0,4.4317,168000
2023-05-25 03:05:17,9,B+1.0,4.4188,168000
2023-05-25 03:05:21,9,B+1.0,4.4165,168000
2023-05-25 03:05:27,13,B+1.0,4.4355,168000
2023-05-25 03:05:32,11,B+1.0,4.4511,168000
2023-05-25 03:05:36,9,B+1.0,4.4491,168000
2023-05-25 03:05:40,9,B+1.0,4.4211,168000
2023-05-25 03:05:51,36,W+1.0,4.4972,168000
2023-05-25 03:05:55,9,B+1.0,4.4988,168000
2023-05-25 03:05:58,9,B+1.0,4.4736,168000
2023-05-25 03:06:04,13,B+1.0,4.4989,168000
2023-05-25 03:06:08,9,B+1.0,4.5012,168000
2023-05-25 03:06:13,11,B+1.0,4.4792,168000
2023-05-25 03:06:17,9,B+1.0,4.4773,168000
2023-05-25 03:06:20,9,B+1.0,4.4775,168000
2023-05-25 03:06:24,9,B+1.0,4.4782,168000
2023-05-25 03:06:27,9,B+1.0,4.4765,168000
2023-05-25 03:06:33,13,B+1.0,4.4935,168000
2023-05-25 03:06:38,11,B+1.0,4.5091,168000
2023-05-25 03:06:43,11,B+1.0,4.4989,168000
2023-05-25 03:06:48,11,B+1.0,4.5162,168000
2023-05-25 03:06:52,9,B+1.0,4.4955,168000
2023-05-25 03:06:57,11,B+1.0,4.4973,168000
2023-05-25 03:07:00,9,B+1.0,4.4946,168000
2023-05-25 03:07:44,9,B+1.0,4.4742,169000
2023-05-25 03:07:47,9,B+1.0,4.4699,169000
2023-05-25 03:07:50,9,B+1.0,4.4394,169000
2023-05-25 03:07:54,9,B+1.0,4.4061,169000
2023-05-25 03:07:57,9,B+1.0,4.4013,169000
2023-05-25 03:08:01,11,B+1.0,4.4104,169000
2023-05-25 03:08:05,9,B+1.0,4.4135,169000
2023-05-25 03:08:09,9,B+1.0,4.4112,169000
2023-05-25 03:08:13,9,B+1.0,4.4044,169000
2023-05-25 03:08:20,15,B+1.0,4.44,169000
2023-05-25 03:08:24,9,B+1.0,4.4368,169000
2023-05-25 03:08:28,11,B+1.0,4.3451,169000
2023-05-25 03:08:34,15,B+1.0,4.3486,169000
2023-05-25 03:08:37,9,B+1.0,4.3305,169000
2023-05-25 03:08:41,13,B+1.0,4.3312,169000
2023-05-25 03:08:45,11,B+1.0,4.3428,169000
2023-05-25 03:08:49,11,B+1.0,4.3466,169000
2023-05-25 03:08:53,9,B+1.0,4.3162,169000
2023-05-25 03:08:57,9,B+1.0,4.3161,169000
2023-05-25 03:09:02,13,B+1.0,4.3206,169000
2023-05-25 03:09:05,9,B+1.0,4.3139,169000
2023-05-25 03:09:08,9,B+1.0,4.3153,169000
2023-05-25 03:09:14,13,B+1.0,4.3401,169000
2023-05-25 03:09:18,10,W+1.0,4.3338,169000
2023-05-25 03:09:23,15,B+1.0,4.338,169000
2023-05-25 03:09:27,9,B+1.0,4.3237,169000
2023-05-25 03:09:30,9,B+1.0,4.3227,169000
2023-05-25 03:09:33,9,B+1.0,4.3077,169000
2023-05-25 03:09:39,13,B+1.0,4.3313,169000
2023-05-25 03:09:42,9,B+1.0,4.3328,169000
2023-05-25 03:09:45,9,B+1.0,4.3309,169000
2023-05-25 03:09:49,9,B+1.0,4.3277,169000
2023-05-25 03:09:53,11,B+1.0,4.3374,169000
2023-05-25 03:09:57,11,B+1.0,4.349,169000
2023-05-25 03:10:00,9,B+1.0,4.3451,169000
2023-05-25 03:10:05,11,B+1.0,4.3582,169000
2023-05-25 03:10:09,11,B+1.0,4.3644,169000
2023-05-25 03:10:13,9,B+1.0,4.3329,169000
2023-05-25 03:10:16,9,B+1.0,4.3023,169000
2023-05-25 03:10:19,9,B+1.0,4.2993,169000
2023-05-25 03:10:22,9,B+1.0,4.2984,169000
2023-05-25 03:10:29,15,B+1.0,4.3285,169000
2023-05-25 03:10:32,9,B+1.0,4.32,169000
2023-05-25 03:10:36,9,B+1.0,4.322,169000
2023-05-25 03:11:27,11,B+1.0,4.3315,170000
2023-05-25 03:11:30,9,B+1.0,4.3249,170000
2023-05-25 03:11:34,9,B+1.0,4.3305,170000
2023-05-25 03:11:37,9,B+1.0,4.3165,170000
2023-05-25 03:11:41,9,B+1.0,4.3188,170000
2023-05-25 03:11:45,9,B+1.0,4.3192,170000
2023-05-25 03:11:48,9,B+1.0,4.3154,170000
2023-05-25 03:11:52,11,B+1.0,4.2972,170000
2023-05-25 03:11:57,11,B+1.0,4.315,170000
2023-05-25 03:12:03,15,B+1.0,4.3003,170000
2023-05-25 03:12:10,15,B+1.0,4.3165,170000
2023-05-25 03:12:13,9,B+1.0,4.2948,170000
2023-05-25 03:12:18,11,B+1.0,4.2931,170000
2023-05-25 03:12:22,9,B+1.0,4.2684,170000
2023-05-25 03:12:30,17,B+1.0,4.3052,170000
2023-05-25 03:12:33,9,B+1.0,4.3091,170000
2023-05-25 03:12:38,11,B+1.0,4.3089,170000
2023-05-25 03:12:41,9,B+1.0,4.2812,170000
2023-05-25 03:12:44,9,B+1.0,4.278,170000
2023-05-25 03:12:48,11,B+1.0,4.2817,170000
2023-05-25 03:12:52,9,B+1.0,4.2608,170000
2023-05-25 03:12:56,13,B+1.0,4.2451,170000
2023-05-25 03:13:00,9,B+1.0,4.2476,170000
2023-05-25 03:13:04,9,B+1.0,4.229,170000
2023-05-25 03:13:08,11,B+1.0,4.2378,170000
2023-05-25 03:13:12,9,B+1.0,4.2309,170000
2023-05-25 03:13:17,11,B+1.0,4.2484,170000
2023-05-25 03:13:20,9,B+1.0,4.2405,170000
2023-05-25 03:13:23,9,B+1.0,4.2196,170000
2023-05-25 03:13:27,10,W+1.0,4.2102,170000
2023-05-25 03:13:34,19,B+1.0,4.2438,170000
2023-05-25 03:13:40,16,W+1.0,4.258,170000
2023-05-25 03:13:43,11,B+1.0,4.2574,170000
2023-05-25 03:13:48,11,B+1.0,4.2446,170000
2023-05-25 03:13:54,15,B+1.0,4.2524,170000
2023-05-25 03:13:57,9,B+1.0,4.2483,170000
2023-05-25 03:14:01,9,B+1.0,4.2439,170000
2023-05-25 03:14:06,11,B+1.0,4.1864,170000
2023-05-25 03:14:10,11,B+1.0,4.192,170000
2023-05-25 03:14:16,15,B+1.0,4.2179,170000
2023-05-25 03:14:22,13,B+1.0,4.2096,170000
2023-05-25 03:15:09,9,B+1.0,4.1945,171000
2023-05-25 03:15:13,9,B+1.0,4.199,171000
2023-05-25 03:15:17,9,B+1.0,4.1997,171000
2023-05-25 03:15:22,11,B+1.0,4.213,171000
2023-05-25 03:15:27,11,B+1.0,4.2257,171000
2023-05-25 03:15:35,17,B+1.0,4.2516,171000
2023-05-25 03:15:39,11,B+1.0,4.2438,171000
2023-05-25 03:15:43,9,B+1.0,4.2295,171000
2023-05-25 03:15:48,11,B+1.0,4.2277,171000
2023-05-25 03:15:52,9,B+1.0,4.2296,171000
2023-05-25 03:15:58,15,B+1.0,4.2485,171000
2023-05-25 03:16:03,11,B+1.0,4.2644,171000
2023-05-25 03:16:07,11,B+1.0,4.2573,171000
2023-05-25 03:16:11,9,B+1.0,4.2604,171000
2023-05-25 03:16:14,9,B+1.0,4.262,171000
2023-05-25 03:16:18,9,B+1.0,4.2652,171000
2023-05-25 03:16:21,9,B+1.0,4.2654,171000
2023-05-25 03:16:26,10,W+1.0,4.2774,171000
2023-05-25 03:16:30,9,B+1.0,4.2714,171000
2023-05-25 03:16:37,19,B+1.0,4.3105,171000
2023-05-25 03:16:41,11,B+1.0,4.3153,171000
2023-05-25 03:16:45,9,B+1.0,4.3148,171000
2023-05-25 03:16:52,13,B+1.0,4.3018,171000
2023-05-25 03:16:56,11,B+1.0,4.3096,171000
2023-05-25 03:17:01,11,B+1.0,4.315,171000
2023-05-25 03:17:05,11,B+1.0,4.3044,171000
2023-05-25 03:17:09,9,B+1.0,4.3115,171000
2023-05-25 03:17:12,9,B+1.0,4.2997,171000
2023-05-25 03:17:16,9,B+1.0,4.2965,171000
2023-05-25 03:17:20,9,B+1.0,4.2934,171000
2023-05-25 03:17:25,11,B+1.0,4.3096,171000
2023-05-25 03:17:30,11,B+1.0,4.3203,171000
2023-05-25 03:17:35,11,B+1.0,4.3212,171000
2023-05-25 03:17:40,11,B+1.0,4.3413,171000
2023-05-25 03:17:45,11,B+1.0,4.3601,171000
2023-05-25 03:17:51,16,W+1.0,4.3663,171000
2023-05-25 03:17:55,9,B+1.0,4.3606,171000
2023-05-25 03:17:58,9,B+1.0,4.3405,171000
2023-05-25 03:18:02,9,B+1.0,4.3436,171000
2023-05-25 03:18:52,9,B+1.0,4.3828,172000
2023-05-25 03:18:56,9,B+1.0,4.3606,172000
2023-05-25 03:19:00,9,B+1.0,4.3622,172000
2023-05-25 03:19:05,11,B+1.0,4.3809,172000
2023-05-25 03:19:08,9,B+1.0,4.3801,172000
2023-05-25 03:19:12,9,B+1.0,4.3739,172000
2023-05-25 03:19:17,13,B+1.0,4.3828,172000
2023-05-25 03:19:20,9,B+1.0,4.3864,172000
2023-05-25 03:19:26,13,B+1.0,4.3969,172000
2023-05-25 03:19:33,17,B+1.0,4.4282,172000
2023-05-25 03:19:36,9,B+1.0,4.4262,172000
2023-05-25 03:19:42,11,B+1.0,4.4449,172000
2023-05-25 03:19:48,13,B+1.0,4.4761,172000
2023-05-25 03:19:53,11,B+1.0,4.4941,172000
2023-05-25 03:19:57,9,B+1.0,4.4633,172000
2023-05-25 03:20:00,9,B+1.0,4.4654,172000
2023-05-25 03:20:05,11,B+1.0,4.4771,172000
2023-05-25 03:20:08,9,B+1.0,4.4564,172000
2023-05-25 03:20:13,11,B+1.0,4.4561,172000
2023-05-25 03:20:17,9,B+1.0,4.4575,172000
2023-05-25 03:20:21,9,B+1.0,4.4564,172000
2023-05-25 03:20:24,9,B+1.0,4.4575,172000
2023-05-25 03:20:30,15,B+1.0,4.4795,172000
2023-05-25 03:20:36,15,B+1.0,4.5066,172000
2023-05-25 03:20:41,13,B+1.0,4.53,172000
2023-05-25 03:20:45,9,B+1.0,4.5211,172000
2023-05-25 03:20:51,15,B+1.0,4.5251,172000
2023-05-25 03:20:54,9,B+1.0,4.5012,172000
2023-05-25 03:20:58,11,B+1.0,4.4722,172000
2023-05-25 03:21:01,9,B+1.0,4.4717,172000
2023-05-25 03:21:06,11,B+1.0,4.4637,172000
2023-05-25 03:21:12,13,B+1.0,4.4869,172000
2023-05-25 03:21:15,9,B+1.0,4.4471,172000
2023-05-25 03:21:19,9,B+1.0,4.4441,172000
2023-05-25 03:21:23,11,B+1.0,4.447,172000
2023-05-25 03:21:27,9,B+1.0,4.4492,172000
2023-05-25 03:21:33,13,B+1.0,4.4732,172000
2023-05-25 03:21:37,11,B+1.0,4.4803,172000
2023-05-25 03:21:43,17,B+1.0,4.5106,172000
2023-05-25 03:21:48,11,B+1.0,4.5057,172000
2023-05-25 03:22:35,11,B+1.0,4.5106,173000
2023-05-25 03:22:38,9,B+1.0,4.5016,173000
2023-05-25 03:22:42,9,B+1.0,4.5045,173000
2023-05-25 03:22:47,11,B+1.0,4.4994,173000
2023-05-25 03:22:50,9,B+1.0,4.501,173000
2023-05-25 03:22:55,12,W+1.0,4.5143,173000
2023-05-25 03:22:59,11,B+1.0,4.5138,173000
2023-05-25 03:23:04,11,B+1.0,4.4904,173000
2023-05-25 03:23:09,11,B+1.0,4.4891,173000
2023-05-25 03:23:12,9,B+1.0,4.4854,173000
2023-05-25 03:23:17,11,B+1.0,4.4892,173000
2023-05-25 03:23:22,11,B+1.0,4.4772,173000
2023-05-25 03:23:26,11,B+1.0,4.4861,173000
2023-05-25 03:23:31,11,B+1.0,4.4986,173000
2023-05-25 03:23:35,9,B+1.0,4.4829,173000
2023-05-25 03:23:40,13,B+1.0,4.4953,173000
2023-05-25 03:23:44,9,B+1.0,4.4696,173000
2023-05-25 03:23:47,9,B+1.0,4.4502,173000
2023-05-25 03:23:52,11,B+1.0,4.4653,173000
2023-05-25 03:23:56,13,B+1.0,4.4722,173000
2023-05-25 03:24:00,9,B+1.0,4.4683,173000
2023-05-25 03:24:04,9,B+1.0,4.4662,173000
2023-05-25 03:24:11,18,W+1.0,4.4911,173000
2023-05-25 03:24:15,9,B+1.0,4.4786,173000
2023-05-25 03:24:19,11,B+1.0,4.443,173000
2023-05-25 03:24:31,31,B+1.0,4.5228,173000
2023-05-25 03:24:34,9,B+1.0,4.5151,173000
2023-05-25 03:24:38,9,B+1.0,4.498,173000
2023-05-25 03:24:41,9,B+1.0,4.4949,173000
2023-05-25 03:24:45,11,B+1.0,4.4709,173000
2023-05-25 03:24:51,13,B+1.0,4.4738,173000
2023-05-25 03:24:55,11,B+1.0,4.4789,173000
2023-05-25 03:24:58,9,B+1.0,4.4738,173000
2023-05-25 03:25:02,10,W+1.0,4.4787,173000
2023-05-25 03:25:06,9,B+1.0,4.483,173000
2023-05-25 03:25:10,9,B+1.0,4.4817,173000
2023-05-25 03:25:13,9,B+1.0,4.4756,173000
2023-05-25 03:25:18,11,B+1.0,4.4846,173000
2023-05-25 03:25:21,9,B+1.0,4.4422,173000
2023-05-25 03:25:25,9,B+1.0,4.4325,173000
2023-05-25 03:25:29,9,B+1.0,4.433,173000
2023-05-25 03:26:17,13,B+1.0,4.4208,174000
2023-05-25 03:26:22,13,B+1.0,4.4227,174000
2023-05-25 03:26:26,9,B+1.0,4.4174,174000
2023-05-25 03:26:34,19,B+1.0,4.4619,174000
2023-05-25 03:26:39,13,B+1.0,4.4822,174000
2023-05-25 03:26:45,11,B+1.0,4.5001,174000
2023-05-25 03:26:50,11,B+1.0,4.5123,174000
2023-05-25 03:26:54,11,B+1.0,4.509,174000
2023-05-25 03:26:58,9,B+1.0,4.4956,174000
2023-05-25 03:27:04,13,B+1.0,4.5023,174000
2023-05-25 03:27:08,11,B+1.0,4.4989,174000
2023-05-25 03:27:14,11,B+1.0,4.501,174000
2023-05-25 03:27:20,13,B+1.0,4.4958,174000
2023-05-25 03:27:24,9,B+1.0,4.4976,174000
2023-05-25 03:27:27,9,B+1.0,4.5036,174000
2023-05-25 03:27:32,11,B+1.0,4.5119,174000
2023-05-25 03:27:35,9,B+1.0,4.4853,174000
2023-05-25 03:27:40,11,B+1.0,4.4944,174000
2023-05-25 03:27:44,9,B+1.0,4.4931,174000
2023-05-25 03:27:49,11,B+1.0,4.5097,174000
2023-05-25 03:27:53,9,B+1.0,4.4959,174000
2023-05-25 03:27:56,9,B+1.0,4.4975,174000
2023-05-25 03:28:01,11,B+1.0,4.5041,174000
2023-05-25 03:28:07,13,B+1.0,4.5133,174000
2023-05-25 03:28:10,9,B+1.0,4.5115,174000
2023-05-25 03:28:14,9,B+1.0,4.4933,174000
2023-05-25 03:28:18,9,B+1.0,4.4595,174000
2023-05-25 03:28:22,11,B+1.0,4.4747,174000
2023-05-25 03:28:26,9,B+1.0,4.4606,174000
2023-05-25 03:28:32,15,B+1.0,4.4613,174000
2023-05-25 03:28:36,9,B+1.0,4.443,174000
2023-05-25 03:28:39,9,B+1.0,4.4439,174000
2023-05-25 03:28:43,9,B+1.0,4.4427,174000
2023-05-25 03:28:47,9,B+1.0,4.4317,174000
2023-05-25 03:28:51,11,B+1.0,4.4425,174000
2023-05-25 03:28:54,9,B+1.0,4.427,174000
2023-05-25 03:28:58,9,B+1.0,4.4236,174000
2023-05-25 03:29:04,15,B+1.0,4.4512,174000
2023-05-25 03:29:08,9,B+1.0,4.4517,174000
2023-05-25 03:29:57,11,B+1.0,4.4209,175000
2023-05-25 03:30:00,9,B+1.0,4.4014,175000
2023-05-25 03:30:04,11,B+1.0,4.4036,175000
2023-05-25 03:30:07,9,B+1.0,4.3796,175000
2023-05-25 03:30:11,11,B+1.0,4.3908,175000
2023-05-25 03:30:16,11,B+1.0,4.3974,175000
2023-05-25 03:30:21,13,B+1.0,4.4106,175000
2023-05-25 03:30:26,13,B+1.0,4.423,175000
2023-05-25 03:30:32,15,B+1.0,4.4224,175000
2023-05-25 03:30:38,15,B+1.0,4.4445,175000
2023-05-25 03:30:41,9,B+1.0,4.4423,175000
2023-05-25 03:30:48,15,B+1.0,4.4592,175000
2023-05-25 03:30:51,9,B+1.0,4.462,175000
2023-05-25 03:30:56,11,B+1.0,4.4473,175000
2023-05-25 03:30:59,9,B+1.0,4.4326,175000
2023-05-25 03:31:03,11,B+1.0,4.412,175000
2023-05-25 03:31:07,9,B+1.0,4.4031,175000
2023-05-25 03:31:10,9,B+1.0,4.4038,175000
2023-05-25 03:31:15,11,B+1.0,4.4078,175000
2023-05-25 03:31:19,11,B+1.0,4.4165,175000
2023-05-25 03:31:23,9,B+1.0,4.4133,175000
2023-05-25 03:31:26,9,B+1.0,4.3978,175000
2023-05-25 03:31:29,9,B+1.0,4.4016,175000
2023-05-25 03:31:33,9,B+1.0,4.3888,175000
2023-05-25 03:31:37,11,B+1.0,4.3951,175000
2023-05-25 03:31:41,9,B+1.0,4.3863,175000
2023-05-25 03:31:45,9,B+1.0,4.3704,175000
2023-05-25 03:31:49,11,B+1.0,4.3763,175000
2023-05-25 03:31:55,17,B+1.0,4.3883,175000
2023-05-25 03:31:58,9,B+1.0,4.3748,175000
2023-05-25 03:32:02,11,B+1.0,4.3718,175000
2023-05-25 03:32:06,9,B+1.0,4.3614,175000
2023-05-25 03:32:11,13,B+1.0,4.3722,175000
2023-05-25 03:32:14,9,B+1.0,4.354,175000
2023-05-25 03:32:19,11,B+1.0,4.3621,175000
2023-05-25 03:32:22,9,B+1.0,4.364,175000
2023-05-25 03:32:28,15,B+1.0,4.3727,175000
2023-05-25 03:32:31,9,B+1.0,4.3581,175000
2023-05-25 03:32:34,9,B+1.0,4.3547,175000
2023-05-25 03:32:39,11,B+1.0,4.3589,175000
2023-05-25 03:32:43,9,B+1.0,4.3239,175000
2023-05-25 03:32:47,11,B+1.0,4.3364,175000
2023-05-25 03:32:50,9,B+1.0,4.3263,175000
2023-05-25 03:33:39,9,B+1.0,4.2539,176000
2023-05-25 03:33:42,9,B+1.0,4.255,176000
2023-05-25 03:33:46,9,B+1.0,4.2555,176000
2023-05-25 03:33:50,11,B+1.0,4.2553,176000
2023-05-25 03:33:54,9,B+1.0,4.2385,176000
2023-05-25 03:33:57,9,B+1.0,4.2314,176000
2023-05-25 03:34:03,13,B+1.0,4.2589,176000
2023-05-25 03:34:10,15,B+1.0,4.2835,176000
2023-05-25 03:34:14,11,B+1.0,4.2905,176000
2023-05-25 03:34:18,9,B+1.0,4.2934,176000
2023-05-25 03:34:23,11,B+1.0,4.3045,176000
2023-05-25 03:34:29,13,B+1.0,4.3122,176000
2023-05-25 03:34:33,9,B+1.0,4.3176,176000
2023-05-25 03:34:36,9,B+1.0,4.3182,176000
2023-05-25 03:34:39,9,B+1.0,4.3126,176000
2023-05-25 03:34:43,9,B+1.0,4.3136,176000
2023-05-25 03:34:46,9,B+1.0,4.2918,176000
2023-05-25 03:34:50,9,B+1.0,4.2765,176000
2023-05-25 03:34:54,9,B+1.0,4.2737,176000
2023-05-25 03:34:57,9,B+1.0,4.2283,176000
2023-05-25 03:35:01,9,B+1.0,4.2075,176000
2023-05-25 03:35:04,9,B+1.0,4.1899,176000
2023-05-25 03:35:08,9,B+1.0,4.1787,176000
2023-05-25 03:35:12,9,B+1.0,4.1687,176000
2023-05-25 03:35:16,9,B+1.0,4.1711,176000
2023-05-25 03:35:24,17,B+1.0,4.196,176000
2023-05-25 03:35:29,11,B+1.0,4.197,176000
2023-05-25 03:35:32,9,B+1.0,4.1809,176000
2023-05-25 03:35:38,13,B+1.0,4.1828,176000
2023-05-25 03:35:42,9,B+1.0,4.1755,176000
2023-05-25 03:35:47,13,B+1.0,4.1888,176000
2023-05-25 03:35:52,13,B+1.0,4.1946,176000
2023-05-25 03:35:56,11,B+1.0,4.2035,176000
2023-05-25 03:36:02,13,B+1.0,4.2113,176000
2023-05-25 03:36:06,11,B+1.0,4.2157,176000
2023-05-25 03:36:10,9,B+1.0,4.1976,176000
2023-05-25 03:36:13,9,B+1.0,4.1937,176000
2023-05-25 03:36:17,11,B+1.0,4.2052,176000
2023-05-25 03:36:21,9,B+1.0,4.1986,176000
2023-05-25 03:36:28,15,B+1.0,4.2101,176000
2023-05-25 03:36:32,11,B+1.0,4.2169,176000
2023-05-25 03:37:20,11,B+1.0,4.2164,177000
2023-05-25 03:37:25,11,B+1.0,4.2142,177000
2023-05-25 03:37:28,9,B+1.0,4.2089,177000
2023-05-25 03:37:32,9,B+1.0,4.1827,177000
2023-05-25 03:37:35,9,B+1.0,4.1835,177000
2023-05-25 03:37:39,9,B+1.0,4.1847,177000
2023-05-25 03:37:44,11,B+1.0,4.1967,177000
2023-05-25 03:37:47,9,B+1.0,4.1964,177000
2023-05-25 03:37:51,11,B+1.0,4.1933,177000
2023-05-25 03:37:55,9,B+1.0,4.1979,177000
2023-05-25 03:37:58,9,B+1.0,4.1931,177000
2023-05-25 03:38:06,20,W+1.0,4.2044,177000
2023-05-25 03:38:09,9,B+1.0,4.205,177000
2023-05-25 03:38:13,11,B+1.0,4.2013,177000
2023-05-25 03:38:17,11,B+1.0,4.1932,177000
2023-05-25 03:38:20,9,B+1.0,4.1877,177000
2023-05-25 03:38:24,9,B+1.0,4.1878,177000
2023-05-25 03:38:27,9,B+1.0,4.1922,177000
2023-05-25 03:38:32,11,B+1.0,4.1947,177000
2023-05-25 03:38:35,9,B+1.0,4.1791,177000
2023-05-25 03:38:40,11,B+1.0,4.1805,177000
2023-05-25 03:38:43,9,B+1.0,4.1571,177000
2023-05-25 03:38:48,11,B+1.0,4.143,177000
2023-05-25 03:38:51,9,B+1.0,4.1205,177000
2023-05-25 03:38:55,9,B+1.0,4.1237,177000
2023-05-25 03:39:00,13,B+1.0,4.1099,177000
2023-05-25 03:39:03,9,B+1.0,4.1061,177000
2023-05-25 03:39:08,11,B+1.0,4.1129,177000
2023-05-25 03:39:13,11,B+1.0,4.1305,177000
2023-05-25 03:39:16,9,B+1.0,4.119,177000
2023-05-25 03:39:19,9,B+1.0,4.1178,177000
2023-05-25 03:39:26,15,B+1.0,4.147,177000
2023-05-25 03:39:32,13,B+1.0,4.1561,177000
2023-05-25 03:39:35,9,B+1.0,4.1531,177000
2023-05-25 03:39:39,11,B+1.0,4.1553,177000
2023-05-25 03:39:44,11,B+1.0,4.1718,177000
2023-05-25 03:39:48,10,W+1.0,4.1741,177000
2023-05-25 03:39:51,9,B+1.0,4.1718,177000
2023-05-25 03:40:01,25,B+1.0,4.2218,177000
2023-05-25 03:40:04,11,B+1.0,4.2185,177000
2023-05-25 03:40:09,11,B+1.0,4.2347,177000
2023-05-25 03:40:15,15,B+1.0,4.2544,177000
2023-05-25 03:41:03,10,W+1.0,4.2468,178000
2023-05-25 03:41:06,9,B+1.0,4.2395,178000
2023-05-25 03:41:10,9,B+1.0,4.2374,178000
2023-05-25 03:41:15,16,W+1.0,4.247,178000
2023-05-25 03:41:19,9,B+1.0,4.2462,178000
2023-05-25 03:41:22,9,B+1.0,4.2362,178000
2023-05-25 03:41:27,13,B+1.0,4.251,178000
2023-05-25 03:41:31,11,B+1.0,4.2346,178000
2023-05-25 03:41:37,14,W+1.0,4.263,178000
2023-05-25 03:41:43,15,B+1.0,4.29,178000
2023-05-25 03:41:48,11,B+1.0,4.2916,178000
2023-05-25 03:41:50,9,B+1.0,4.2807,178000
2023-05-25 03:41:56,13,B+1.0,4.29,178000
2023-05-25 03:42:02,15,B+1.0,4.3136,178000
2023-05-25 03:42:07,13,B+1.0,4.3216,178000
2023-05-25 03:42:11,11,B+1.0,4.3229,178000
2023-05-25 03:42:17,14,W+1.0,4.3506,178000
2023-05-25 03:42:20,9,B+1.0,4.3517,178000
2023-05-25 03:42:25,11,B+1.0,4.3585,178000
2023-05-25 03:42:29,9,B+1.0,4.3583,178000
2023-05-25 03:42:36,15,B+1.0,4.3895,178000
2023-05-25 03:42:39,9,B+1.0,4.359,178000
2023-05-25 03:42:42,9,B+1.0,4.3282,178000
2023-05-25 03:42:46,9,B+1.0,4.3184,178000
2023-05-25 03:42:49,11,B+1.0,4.3166,178000
2023-05-25 03:42:55,13,B+1.0,4.3201,178000
2023-05-25 03:43:00,13,B+1.0,4.3197,178000
2023-05-25 03:43:06,15,B+1.0,4.338,178000
2023-05-25 03:43:09,9,B+1.0,4.3402,178000
2023-05-25 03:43:13,9,B+1.0,4.3396,178000
2023-05-25 03:43:16,9,B+1.0,4.3406,178000
2023-05-25 03:43:21,13,B+1.0,4.3527,178000
2023-05-25 03:43:25,9,B+1.0,4.3523,178000
2023-05-25 03:43:28,9,B+1.0,4.3531,178000
2023-05-25 03:43:32,11,B+1.0,4.3566,178000
2023-05-25 03:43:36,9,B+1.0,4.3579,178000
2023-05-25 03:43:40,11,B+1.0,4.3623,178000
2023-05-25 03:43:45,11,B+1.0,4.3697,178000
2023-05-25 03:43:48,9,B+1.0,4.3666,178000
2023-05-25 03:43:52,11,B+1.0,4.3737,178000
2023-05-25 03:43:57,11,B+1.0,4.3415,178000
2023-05-25 03:44:00,9,B+1.0,4.3237,178000
2023-05-25 03:44:50,15,B+1.0,4.3251,179000
2023-05-25 03:44:55,11,B+1.0,4.3398,179000
2023-05-25 03:44:59,9,B+1.0,4.3268,179000
2023-05-25 03:45:06,15,B+1.0,4.3478,179000
2023-05-25 03:45:10,9,B+1.0,4.344,179000
2023-05-25 03:45:16,15,B+1.0,4.3461,179000
2023-05-25 03:45:20,9,B+1.0,4.3416,179000
2023-05-25 03:45:24,9,B+1.0,4.3467,179000
2023-05-25 03:45:29,11,B+1.0,4.365,179000
2023-05-25 03:45:32,9,B+1.0,4.3534,179000
2023-05-25 03:45:37,12,W+1.0,4.3666,179000
2023-05-25 03:45:42,13,B+1.0,4.3469,179000
2023-05-25 03:45:46,9,B+1.0,4.3432,179000
2023-05-25 03:45:50,11,B+1.0,4.3458,179000
2023-05-25 03:45:54,11,B+1.0,4.351,179000
2023-05-25 03:45:58,9,B+1.0,4.3408,179000
2023-05-25 03:46:02,9,B+1.0,4.3474,179000
2023-05-25 03:46:05,9,B+1.0,4.3489,179000
2023-05-25 03:46:09,9,B+1.0,4.3524,179000
2023-05-25 03:46:14,11,B+1.0,4.3621,179000
2023-05-25 03:46:19,11,B+1.0,4.3636,179000
2023-05-25 03:46:24,11,B+1.0,4.3759,179000
2023-05-25 03:46:29,13,B+1.0,4.391,179000
2023-05-25 03:46:34,11,B+1.0,4.4044,179000
2023-05-25 03:46:39,11,B+1.0,4.4192,179000
2023-05-25 03:46:43,9,B+1.0,4.3852,179000
2023-05-25 03:46:48,11,B+1.0,4.3965,179000
2023-05-25 03:46:52,9,B+1.0,4.3972,179000
2023-05-25 03:46:55,9,B+1.0,4.3918,179000
2023-05-25 03:46:59,9,B+1.0,4.3981,179000
2023-05-25 03:47:02,9,B+1.0,4.3983,179000
2023-05-25 03:47:06,9,B+1.0,4.398,179000
2023-05-25 03:47:10,9,B+1.0,4.3945,179000
2023-05-25 03:47:14,9,B+1.0,4.4006,179000
2023-05-25 03:47:19,11,B+1.0,4.4035,179000
2023-05-25 03:47:23,9,B+1.0,4.4072,179000
2023-05-25 03:47:26,9,B+1.0,4.3962,179000
2023-05-25 03:47:31,11,B+1.0,4.4084,179000
2023-05-25 03:47:35,11,B+1.0,4.4187,179000
2023-05-25 03:47:41,15,B+1.0,4.4201,179000
2023-05-25 03:47:44,9,B+1.0,4.4224,179000
2023-05-25 03:48:35,11,B+1.0,4.4155,180000
2023-05-25 03:48:39,10,W+1.0,4.4268,180000
2023-05-25 03:48:42,9,B+1.0,4.4281,180000
2023-05-25 03:48:46,9,B+1.0,4.3986,180000
2023-05-25 03:48:49,9,B+1.0,4.3787,180000
2023-05-25 03:48:53,9,B+1.0,4.3771,180000
2023-05-25 03:48:57,11,B+1.0,4.3775,180000
2023-05-25 03:49:01,9,B+1.0,4.3674,180000
2023-05-25 03:49:05,9,B+1.0,4.3663,180000
2023-05-25 03:49:08,9,B+1.0,4.3693,180000
2023-05-25 03:49:13,11,B+1.0,4.3245,180000
2023-05-25 03:49:18,11,B+1.0,4.3316,180000
2023-05-25 03:49:23,13,B+1.0,4.3332,180000
2023-05-25 03:49:29,15,B+1.0,4.3315,180000
2023-05-25 03:49:32,9,B+1.0,4.3235,180000
2023-05-25 03:49:37,11,B+1.0,4.3339,180000
2023-05-25 03:49:42,11,B+1.0,4.3477,180000
2023-05-25 03:49:47,11,B+1.0,4.3607,180000
2023-05-25 03:49:50,9,B+1.0,4.3388,180000
2023-05-25 03:49:54,9,B+1.0,4.3404,180000
2023-05-25 03:49:59,13,B+1.0,4.3591,180000
2023-05-25 03:50:10,29,B+1.0,4.4112,180000
2023-05-25 03:50:14,10,W+1.0,4.4194,180000
2023-05-25 03:50:20,13,B+1.0,4.4113,180000
2023-05-25 03:50:23,9,B+1.0,4.3887,180000
2023-05-25 03:50:28,11,B+1.0,4.3911,180000
2023-05-25 03:50:32,11,B+1.0,4.4072,180000
2023-05-25 03:50:37,11,B+1.0,4.3964,180000
2023-05-25 03:50:40,9,B+1.0,4.3743,180000
2023-05-25 03:50:44,11,B+1.0,4.3574,180000
2023-05-25 03:50:47,9,B+1.0,4.3543,180000
2023-05-25 03:50:52,11,B+1.0,4.3357,180000
2023-05-25 03:50:55,9,B+1.0,4.3363,180000
2023-05-25 03:50:58,9,B+1.0,4.3168,180000
2023-05-25 03:51:02,9,B+1.0,4.3202,180000
2023-05-25 03:51:09,16,W+1.0,4.3157,180000
2023-05-25 03:51:14,13,B+1.0,4.3421,180000
2023-05-25 03:51:17,9,B+1.0,4.3421,180000
2023-05-25 03:51:22,11,B+1.0,4.3473,180000
2023-05-25 03:51:27,11,B+1.0,4.3598,180000
2023-05-25 03:51:30,9,B+1.0,4.3424,180000
2023-05-25 03:52:18,13,B+1.0,4.3205,181000
2023-05-25 03:52:21,9,B+1.0,4.3174,181000
2023-05-25 03:52:24,9,B+1.0,4.3181,181000
2023-05-25 03:52:28,9,B+1.0,4.3188,181000
2023-05-25 03:52:34,13,B+1.0,4.3303,181000
2023-05-25 03:52:37,11,B+1.0,4.3306,181000
2023-05-25 03:52:41,9,B+1.0,4.325,181000
2023-05-25 03:52:44,9,B+1.0,4.3201,181000
2023-05-25 03:52:49,11,B+1.0,4.3337,181000
2023-05-25 03:52:54,11,B+1.0,4.34,181000
2023-05-25 03:52:58,11,B+1.0,4.3415,181000
2023-05-25 03:53:02,9,B+1.0,4.3452,181000
2023-05-25 03:53:07,11,B+1.0,4.3471,181000
2023-05-25 03:53:10,9,B+1.0,4.3295,181000
2023-05-25 03:53:14,11,B+1.0,4.3419,181000
2023-05-25 03:53:21,19,B+1.0,4.3765,181000
2023-05-25 03:53:25,9,B+1.0,4.3464,181000
2023-05-25 03:53:28,9,B+1.0,4.3324,181000
2023-05-25 03:53:31,9,B+1.0,4.3285,181000
2023-05-25 03:53:35,9,B+1.0,4.2908,181000
2023-05-25 03:53:38,9,B+1.0,4.282,181000
2023-05-25 03:53:41,9,B+1.0,4.2542,181000
2023-05-25 03:53:45,11,B+1.0,4.2571,181000
2023-05-25 03:53:50,11,B+1.0,4.2642,181000
2023-05-25 03:53:56,13,B+1.0,4.2741,181000
2023-05-25 03:53:59,9,B+1.0,4.2735,181000
2023-05-25 03:54:03,9,B+1.0,4.2554,181000
2023-05-25 03:54:06,9,B+1.0,4.2409,181000
2023-05-25 03:54:10,9,B+1.0,4.2415,181000
2023-05-25 03:54:13,9,B+1.0,4.2393,181000
2023-05-25 03:54:19,13,B+1.0,4.245,181000
2023-05-25 03:54:22,9,B+1.0,4.2448,181000
2023-05-25 03:54:26,10,W+1.0,4.2442,181000
2023-05-25 03:54:29,9,B+1.0,4.2409,181000
2023-05-25 03:54:34,11,B+1.0,4.2481,181000
2023-05-25 03:54:40,15,B+1.0,4.2666,181000
2023-05-25 03:54:44,11,B+1.0,4.2559,181000
2023-05-25 03:54:48,9,B+1.0,4.2414,181000
2023-05-25 03:54:52,11,B+1.0,4.2269,181000
2023-05-25 03:54:56,11,B+1.0,4.2173,181000
2023-05-25 03:55:04,17,B+1.0,4.2536,181000
2023-05-25 03:55:08,10,W+1.0,4.2493,181000
2023-05-25 03:55:13,13,B+1.0,4.2543,181000
2023-05-25 03:56:02,15,B+1.0,4.2733,182000
2023-05-25 03:56:08,15,B+1.0,4.3,182000
2023-05-25 03:56:12,11,B+1.0,4.3041,182000
2023-05-25 03:56:17,13,B+1.0,4.3159,182000
2023-05-25 03:56:20,9,B+1.0,4.3024,182000
2023-05-25 03:56:24,9,B+1.0,4.302,182000
2023-05-25 03:56:27,9,B+1.0,4.2844,182000
2023-05-25 03:56:30,9,B+1.0,4.2831,182000
2023-05-25 03:56:34,9,B+1.0,4.2808,182000
2023-05-25 03:56:37,9,B+1.0,4.2679,182000
2023-05-25 03:56:41,11,B+1.0,4.2656,182000
2023-05-25 03:56:47,13,B+1.0,4.264,182000
2023-05-25 03:56:50,9,B+1.0,4.2651,182000
2023-05-25 03:56:54,9,B+1.0,4.253,182000
2023-05-25 03:56:59,13,B+1.0,4.2632,182000
2023-05-25 03:57:03,9,B+1.0,4.255,182000
2023-05-25 03:57:06,9,B+1.0,4.2578,182000
2023-05-25 03:57:10,11,B+1.0,4.2623,182000
2023-05-25 03:57:13,9,B+1.0,4.2579,182000
2023-05-25 03:57:17,11,B+1.0,4.2602,182000
2023-05-25 03:57:21,9,B+1.0,4.2532,182000
2023-05-25 03:57:24,9,B+1.0,4.2508,182000
2023-05-25 03:57:28,9,B+1.0,4.2479,182000
2023-05-25 03:57:31,9,B+1.0,4.2475,182000
2023-05-25 03:57:39,17,B+1.0,4.2707,182000
2023-05-25 03:57:43,11,B+1.0,4.2722,182000
2023-05-25 03:57:47,9,B+1.0,4.2575,182000
2023-05-25 03:57:52,14,W+1.0,4.2526,182000
2023-05-25 03:57:56,9,B+1.0,4.2544,182000
2023-05-25 03:58:00,11,B+1.0,4.2435,182000
2023-05-25 03:58:04,9,B+1.0,4.2335,182000
2023-05-25 03:58:09,13,B+1.0,4.2404,182000
2023-05-25 03:58:14,11,B+1.0,4.2502,182000
2023-05-25 03:58:17,9,B+1.0,4.2471,182000
2023-05-25 03:58:20,9,B+1.0,4.2237,182000
2023-05-25 03:58:27,15,B+1.0,4.1929,182000
2023-05-25 03:58:31,9,B+1.0,4.1806,182000
2023-05-25 03:58:35,11,B+1.0,4.1685,182000
2023-05-25 03:58:39,11,B+1.0,4.1774,182000
2023-05-25 03:58:44,11,B+1.0,4.1786,182000
2023-05-25 03:58:47,9,B+1.0,4.167,182000
2023-05-25 03:58:50,9,B+1.0,4.1507,182000
2023-05-25 03:58:55,13,B+1.0,4.1618,182000
2023-05-25 03:59:42,11,B+1.0,4.1844,183000
2023-05-25 03:59:47,11,B+1.0,4.1875,183000
2023-05-25 03:59:54,17,B+1.0,4.2226,183000
2023-05-25 03:59:59,13,B+1.0,4.2419,183000
2023-05-25 04:00:02,9,B+1.0,4.2379,183000
2023-05-25 04:00:06,9,B+1.0,4.2098,183000
2023-05-25 04:00:09,9,B+1.0,4.1917,183000
2023-05-25 04:00:13,9,B+1.0,4.1958,183000
2023-05-25 04:00:18,11,B+1.0,4.2007,183000
2023-05-25 04:00:21,9,B+1.0,4.1851,183000
2023-05-25 04:00:26,12,W+1.0,4.1942,183000
2023-05-25 04:00:30,11,B+1.0,4.2019,183000
2023-05-25 04:00:36,13,B+1.0,4.2042,183000
2023-05-25 04:00:39,9,B+1.0,4.2039,183000
2023-05-25 04:00:43,11,B+1.0,4.2149,183000
2023-05-25 04:00:47,9,B+1.0,4.2103,183000
2023-05-25 04:00:49,9,B+1.0,4.1807,183000
2023-05-25 04:00:55,13,B+1.0,4.2009,183000
2023-05-25 04:00:59,11,B+1.0,4.2091,183000
2023-05-25 04:01:05,13,B+1.0,4.2323,183000
2023-05-25 04:01:08,9,B+1.0,4.216,183000
2023-05-25 04:01:13,11,B+1.0,4.2123,183000
2023-05-25 04:01:18,11,B+1.0,4.2144,183000
2023-05-25 04:01:22,11,B+1.0,4.2255,183000
2023-05-25 04:01:26,9,B+1.0,4.2138,183000
2023-05-25 04:01:30,11,B+1.0,4.2276,183000
2023-05-25 04:01:34,9,B+1.0,4.216,183000
2023-05-25 04:01:37,9,B+1.0,4.1809,183000
2023-05-25 04:01:42,11,B+1.0,4.1923,183000
2023-05-25 04:01:45,9,B+1.0,4.1946,183000
2023-05-25 04:01:50,11,B+1.0,4.2072,183000
2023-05-25 04:01:55,13,B+1.0,4.2244,183000
2023-05-25 04:01:58,9,B+1.0,4.2282,183000
2023-05-25 04:02:03,11,B+1.0,4.2387,183000
2023-05-25 04:02:06,9,B+1.0,4.2368,183000
2023-05-25 04:02:10,11,B+1.0,4.2283,183000
2023-05-25 04:02:13,9,B+1.0,4.1991,183000
2023-05-25 04:02:17,9,B+1.0,4.2004,183000
2023-05-25 04:02:23,15,B+1.0,4.2252,183000
2023-05-25 04:02:27,11,B+1.0,4.2363,183000
2023-05-25 04:02:31,11,B+1.0,4.2377,183000
2023-05-25 04:02:35,9,B+1.0,4.2375,183000
2023-05-25 04:03:25,13,B+1.0,4.265,184000
2023-05-25 04:03:29,9,B+1.0,4.2634,184000
2023-05-25 04:03:34,11,B+1.0,4.281,184000
2023-05-25 04:03:37,9,B+1.0,4.2715,184000
2023-05-25 04:03:42,11,B+1.0,4.2559,184000
2023-05-25 04:03:45,9,B+1.0,4.2484,184000
2023-05-25 04:03:53,19,B+1.0,4.2914,184000
2023-05-25 04:03:58,11,B+1.0,4.2965,184000
2023-05-25 04:04:04,15,B+1.0,4.3154,184000
2023-05-25 04:04:09,15,B+1.0,4.2909,184000
2023-05-25 04:04:14,11,B+1.0,4.2963,184000
2023-05-25 04:04:17,9,B+1.0,4.2786,184000
2023-05-25 04:04:21,9,B+1.0,4.2817,184000
2023-05-25 04:04:25,11,B+1.0,4.2631,184000
2023-05-25 04:04:28,9,B+1.0,4.2373,184000
2023-05-25 04:04:33,13,B+1.0,4.2468,184000
2023-05-25 04:04:37,9,B+1.0,4.2352,184000
2023-05-25 04:04:41,9,B+1.0,4.2432,184000
2023-05-25 04:04:44,9,B+1.0,4.2406,184000
2023-05-25 04:04:48,9,B+1.0,4.2447,184000
2023-05-25 04:04:53,11,B+1.0,4.2574,184000
2023-05-25 04:04:57,11,B+1.0,4.2673,184000
2023-05-25 04:05:00,9,B+1.0,4.2662,184000
2023-05-25 04:05:04,9,B+1.0,4.2579,184000
2023-05-25 04:05:07,9,B+1.0,4.2401,184000
2023-05-25 04:05:11,9,B+1.0,4.2395,184000
2023-05-25 04:05:14,9,B+1.0,4.2404,184000
2023-05-25 04:05:20,13,B+1.0,4.2423,184000
2023-05-25 04:05:24,9,B+1.0,4.2462,184000
2023-05-25 04:05:28,9,B+1.0,4.2456,184000
2023-05-25 04:05:31,9,B+1.0,4.2415,184000
2023-05-25 04:05:34,9,B+1.0,4.2403,184000
2023-05-25 04:05:37,9,B+1.0,4.234,184000
2023-05-25 04:05:43,13,B+1.0,4.2613,184000
2023-05-25 04:05:49,13,B+1.0,4.2817,184000
2023-05-25 04:05:52,9,B+1.0,4.2766,184000
2023-05-25 04:05:56,11,B+1.0,4.2813,184000
2023-05-25 04:06:00,11,B+1.0,4.2532,184000
2023-05-25 04:06:05,11,B+1.0,4.2494,184000
2023-05-25 04:06:08,11,B+1.0,4.2523,184000
2023-05-25 04:06:13,11,B+1.0,4.247,184000
2023-05-25 04:06:17,9,B+1.0,4.2462,184000
2023-05-25 04:07:07,13,B+1.0,4.2651,185000
2023-05-25 04:07:11,11,B+1.0,4.2545,185000
2023-05-25 04:07:16,11,B+1.0,4.2599,185000
2023-05-25 04:07:21,11,B+1.0,4.2674,185000
2023-05-25 04:07:24,9,B+1.0,4.2743,185000
2023-05-25 04:07:28,9,B+1.0,4.2359,185000
2023-05-25 04:07:37,18,W+1.0,4.2912,185000
2023-05-25 04:07:41,9,B+1.0,4.29,185000
2023-05-25 04:07:44,9,B+1.0,4.2793,185000
2023-05-25 04:07:47,9,B+1.0,4.2656,185000
2023-05-25 04:07:51,9,B+1.0,4.2725,185000
2023-05-25 04:07:56,9,B+1.0,4.2844,185000
2023-05-25 04:07:59,9,B+1.0,4.2745,185000
2023-05-25 04:08:05,13,B+1.0,4.2875,185000
2023-05-25 04:08:10,11,B+1.0,4.2915,185000
2023-05-25 04:08:14,9,B+1.0,4.2847,185000
2023-05-25 04:08:18,9,B+1.0,4.2488,185000
2023-05-25 04:08:23,11,B+1.0,4.2548,185000
2023-05-25 04:08:27,9,B+1.0,4.2542,185000
2023-05-25 04:08:30,9,B+1.0,4.2531,185000
2023-05-25 04:08:34,9,B+1.0,4.2534,185000
2023-05-25 04:08:37,9,B+1.0,4.2535,185000
2023-05-25 04:08:41,9,B+1.0,4.242,185000
2023-05-25 04:08:47,13,B+1.0,4.2692,185000
2023-05-25 04:08:51,9,B+1.0,4.2604,185000
2023-05-25 04:08:54,9,B+1.0,4.2509,185000
2023-05-25 04:08:59,11,B+1.0,4.2462,185000
2023-05-25 04:09:04,12,W+1.0,4.2666,185000
2023-05-25 04:09:08,9,B+1.0,4.254,185000
2023-05-25 04:09:11,9,B+1.0,4.2603,185000
2023-05-25 04:09:16,11,B+1.0,4.2809,185000
2023-05-25 04:09:20,9,B+1.0,4.2576,185000
2023-05-25 04:09:26,13,B+1.0,4.2808,185000
2023-05-25 04:09:32,15,B+1.0,4.2804,185000
2023-05-25 04:09:36,11,B+1.0,4.2949,185000
2023-05-25 04:09:40,9,B+1.0,4.2848,185000
2023-05-25 04:09:46,15,B+1.0,4.3005,185000
2023-05-25 04:09:53,15,B+1.0,4.3226,185000
2023-05-25 04:09:57,9,B+1.0,4.324,185000
2023-05-25 04:10:01,9,B+1.0,4.3135,185000
2023-05-25 04:10:48,11,B+1.0,4.3361,186000
2023-05-25 04:10:51,9,B+1.0,4.3244,186000
2023-05-25 04:10:55,9,B+1.0,4.3245,186000
2023-05-25 04:10:59,11,B+1.0,4.3269,186000
2023-05-25 04:11:05,11,B+1.0,4.3277,186000
2023-05-25 04:11:17,29,B+1.0,4.4127,186000
2023-05-25 04:11:20,9,B+1.0,4.4024,186000
2023-05-25 04:11:25,11,B+1.0,4.4185,186000
2023-05-25 04:11:31,13,B+1.0,4.4368,186000
2023-05-25 04:11:41,19,B+1.0,4.5055,186000
2023-05-25 04:11:47,15,B+1.0,4.5296,186000
2023-05-25 04:11:52,11,B+1.0,4.5184,186000
2023-05-25 04:11:55,9,B+1.0,4.51,186000
2023-05-25 04:12:02,15,B+1.0,4.5375,186000
2023-05-25 04:12:06,11,B+1.0,4.5436,186000
2023-05-25 04:12:10,11,B+1.0,4.5334,186000
2023-05-25 04:12:17,23,B+1.0,4.5405,186000
2023-05-25 04:12:21,9,B+1.0,4.5379,186000
2023-05-25 04:12:25,11,B+1.0,4.524,186000
2023-05-25 04:12:29,11,B+1.0,4.5307,186000
2023-05-25 04:12:33,11,B+1.0,4.5273,186000
2023-05-25 04:12:38,11,B+1.0,4.5455,186000
2023-05-25 04:12:42,9,B+1.0,4.5036,186000
2023-05-25 04:12:45,9,B+1.0,4.489,186000
2023-05-25 04:12:50,15,B+1.0,4.4837,186000
2023-05-25 04:12:54,9,B+1.0,4.4622,186000
2023-05-25 04:13:00,15,B+1.0,4.4775,186000
2023-05-25 04:13:05,11,B+1.0,4.4911,186000
2023-05-25 04:13:08,11,B+1.0,4.4928,186000
2023-05-25 04:13:11,9,B+1.0,4.4829,186000
2023-05-25 04:13:15,12,W+1.0,4.484,186000
2023-05-25 04:13:18,9,B+1.0,4.4638,186000
2023-05-25 04:13:22,11,B+1.0,4.4661,186000
2023-05-25 04:13:27,11,B+1.0,4.4772,186000
2023-05-25 04:13:30,9,B+1.0,4.4695,186000
2023-05-25 04:13:34,11,B+1.0,4.4713,186000
2023-05-25 04:13:38,11,B+1.0,4.4699,186000
2023-05-25 04:13:43,11,B+1.0,4.4732,186000
2023-05-25 04:14:31,9,B+1.0,4.4812,187000
2023-05-25 04:14:35,11,B+1.0,4.4936,187000
2023-05-25 04:14:39,9,B+1.0,4.4978,187000
2023-05-25 04:14:42,9,B+1.0,4.4951,187000
2023-05-25 04:14:46,9,B+1.0,4.4684,187000
2023-05-25 04:14:50,11,B+1.0,4.479,187000
2023-05-25 04:14:54,9,B+1.0,4.4797,187000
2023-05-25 04:14:58,9,B+1.0,4.4795,187000
2023-05-25 04:15:03,11,B+1.0,4.4977,187000
2023-05-25 04:15:06,9,B+1.0,4.4957,187000
2023-05-25 04:15:09,9,B+1.0,4.4667,187000
2023-05-25 04:15:12,9,B+1.0,4.4455,187000
2023-05-25 04:15:15,9,B+1.0,4.4488,187000
2023-05-25 04:15:20,11,B+1.0,4.4537,187000
2023-05-25 04:15:24,11,B+1.0,4.4529,187000
2023-05-25 04:15:32,19,B+1.0,4.4823,187000
2023-05-25 04:15:35,9,B+1.0,4.4766,187000
2023-05-25 04:15:38,9,B+1.0,4.459,187000
2023-05-25 04:15:42,11,B+1.0,4.467,187000
2023-05-25 04:15:47,11,B+1.0,4.471,187000
2023-05-25 04:15:51,11,B+1.0,4.4519,187000
2023-05-25 04:15:54,9,B+1.0,4.4423,187000
2023-05-25 04:15:59,13,B+1.0,4.4419,187000
2023-05-25 04:16:03,9,B+1.0,4.4354,187000
2023-05-25 04:16:06,9,B+1.0,4.4361,187000
2023-05-25 04:16:10,9,B+1.0,4.4349,187000
2023-05-25 04:16:14,11,B+1.0,4.3847,187000
2023-05-25 04:16:17,9,B+1.0,4.3797,187000
2023-05-25 04:16:21,9,B+1.0,4.3801,187000
2023-05-25 04:16:24,9,B+1.0,4.3816,187000
2023-05-25 04:16:27,9,B+1.0,4.3736,187000
2023-05-25 04:16:30,9,B+1.0,4.364,187000
2023-05-25 04:16:34,9,B+1.0,4.3628,187000
2023-05-25 04:16:37,9,B+1.0,4.3365,187000
2023-05-25 04:16:41,11,B+1.0,4.327,187000
2023-05-25 04:16:45,9,B+1.0,4.3228,187000
2023-05-25 04:16:48,9,B+1.0,4.3225,187000
2023-05-25 04:16:54,15,B+1.0,4.325,187000
2023-05-25 04:16:58,9,B+1.0,4.3272,187000
2023-05-25 04:17:02,11,B+1.0,4.3388,187000
2023-05-25 04:17:06,9,B+1.0,4.3365,187000
2023-05-25 04:17:10,13,B+1.0,4.3448,187000
2023-05-25 04:17:14,9,B+1.0,4.3442,187000
2023-05-25 04:17:18,11,B+1.0,4.3223,187000
2023-05-25 04:17:21,9,B+1.0,4.3185,187000
2023-05-25 04:17:25,9,B+1.0,4.3192,187000
2023-05-25 04:18:16,13,B+1.0,4.3157,188000
2023-05-25 04:18:23,15,B+1.0,4.3607,188000
2023-05-25 04:18:28,11,B+1.0,4.3677,188000
2023-05-25 04:18:33,11,B+1.0,4.3689,188000
2023-05-25 04:18:37,9,B+1.0,4.3736,188000
2023-05-25 04:18:42,11,B+1.0,4.3574,188000
2023-05-25 04:18:45,9,B+1.0,4.3318,188000
2023-05-25 04:18:53,19,B+1.0,4.3676,188000
2023-05-25 04:18:58,12,W+1.0,4.3788,188000
2023-05-25 04:19:01,9,B+1.0,4.3451,188000
2023-05-25 04:19:04,9,B+1.0,4.3055,188000
2023-05-25 04:19:07,9,B+1.0,4.3,188000
2023-05-25 04:19:10,9,B+1.0,4.2969,188000
2023-05-25 04:19:15,11,B+1.0,4.2982,188000
2023-05-25 04:19:18,9,B+1.0,4.2859,188000
2023-05-25 04:19:23,11,B+1.0,4.2992,188000
2023-05-25 04:19:26,9,B+1.0,4.2988,188000
2023-05-25 04:19:31,13,B+1.0,4.2981,188000
2023-05-25 04:19:36,13,B+1.0,4.2954,188000
2023-05-25 04:19:41,11,B+1.0,4.222,188000
2023-05-25 04:19:45,11,B+1.0,4.2325,188000
2023-05-25 04:19:48,9,B+1.0,4.2155,188000
2023-05-25 04:19:52,11,B+1.0,4.1973,188000
2023-05-25 04:19:56,9,B+1.0,4.1301,188000
2023-05-25 04:19:59,9,B+1.0,4.106,188000
2023-05-25 04:20:07,17,B+1.0,4.1404,188000
2023-05-25 04:20:13,13,B+1.0,4.1549,188000
2023-05-25 04:20:16,9,B+1.0,4.1243,188000
2023-05-25 04:20:19,9,B+1.0,4.1156,188000
2023-05-25 04:20:23,9,B+1.0,4.1144,188000
2023-05-25 04:20:27,11,B+1.0,4.0845,188000
2023-05-25 04:20:31,9,B+1.0,4.0859,188000
2023-05-25 04:20:35,11,B+1.0,4.0916,188000
2023-05-25 04:20:38,9,B+1.0,4.0789,188000
2023-05-25 04:20:42,11,B+1.0,4.0711,188000
2023-05-25 04:20:45,9,B+1.0,4.0522,188000
2023-05-25 04:20:50,11,B+1.0,4.0651,188000
2023-05-25 04:20:54,11,B+1.0,4.0735,188000
2023-05-25 04:20:58,11,B+1.0,4.0573,188000
2023-05-25 04:21:02,11,B+1.0,4.065,188000
2023-05-25 04:21:05,9,B+1.0,4.0402,188000
2023-05-25 04:21:09,9,B+1.0,4.0255,188000
2023-05-25 04:21:54,9,B+1.0,4.0217,189000
2023-05-25 04:21:59,13,B+1.0,4.0359,189000
2023-05-25 04:22:03,9,B+1.0,4.0394,189000
2023-05-25 04:22:06,9,B+1.0,4.0369,189000
2023-05-25 04:22:10,9,B+1.0,4.0268,189000
2023-05-25 04:22:14,9,B+1.0,4.0331,189000
2023-05-25 04:22:18,11,B+1.0,4.0353,189000
2023-05-25 04:22:23,13,B+1.0,4.0453,189000
2023-05-25 04:22:28,11,B+1.0,4.0474,189000
2023-05-25 04:22:31,9,B+1.0,4.0401,189000
2023-05-25 04:22:35,9,B+1.0,4.034,189000
2023-05-25 04:22:38,11,B+1.0,4.0259,189000
2023-05-25 04:22:42,9,B+1.0,4.0222,189000
2023-05-25 04:22:46,9,B+1.0,4.0276,189000
2023-05-25 04:22:50,11,B+1.0,4.0393,189000
2023-05-25 04:22:54,9,B+1.0,4.0294,189000
2023-05-25 04:22:59,11,B+1.0,4.0393,189000
2023-05-25 04:23:02,9,B+1.0,4.0402,189000
2023-05-25 04:23:05,9,B+1.0,4.0229,189000
2023-05-25 04:23:11,13,B+1.0,4.0503,189000
2023-05-25 04:23:14,9,B+1.0,4.0503,189000
2023-05-25 04:23:19,13,B+1.0,4.0665,189000
2023-05-25 04:23:26,17,B+1.0,4.1017,189000
2023-05-25 04:23:30,9,B+1.0,4.0946,189000
2023-05-25 04:23:33,9,B+1.0,4.0793,189000
2023-05-25 04:23:36,9,B+1.0,4.0408,189000
2023-05-25 04:23:39,9,B+1.0,4.0413,189000
2023-05-25 04:23:43,9,B+1.0,4.0452,189000
2023-05-25 04:23:46,9,B+1.0,4.0353,189000
2023-05-25 04:23:51,11,B+1.0,4.0336,189000
2023-05-25 04:23:55,11,B+1.0,4.0405,189000
2023-05-25 04:23:59,9,B+1.0,4.0391,189000
2023-05-25 04:24:02,9,B+1.0,4.0201,189000
2023-05-25 04:24:05,9,B+1.0,4.0196,189000
2023-05-25 04:24:09,9,B+1.0,4.0194,189000
2023-05-25 04:24:12,9,B+1.0,4.0199,189000
2023-05-25 04:24:15,9,B+1.0,4.0102,189000
2023-05-25 04:24:18,9,B+1.0,4.0093,189000
2023-05-25 04:24:22,9,B+1.0,4.007,189000
2023-05-25 04:24:29,15,B+1.0,4.0419,189000
2023-05-25 04:24:32,9,B+1.0,4.0438,189000
2023-05-25 04:24:36,9,B+1.0,4.0523,189000
2023-05-25 04:24:39,9,B+1.0,4.0515,189000
2023-05-25 04:24:43,9,B+1.0,4.0535,189000
2023-05-25 04:24:46,9,B+1.0,4.047,189000
2023-05-25 04:24:50,9,B+1.0,4.0476,189000
2023-05-25 04:25:38,11,B+1.0,4.0316,190000
2023-05-25 04:25:44,13,B+1.0,4.0487,190000
2023-05-25 04:25:48,11,B+1.0,4.0507,190000
2023-05-25 04:25:54,13,B+1.0,4.0685,190000
2023-05-25 04:25:57,9,B+1.0,4.0564,190000
2023-05-25 04:26:01,9,B+1.0,4.0609,190000
2023-05-25 04:26:08,17,B+1.0,4.0959,190000
2023-05-25 04:26:12,9,B+1.0,4.101,190000
2023-05-25 04:26:16,11,B+1.0,4.107,190000
2023-05-25 04:26:19,9,B+1.0,4.1078,190000
2023-05-25 04:26:24,11,B+1.0,4.0858,190000
2023-05-25 04:26:28,9,B+1.0,4.0454,190000
2023-05-25 04:26:32,11,B+1.0,4.0445,190000
2023-05-25 04:26:35,9,B+1.0,4.028,190000
2023-05-25 04:26:39,9,B+1.0,4.0261,190000
2023-05-25 04:26:43,9,B+1.0,4.0146,190000
2023-05-25 04:26:51,17,B+1.0,4.072,190000
2023-05-25 04:27:02,31,B+1.0,4.0952,190000
2023-05-25 04:27:06,9,B+1.0,4.0863,190000
2023-05-25 04:27:11,13,B+1.0,4.1065,190000
2023-05-25 04:27:14,9,B+1.0,4.1095,190000
2023-05-25 04:27:21,15,B+1.0,4.1428,190000
2023-05-25 04:27:26,11,B+1.0,4.1581,190000
2023-05-25 04:27:29,9,B+1.0,4.1442,190000
2023-05-25 04:27:32,9,B+1.0,4.1475,190000
2023-05-25 04:27:38,13,B+1.0,4.1543,190000
2023-05-25 04:27:42,11,B+1.0,4.1649,190000
2023-05-25 04:27:46,9,B+1.0,4.1511,190000
2023-05-25 04:27:49,9,B+1.0,4.1342,190000
2023-05-25 04:27:52,9,B+1.0,4.1227,190000
2023-05-25 04:27:58,13,B+1.0,4.1328,190000
2023-05-25 04:28:02,9,B+1.0,4.1343,190000
2023-05-25 04:28:05,9,B+1.0,4.1284,190000
2023-05-25 04:28:08,9,B+1.0,4.1328,190000
2023-05-25 04:28:14,11,B+1.0,4.1489,190000
2023-05-25 04:28:17,9,B+1.0,4.1015,190000
2023-05-25 04:28:22,11,B+1.0,4.0972,190000
2023-05-25 04:28:29,17,B+1.0,4.1309,190000
2023-05-25 04:28:32,9,B+1.0,4.1333,190000
2023-05-25 04:29:20,11,B+1.0,4.1337,191000
2023-05-25 04:29:24,9,B+1.0,4.1315,191000
2023-05-25 04:29:27,9,B+1.0,4.1231,191000
2023-05-25 04:29:31,9,B+1.0,4.1284,191000
2023-05-25 04:29:34,9,B+1.0,4.1243,191000
2023-05-25 04:29:40,13,B+1.0,4.1486,191000
2023-05-25 04:29:45,13,B+1.0,4.1558,191000
2023-05-25 04:29:48,9,B+1.0,4.1476,191000
2023-05-25 04:29:53,11,B+1.0,4.1558,191000
2023-05-25 04:29:59,13,B+1.0,4.1736,191000
2023-05-25 04:30:03,11,B+1.0,4.178,191000
2023-05-25 04:30:07,11,B+1.0,4.1903,191000
2023-05-25 04:30:12,11,B+1.0,4.2034,191000
2023-05-25 04:30:16,11,B+1.0,4.2151,191000
2023-05-25 04:30:19,9,B+1.0,4.1942,191000
2023-05-25 04:30:23,9,B+1.0,4.1972,191000
2023-05-25 04:30:28,11,B+1.0,4.2064,191000
2023-05-25 04:30:33,13,B+1.0,4.2177,191000
2023-05-25 04:30:36,11,B+1.0,4.2216,191000
2023-05-25 04:30:40,9,B+1.0,4.2121,191000
2023-05-25 04:30:44,11,B+1.0,4.1964,191000
2023-05-25 04:30:48,15,B+1.0,4.1982,191000
2023-05-25 04:30:52,9,B+1.0,4.202,191000
2023-05-25 04:30:58,13,B+1.0,4.2273,191000
2023-05-25 04:31:01,9,B+1.0,4.2199,191000
2023-05-25 04:31:04,9,B+1.0,4.2187,191000
2023-05-25 04:31:07,9,B+1.0,4.2134,191000
2023-05-25 04:31:11,9,B+1.0,4.2034,191000
2023-05-25 04:31:18,15,B+1.0,4.2322,191000
2023-05-25 04:31:24,17,B+1.0,4.2506,191000
2023-05-25 04:31:27,9,B+1.0,4.2452,191000
2023-05-25 04:31:31,9,B+1.0,4.2504,191000
2023-05-25 04:31:35,11,B+1.0,4.2371,191000
2023-05-25 04:31:42,15,B+1.0,4.2695,191000
2023-05-25 04:31:47,13,B+1.0,4.2742,191000
2023-05-25 04:31:51,11,B+1.0,4.2439,191000
2023-05-25 04:31:54,9,B+1.0,4.2399,191000
2023-05-25 04:31:58,9,B+1.0,4.2459,191000
2023-05-25 04:32:02,11,B+1.0,4.2573,191000
2023-05-25 04:32:05,9,B+1.0,4.2549,191000
2023-05-25 04:32:11,13,B+1.0,4.277,191000
2023-05-25 04:32:15,9,B+1.0,4.281,191000
2023-05-25 04:33:03,9,B+1.0,4.2621,192000
2023-05-25 04:33:07,11,B+1.0,4.2773,192000
2023-05-25 04:33:14,13,B+1.0,4.3143,192000
2023-05-25 04:33:17,9,B+1.0,4.3114,192000
2023-05-25 04:33:23,13,B+1.0,4.3362,192000
2023-05-25 04:33:27,9,B+1.0,4.338,192000
2023-05-25 04:33:30,9,B+1.0,4.3449,192000
2023-05-25 04:33:35,9,B+1.0,4.3517,192000
2023-05-25 04:33:38,9,B+1.0,4.3513,192000
2023-05-25 04:33:45,19,B+1.0,4.3538,192000
2023-05-25 04:33:50,12,W+1.0,4.3719,192000
2023-05-25 04:33:54,9,B+1.0,4.3703,192000
2023-05-25 04:33:59,11,B+1.0,4.3891,192000
2023-05-25 04:34:03,9,B+1.0,4.3933,192000
2023-05-25 04:34:10,17,B+1.0,4.4233,192000
2023-05-25 04:34:13,9,B+1.0,4.4246,192000
2023-05-25 04:34:17,9,B+1.0,4.4265,192000
2023-05-25 04:34:21,9,B+1.0,4.4178,192000
2023-05-25 04:34:25,11,B+1.0,4.4122,192000
2023-05-25 04:34:29,9,B+1.0,4.4006,192000
2023-05-25 04:34:34,13,B+1.0,4.4004,192000
2023-05-25 04:34:38,9,B+1.0,4.4058,192000
2023-05-25 04:34:43,11,B+1.0,4.4148,192000
2023-05-25 04:34:51,15,B+1.0,4.4201,192000
2023-05-25 04:34:54,9,B+1.0,4.4206,192000
2023-05-25 04:34:58,9,B+1.0,4.4169,192000
2023-05-25 04:35:04,13,B+1.0,4.4408,192000
2023-05-25 04:35:07,9,B+1.0,4.4286,192000
2023-05-25 04:35:11,9,B+1.0,4.4244,192000
2023-05-25 04:35:16,11,B+1.0,4.4321,192000
2023-05-25 04:35:22,13,B+1.0,4.4568,192000
2023-05-25 04:35:29,15,B+1.0,4.4896,192000
2023-05-25 04:35:32,9,B+1.0,4.4922,192000
2023-05-25 04:35:38,13,B+1.0,4.4601,192000
2023-05-25 04:35:43,11,B+1.0,4.4004,192000
2023-05-25 04:35:48,13,B+1.0,4.42,192000
2023-05-25 04:35:54,13,B+1.0,4.4254,192000
2023-05-25 04:35:57,9,B+1.0,4.4253,192000
2023-05-25 04:36:46,11,B+1.0,4.393,193000
2023-05-25 04:36:51,11,B+1.0,4.4078,193000
2023-05-25 04:36:55,11,B+1.0,4.4128,193000
2023-05-25 04:36:58,9,B+1.0,4.3908,193000
2023-05-25 04:37:02,11,B+1.0,4.3844,193000
2023-05-25 04:37:07,13,B+1.0,4.4014,193000
2023-05-25 04:37:11,9,B+1.0,4.4048,193000
2023-05-25 04:37:15,11,B+1.0,4.4144,193000
2023-05-25 04:37:19,11,B+1.0,4.4042,193000
2023-05-25 04:37:24,10,W+1.0,4.4113,193000
2023-05-25 04:37:29,13,B+1.0,4.4298,193000
2023-05-25 04:37:33,11,B+1.0,4.4339,193000
2023-05-25 04:37:36,9,B+1.0,4.4152,193000
2023-05-25 04:37:40,9,B+1.0,4.4156,193000
2023-05-25 04:37:45,11,B+1.0,4.4176,193000
2023-05-25 04:37:48,9,B+1.0,4.3802,193000
2023-05-25 04:37:52,11,B+1.0,4.3902,193000
2023-05-25 04:37:56,9,B+1.0,4.3809,193000
2023-05-25 04:37:59,9,B+1.0,4.3768,193000
2023-05-25 04:38:02,9,B+1.0,4.3767,193000
2023-05-25 04:38:06,9,B+1.0,4.3756,193000
2023-05-25 04:38:09,9,B+1.0,4.374,193000
2023-05-25 04:38:14,11,B+1.0,4.3869,193000
2023-05-25 04:38:19,15,B+1.0,4.3842,193000
2023-05-25 04:38:25,13,B+1.0,4.3872,193000
2023-05-25 04:38:32,17,B+1.0,4.4265,193000
2023-05-25 04:38:36,9,B+1.0,4.4189,193000
2023-05-25 04:38:41,11,B+1.0,4.405,193000
2023-05-25 04:38:45,11,B+1.0,4.4131,193000
2023-05-25 04:38:50,11,B+1.0,4.4134,193000
2023-05-25 04:38:53,9,B+1.0,4.4069,193000
2023-05-25 04:38:58,11,B+1.0,4.4062,193000
2023-05-25 04:39:02,11,B+1.0,4.4163,193000
2023-05-25 04:39:06,9,B+1.0,4.4143,193000
2023-05-25 04:39:09,9,B+1.0,4.4049,193000
2023-05-25 04:39:13,9,B+1.0,4.3897,193000
2023-05-25 04:39:16,9,B+1.0,4.3871,193000
2023-05-25 04:39:20,9,B+1.0,4.3887,193000
2023-05-25 04:39:24,11,B+1.0,4.3928,193000
2023-05-25 04:39:28,11,B+1.0,4.3896,193000
2023-05-25 04:39:32,9,B+1.0,4.3895,193000
2023-05-25 04:39:36,9,B+1.0,4.367,193000
2023-05-25 04:39:39,9,B+1.0,4.3706,193000
2023-05-25 04:40:29,15,B+1.0,4.3962,194000
2023-05-25 04:40:34,11,B+1.0,4.4104,194000
2023-05-25 04:40:38,11,B+1.0,4.3864,194000
2023-05-25 04:40:42,9,B+1.0,4.3584,194000
2023-05-25 04:40:45,9,B+1.0,4.3649,194000
2023-05-25 04:40:51,13,B+1.0,4.3865,194000
2023-05-25 04:40:58,13,B+1.0,4.4071,194000
2023-05-25 04:41:02,11,B+1.0,4.3894,194000
2023-05-25 04:41:10,15,B+1.0,4.4101,194000
2023-05-25 04:41:13,9,B+1.0,4.4049,194000
2023-05-25 04:41:18,11,B+1.0,4.4187,194000
2023-05-25 04:41:23,13,B+1.0,4.429,194000
2023-05-25 04:41:26,9,B+1.0,4.42,194000
2023-05-25 04:41:30,9,B+1.0,4.4242,194000
2023-05-25 04:41:33,9,B+1.0,4.4007,194000
2023-05-25 04:41:37,9,B+1.0,4.4032,194000
2023-05-25 04:41:40,9,B+1.0,4.401,194000
2023-05-25 04:41:44,9,B+1.0,4.3989,194000
2023-05-25 04:41:48,11,B+1.0,4.3989,194000
2023-05-25 04:41:52,9,B+1.0,4.3649,194000
2023-05-25 04:41:55,9,B+1.0,4.3673,194000
2023-05-25 04:41:59,9,B+1.0,4.342,194000
2023-05-25 04:42:05,17,B+1.0,4.3723,194000
2023-05-25 04:42:09,9,B+1.0,4.3731,194000
2023-05-25 04:42:13,11,B+1.0,4.3713,194000
2023-05-25 04:42:18,11,B+1.0,4.3833,194000
2023-05-25 04:42:21,9,B+1.0,4.3476,194000
2023-05-25 04:42:27,15,B+1.0,4.354,194000
2023-05-25 04:42:31,11,B+1.0,4.3585,194000
2023-05-25 04:42:35,9,B+1.0,4.3445,194000
2023-05-25 04:42:39,9,B+1.0,4.3421,194000
2023-05-25 04:42:43,9,B+1.0,4.3167,194000
2023-05-25 04:42:48,13,B+1.0,4.3358,194000
2023-05-25 04:42:53,11,B+1.0,4.352,194000
2023-05-25 04:42:58,11,B+1.0,4.3578,194000
2023-05-25 04:43:01,9,B+1.0,4.344,194000
2023-05-25 04:43:05,9,B+1.0,4.3478,194000
2023-05-25 04:43:08,9,B+1.0,4.3303,194000
2023-05-25 04:43:14,13,B+1.0,4.3496,194000
2023-05-25 04:43:18,9,B+1.0,4.3347,194000
2023-05-25 04:43:21,9,B+1.0,4.2938,194000
2023-05-25 04:44:10,13,B+1.0,4.3214,195000
2023-05-25 04:44:15,13,B+1.0,4.3139,195000
2023-05-25 04:44:20,11,B+1.0,4.3253,195000
2023-05-25 04:44:23,9,B+1.0,4.3277,195000
2023-05-25 04:44:28,11,B+1.0,4.3256,195000
2023-05-25 04:44:31,9,B+1.0,4.2998,195000
2023-05-25 04:44:36,11,B+1.0,4.2793,195000
2023-05-25 04:44:40,9,B+1.0,4.2766,195000
2023-05-25 04:44:44,9,B+1.0,4.2594,195000
2023-05-25 04:44:47,9,B+1.0,4.2501,195000
2023-05-25 04:44:53,11,B+1.0,4.2476,195000
2023-05-25 04:44:56,9,B+1.0,4.2238,195000
2023-05-25 04:45:00,9,B+1.0,4.2255,195000
2023-05-25 04:45:05,13,B+1.0,4.2457,195000
2023-05-25 04:45:12,15,B+1.0,4.2663,195000
2023-05-25 04:45:17,11,B+1.0,4.271,195000
2023-05-25 04:45:20,9,B+1.0,4.2663,195000
2023-05-25 04:45:28,17,B+1.0,4.3086,195000
2023-05-25 04:45:31,9,B+1.0,4.2981,195000
2023-05-25 04:45:39,17,B+1.0,4.328,195000
2023-05-25 04:45:42,9,B+1.0,4.3258,195000
2023-05-25 04:45:47,11,B+1.0,4.3324,195000
2023-05-25 04:45:52,11,B+1.0,4.336,195000
2023-05-25 04:45:56,9,B+1.0,4.3273,195000
2023-05-25 04:45:59,9,B+1.0,4.3127,195000
2023-05-25 04:46:03,9,B+1.0,4.3082,195000
2023-05-25 04:46:06,9,B+1.0,4.3086,195000
2023-05-25 04:46:09,9,B+1.0,4.3038,195000
2023-05-25 04:46:15,15,B+1.0,4.3089,195000
2023-05-25 04:46:20,13,B+1.0,4.3317,195000
2023-05-25 04:46:24,9,B+1.0,4.3226,195000
2023-05-25 04:46:27,9,B+1.0,4.3189,195000
2023-05-25 04:46:33,17,B+1.0,4.3479,195000
2023-05-25 04:46:40,17,B+1.0,4.3793,195000
2023-05-25 04:46:45,13,B+1.0,4.4041,195000
2023-05-25 04:46:49,9,B+1.0,4.4061,195000
2023-05-25 04:46:53,9,B+1.0,4.394,195000
2023-05-25 04:46:59,17,B+1.0,4.4078,195000
2023-05-25 04:47:03,9,B+1.0,4.3855,195000
2023-05-25 04:47:51,9,B+1.0,4.3666,196000
2023-05-25 04:47:55,9,B+1.0,4.3534,196000
2023-05-25 04:48:00,11,B+1.0,4.3553,196000
2023-05-25 04:48:04,9,B+1.0,4.3478,196000
2023-05-25 04:48:07,9,B+1.0,4.3506,196000
2023-05-25 04:48:11,9,B+1.0,4.3362,196000
2023-05-25 04:48:16,11,B+1.0,4.3458,196000
2023-05-25 04:48:19,9,B+1.0,4.3479,196000
2023-05-25 04:48:23,9,B+1.0,4.3483,196000
2023-05-25 04:48:27,11,B+1.0,4.3554,196000
2023-05-25 04:48:31,9,B+1.0,4.3565,196000
2023-05-25 04:48:36,11,B+1.0,4.37,196000
2023-05-25 04:48:39,9,B+1.0,4.3641,196000
2023-05-25 04:48:42,9,B+1.0,4.3474,196000
2023-05-25 04:48:47,11,B+1.0,4.3592,196000
2023-05-25 04:48:51,9,B+1.0,4.3605,196000
2023-05-25 04:48:54,9,B+1.0,4.3633,196000
2023-05-25 04:48:58,9,B+1.0,4.3668,196000
2023-05-25 04:49:07,17,B+1.0,4.3988,196000
2023-05-25 04:49:12,11,B+1.0,4.4039,196000
2023-05-25 04:49:16,9,B+1.0,4.399,196000
2023-05-25 04:49:20,9,B+1.0,4.3985,196000
2023-05-25 04:49:23,9,B+1.0,4.397,196000
2023-05-25 04:49:28,11,B+1.0,4.3842,196000
2023-05-25 04:49:32,9,B+1.0,4.3564,196000
2023-05-25 04:49:37,13,B+1.0,4.3656,196000
2023-05-25 04:49:41,11,B+1.0,4.3322,196000
2023-05-25 04:49:45,9,B+1.0,4.3357,196000
2023-05-25 04:49:53,17,B+1.0,4.3627,196000
2023-05-25 04:49:56,9,B+1.0,4.3531,196000
2023-05-25 04:50:03,13,B+1.0,4.3838,196000
2023-05-25 04:50:09,15,B+1.0,4.4081,196000
2023-05-25 04:50:12,9,B+1.0,4.4114,196000
2023-05-25 04:50:16,9,B+1.0,4.4078,196000
2023-05-25 04:50:21,11,B+1.0,4.4234,196000
2023-05-25 04:50:26,11,B+1.0,4.4351,196000
2023-05-25 04:50:30,11,B+1.0,4.4339,196000
2023-05-25 04:50:35,11,B+1.0,4.4458,196000
2023-05-25 04:50:38,9,B+1.0,4.4489,196000
2023-05-25 04:50:44,13,B+1.0,4.4716,196000
2023-05-25 04:50:50,13,B+1.0,4.4621,196000
2023-05-25 04:51:35,9,B+1.0,4.4662,197000
2023-05-25 04:51:39,11,B+1.0,4.4643,197000
2023-05-25 04:51:45,13,B+1.0,4.4869,197000
2023-05-25 04:51:48,9,B+1.0,4.4584,197000
2023-05-25 04:51:52,9,B+1.0,4.452,197000
2023-05-25 04:51:55,9,B+1.0,4.4496,197000
2023-05-25 04:52:00,11,B+1.0,4.4582,197000
2023-05-25 04:52:07,17,B+1.0,4.4909,197000
2023-05-25 04:52:10,9,B+1.0,4.4685,197000
2023-05-25 04:52:16,13,B+1.0,4.4707,197000
2023-05-25 04:52:19,9,B+1.0,4.4596,197000
2023-05-25 04:52:22,9,B+1.0,4.4609,197000
2023-05-25 04:52:27,11,B+1.0,4.4704,197000
2023-05-25 04:52:30,9,B+1.0,4.4651,197000
2023-05-25 04:52:35,11,B+1.0,4.4512,197000
2023-05-25 04:52:39,11,B+1.0,4.4657,197000
2023-05-25 04:52:43,9,B+1.0,4.4647,197000
2023-05-25 04:52:47,9,B+1.0,4.4549,197000
2023-05-25 04:52:50,9,B+1.0,4.4335,197000
2023-05-25 04:52:54,11,B+1.0,4.4241,197000
2023-05-25 04:52:59,11,B+1.0,4.427,197000
2023-05-25 04:53:03,11,B+1.0,4.4322,197000
2023-05-25 04:53:07,9,B+1.0,4.4169,197000
2023-05-25 04:53:11,9,B+1.0,4.4237,197000
2023-05-25 04:53:14,9,B+1.0,4.4076,197000
2023-05-25 04:53:18,11,B+1.0,4.4158,197000
2023-05-25 04:53:21,9,B+1.0,4.4096,197000
2023-05-25 04:53:25,9,B+1.0,4.4052,197000
2023-05-25 04:53:29,11,B+1.0,4.3945,197000
2023-05-25 04:53:34,13,B+1.0,4.4147,197000
2023-05-25 04:53:39,11,B+1.0,4.4213,197000
2023-05-25 04:53:43,13,B+1.0,4.4127,197000
2023-05-25 04:53:48,11,B+1.0,4.3919,197000
2023-05-25 04:53:53,13,B+1.0,4.391,197000
2023-05-25 04:54:04,31,B+1.0,4.4718,197000
2023-05-25 04:54:08,9,B+1.0,4.4287,197000
2023-05-25 04:54:11,9,B+1.0,4.4339,197000
2023-05-25 04:54:14,9,B+1.0,4.3862,197000
2023-05-25 04:54:19,11,B+1.0,4.3996,197000
2023-05-25 04:54:23,9,B+1.0,4.3861,197000
2023-05-25 04:54:26,9,B+1.0,4.3722,197000
2023-05-25 04:54:30,9,B+1.0,4.3714,197000
2023-05-25 04:55:17,11,B+1.0,4.3819,198000
2023-05-25 04:55:22,11,B+1.0,4.3974,198000
2023-05-25 04:55:27,11,B+1.0,4.4251,198000
2023-05-25 04:55:31,9,B+1.0,4.4066,198000
2023-05-25 04:55:36,11,B+1.0,4.4018,198000
2023-05-25 04:55:40,9,B+1.0,4.4027,198000
2023-05-25 04:55:45,13,B+1.0,4.431,198000
2023-05-25 04:55:50,11,B+1.0,4.4078,198000
2023-05-25 04:55:53,9,B+1.0,4.374,198000
2023-05-25 04:55:56,9,B+1.0,4.3515,198000
2023-05-25 04:56:01,11,B+1.0,4.365,198000
2023-05-25 04:56:04,9,B+1.0,4.3609,198000
2023-05-25 04:56:08,9,B+1.0,4.3262,198000
2023-05-25 04:56:12,11,B+1.0,4.3388,198000
2023-05-25 04:56:17,11,B+1.0,4.3378,198000
2023-05-25 04:56:23,13,B+1.0,4.3601,198000
2023-05-25 04:56:27,9,B+1.0,4.3633,198000
2023-05-25 04:56:31,11,B+1.0,4.3561,198000
2023-05-25 04:56:37,13,B+1.0,4.3719,198000
2023-05-25 04:56:40,9,B+1.0,4.3674,198000
2023-05-25 04:56:44,11,B+1.0,4.3783,198000
2023-05-25 04:56:48,9,B+1.0,4.3647,198000
2023-05-25 04:56:51,9,B+1.0,4.3623,198000
2023-05-25 04:56:57,13,B+1.0,4.3799,198000
2023-05-25 04:57:01,11,B+1.0,4.3814,198000
2023-05-25 04:57:05,9,B+1.0,4.3794,198000
2023-05-25 04:57:08,9,B+1.0,4.3633,198000
2023-05-25 04:57:11,9,B+1.0,4.3622,198000
2023-05-25 04:57:16,13,B+1.0,4.3783,198000
2023-05-25 04:57:19,9,B+1.0,4.3647,198000
2023-05-25 04:57:23,9,B+1.0,4.3625,198000
2023-05-25 04:57:26,9,B+1.0,4.3586,198000
2023-05-25 04:57:30,11,B+1.0,4.3646,198000
2023-05-25 04:57:34,9,B+1.0,4.3107,198000
2023-05-25 04:57:37,9,B+1.0,4.2891,198000
2023-05-25 04:57:42,11,B+1.0,4.2977,198000
2023-05-25 04:57:45,9,B+1.0,4.295,198000
2023-05-25 04:57:52,15,B+1.0,4.3298,198000
2023-05-25 04:57:58,13,B+1.0,4.3397,198000
2023-05-25 04:58:01,9,B+1.0,4.3391,198000
2023-05-25 04:58:06,11,B+1.0,4.3293,198000
2023-05-25 04:59:01,17,B+1.0,4.3906,199000
2023-05-25 04:59:06,13,B+1.0,4.3652,199000
2023-05-25 04:59:12,13,B+1.0,4.3878,199000
2023-05-25 04:59:17,13,B+1.0,4.3756,199000
2023-05-25 04:59:21,9,B+1.0,4.3536,199000
2023-05-25 04:59:24,9,B+1.0,4.3506,199000
2023-05-25 04:59:28,9,B+1.0,4.3499,199000
2023-05-25 04:59:33,11,B+1.0,4.3466,199000
2023-05-25 04:59:37,11,B+1.0,4.347,199000
2023-05-25 04:59:42,11,B+1.0,4.344,199000
2023-05-25 04:59:45,9,B+1.0,4.337,199000
2023-05-25 04:59:51,15,B+1.0,4.3604,199000
2023-05-25 04:59:55,9,B+1.0,4.3358,199000
2023-05-25 04:59:58,9,B+1.0,4.3127,199000
2023-05-25 05:00:02,9,B+1.0,4.3034,199000
2023-05-25 05:00:05,9,B+1.0,4.3037,199000
2023-05-25 05:00:09,11,B+1.0,4.3005,199000
2023-05-25 05:00:13,9,B+1.0,4.2763,199000
2023-05-25 05:00:16,9,B+1.0,4.2795,199000
2023-05-25 05:00:20,11,B+1.0,4.287,199000
2023-05-25 05:00:24,9,B+1.0,4.2841,199000
2023-05-25 05:00:27,9,B+1.0,4.2717,199000
2023-05-25 05:00:30,9,B+1.0,4.2321,199000
2023-05-25 05:00:33,9,B+1.0,4.2308,199000
2023-05-25 05:00:37,9,B+1.0,4.2098,199000
2023-05-25 05:00:41,11,B+1.0,4.2255,199000
2023-05-25 05:00:47,15,B+1.0,4.2477,199000
2023-05-25 05:00:51,9,B+1.0,4.2405,199000
2023-05-25 05:00:56,13,B+1.0,4.2554,199000
2023-05-25 05:00:59,9,B+1.0,4.2479,199000
2023-05-25 05:01:03,9,B+1.0,4.2337,199000
2023-05-25 05:01:06,9,B+1.0,4.2291,199000
2023-05-25 05:01:11,11,B+1.0,4.2412,199000
2023-05-25 05:01:16,11,B+1.0,4.2511,199000
2023-05-25 05:01:20,11,B+1.0,4.2569,199000
2023-05-25 05:01:24,9,B+1.0,4.2463,199000
2023-05-25 05:01:27,9,B+1.0,4.2374,199000
2023-05-25 05:01:31,9,B+1.0,4.2391,199000
2023-05-25 05:01:37,17,B+1.0,4.2661,199000
2023-05-25 05:01:41,9,B+1.0,4.2687,199000
2023-05-25 05:01:45,11,B+1.0,4.2675,199000
2023-05-25 05:01:49,9,B+1.0,4.2731,199000
2023-05-25 05:01:53,11,B+1.0,4.2869,199000
2023-05-25 05:02:41,11,B+1.0,4.2803,200000
2023-05-25 05:02:44,9,B+1.0,4.2757,200000
2023-05-25 05:02:48,9,B+1.0,4.2629,200000
2023-05-25 05:02:52,11,B+1.0,4.2647,200000
2023-05-25 05:02:56,9,B+1.0,4.2476,200000
2023-05-25 05:02:59,9,B+1.0,4.165,200000
2023-05-25 05:03:02,9,B+1.0,4.1684,200000
2023-05-25 05:03:06,9,B+1.0,4.1692,200000
2023-05-25 05:03:09,9,B+1.0,4.1708,200000
2023-05-25 05:03:14,11,B+1.0,4.1704,200000
2023-05-25 05:03:18,9,B+1.0,4.1715,200000
2023-05-25 05:03:23,11,B+1.0,4.1833,200000
2023-05-25 05:03:26,9,B+1.0,4.1858,200000
2023-05-25 05:03:31,11,B+1.0,4.2007,200000
2023-05-25 05:03:35,9,B+1.0,4.1894,200000
2023-05-25 05:03:39,11,B+1.0,4.1833,200000
2023-05-25 05:03:44,11,B+1.0,4.1717,200000
2023-05-25 05:03:48,13,B+1.0,4.1814,200000
2023-05-25 05:03:52,10,W+1.0,4.1713,200000
2023-05-25 05:03:57,11,B+1.0,4.1826,200000
2023-05-25 05:04:00,9,B+1.0,4.1587,200000
2023-05-25 05:04:04,11,B+1.0,4.1564,200000
2023-05-25 05:04:09,14,W+1.0,4.1764,200000
2023-05-25 05:04:14,11,B+1.0,4.1874,200000
2023-05-25 05:04:19,11,B+1.0,4.1863,200000
2023-05-25 05:04:25,13,B+1.0,4.2117,200000
2023-05-25 05:04:29,11,B+1.0,4.2233,200000
2023-05-25 05:04:33,9,B+1.0,4.2137,200000
2023-05-25 05:04:36,9,B+1.0,4.1922,200000
2023-05-25 05:04:39,9,B+1.0,4.165,200000
2023-05-25 05:04:42,9,B+1.0,4.1599,200000
2023-05-25 05:04:46,11,B+1.0,4.1603,200000
2023-05-25 05:04:50,9,B+1.0,4.141,200000
2023-05-25 05:04:54,9,B+1.0,4.1427,200000
2023-05-25 05:04:59,13,B+1.0,4.1531,200000
2023-05-25 05:05:03,11,B+1.0,4.1609,200000
2023-05-25 05:05:08,13,B+1.0,4.1776,200000
2023-05-25 05:05:13,11,B+1.0,4.1692,200000
2023-05-25 05:05:18,12,W+1.0,4.1754,200000
2023-05-25 05:05:22,9,B+1.0,4.1794,200000
2023-05-25 05:05:26,11,B+1.0,4.1949,200000
2023-05-25 05:05:30,9,B+1.0,4.193,200000
2023-05-25 05:05:33,11,B+1.0,4.1828,200000
2023-05-25 05:06:21,9,B+1.0,4.201,201000
2023-05-25 05:06:24,9,B+1.0,4.2029,201000
2023-05-25 05:06:30,13,B+1.0,4.2157,201000
2023-05-25 05:06:34,11,B+1.0,4.2232,201000
2023-05-25 05:06:39,11,B+1.0,4.2375,201000
2023-05-25 05:06:42,9,B+1.0,4.224,201000
2023-05-25 05:06:48,13,B+1.0,4.2429,201000
2023-05-25 05:06:52,11,B+1.0,4.2216,201000
2023-05-25 05:06:58,13,B+1.0,4.2243,201000
2023-05-25 05:07:02,9,B+1.0,4.2245,201000
2023-05-25 05:07:08,13,B+1.0,4.2383,201000
2023-05-25 05:07:14,13,B+1.0,4.2277,201000
2023-05-25 05:07:17,9,B+1.0,4.1923,201000
2023-05-25 05:07:21,9,B+1.0,4.1819,201000
2023-05-25 05:07:27,11,B+1.0,4.1804,201000
2023-05-25 05:07:31,11,B+1.0,4.1716,201000
2023-05-25 05:07:36,10,W+1.0,4.1767,201000
2023-05-25 05:07:40,11,B+1.0,4.1875,201000
2023-05-25 05:07:43,9,B+1.0,4.1822,201000
2023-05-25 05:07:48,11,B+1.0,4.1837,201000
2023-05-25 05:07:51,9,B+1.0,4.1705,201000
2023-05-25 05:07:55,11,B+1.0,4.1674,201000
2023-05-25 05:07:59,10,W+1.0,4.1675,201000
2023-05-25 05:08:04,11,B+1.0,4.1517,201000
2023-05-25 05:08:07,11,B+1.0,4.1559,201000
2023-05-25 05:08:12,11,B+1.0,4.1675,201000
2023-05-25 05:08:15,9,B+1.0,4.1646,201000
2023-05-25 05:08:18,9,B+1.0,4.1608,201000
2023-05-25 05:08:23,11,B+1.0,4.1678,201000
2023-05-25 05:08:27,9,B+1.0,4.1702,201000
2023-05-25 05:08:32,11,B+1.0,4.1853,201000
2023-05-25 05:08:36,11,B+1.0,4.1892,201000
2023-05-25 05:08:41,11,B+1.0,4.199,201000
2023-05-25 05:08:47,13,B+1.0,4.2267,201000
2023-05-25 05:08:50,9,B+1.0,4.229,201000
2023-05-25 05:08:54,9,B+1.0,4.2316,201000
2023-05-25 05:08:57,9,B+1.0,4.2325,201000
2023-05-25 05:09:02,13,B+1.0,4.2376,201000
2023-05-25 05:09:06,9,B+1.0,4.2139,201000
2023-05-25 05:09:09,9,B+1.0,4.2045,201000
2023-05-25 05:09:12,9,B+1.0,4.1952,201000
2023-05-25 05:09:17,11,B+1.0,4.2062,201000
2023-05-25 05:10:04,11,B+1.0,4.2176,202000
2023-05-25 05:10:07,9,B+1.0,4.1984,202000
2023-05-25 05:10:11,9,B+1.0,4.1858,202000
2023-05-25 05:10:15,11,B+1.0,4.1857,202000
2023-05-25 05:10:18,9,B+1.0,4.1804,202000
2023-05-25 05:10:21,9,B+1.0,4.176,202000
2023-05-25 05:10:25,9,B+1.0,4.174,202000
2023-05-25 05:10:28,9,B+1.0,4.1397,202000
2023-05-25 05:10:31,11,B+1.0,4.1409,202000
2023-05-25 05:10:35,9,B+1.0,4.1341,202000
2023-05-25 05:10:39,11,B+1.0,4.1394,202000
2023-05-25 05:10:43,9,B+1.0,4.1283,202000
2023-05-25 05:10:46,9,B+1.0,4.1232,202000
2023-05-25 05:10:50,9,B+1.0,4.1082,202000
2023-05-25 05:10:54,11,B+1.0,4.1123,202000
2023-05-25 05:10:58,9,B+1.0,4.113,202000
2023-05-25 05:11:03,13,B+1.0,4.1182,202000
2023-05-25 05:11:06,9,B+1.0,4.1184,202000
2023-05-25 05:11:11,11,B+1.0,4.1312,202000
2023-05-25 05:11:14,9,B+1.0,4.1283,202000
2023-05-25 05:11:18,9,B+1.0,4.1303,202000
2023-05-25 05:11:22,13,B+1.0,4.1429,202000
2023-05-25 05:11:27,13,B+1.0,4.1453,202000
2023-05-25 05:11:32,11,B+1.0,4.1511,202000
2023-05-25 05:11:35,9,B+1.0,4.1397,202000
2023-05-25 05:11:39,9,B+1.0,4.139,202000
2023-05-25 05:11:42,9,B+1.0,4.1237,202000
2023-05-25 05:11:47,13,B+1.0,4.1349,202000
2023-05-25 05:11:50,9,B+1.0,4.1247,202000
2023-05-25 05:11:53,9,B+1.0,4.1103,202000
2023-05-25 05:11:58,11,B+1.0,4.1138,202000
2023-05-25 05:12:02,9,B+1.0,4.1097,202000
2023-05-25 05:12:06,9,B+1.0,4.0982,202000
2023-05-25 05:12:10,11,B+1.0,4.1081,202000
2023-05-25 05:12:13,9,B+1.0,4.1016,202000
2023-05-25 05:12:16,9,B+1.0,4.0837,202000
2023-05-25 05:12:23,17,B+1.0,4.1051,202000
2023-05-25 05:12:26,9,B+1.0,4.0874,202000
2023-05-25 05:12:31,11,B+1.0,4.0782,202000
2023-05-25 05:12:36,11,B+1.0,4.0806,202000
2023-05-25 05:12:39,9,B+1.0,4.0772,202000
2023-05-25 05:12:43,9,B+1.0,4.0824,202000
2023-05-25 05:12:47,11,B+1.0,4.0949,202000
2023-05-25 05:12:51,9,B+1.0,4.0961,202000
2023-05-25 05:12:54,9,B+1.0,4.0926,202000
2023-05-25 05:12:57,9,B+1.0,4.0898,202000
2023-05-25 05:13:01,9,B+1.0,4.085,202000
2023-05-25 05:13:46,9,B+1.0,4.0536,203000
2023-05-25 05:13:50,11,B+1.0,4.04,203000
2023-05-25 05:13:55,9,B+1.0,4.0442,203000
2023-05-25 05:13:59,9,B+1.0,4.0297,203000
2023-05-25 05:14:02,9,B+1.0,4.0236,203000
2023-05-25 05:14:05,9,B+1.0,4.0107,203000
2023-05-25 05:14:08,9,B+1.0,4.0054,203000
2023-05-25 05:14:11,9,B+1.0,3.9989,203000
2023-05-25 05:14:14,9,B+1.0,3.9811,203000
2023-05-25 05:14:19,11,B+1.0,3.9903,203000
2023-05-25 05:14:22,9,B+1.0,3.9909,203000
2023-05-25 05:14:26,9,B+1.0,3.9678,203000
2023-05-25 05:14:33,15,B+1.0,3.9968,203000
2023-05-25 05:14:39,20,W+1.0,4.0148,203000
2023-05-25 05:14:43,9,B+1.0,4.0149,203000
2023-05-25 05:14:46,9,B+1.0,3.9951,203000
2023-05-25 05:14:50,10,W+1.0,3.9878,203000
2023-05-25 05:14:54,9,B+1.0,3.9656,203000
2023-05-25 05:14:57,9,B+1.0,3.9646,203000
2023-05-25 05:15:01,9,B+1.0,3.943,203000
2023-05-25 05:15:06,11,B+1.0,3.9293,203000
2023-05-25 05:15:09,9,B+1.0,3.9273,203000
2023-05-25 05:15:14,11,B+1.0,3.9333,203000
2023-05-25 05:15:17,9,B+1.0,3.9135,203000
2023-05-25 05:15:21,9,B+1.0,3.9049,203000
2023-05-25 05:15:24,9,B+1.0,3.8953,203000
2023-05-25 05:15:28,9,B+1.0,3.8863,203000
2023-05-25 05:15:31,9,B+1.0,3.8878,203000
2023-05-25 05:15:34,9,B+1.0,3.8716,203000
2023-05-25 05:15:38,9,B+1.0,3.8739,203000
2023-05-25 05:15:44,17,B+1.0,3.8987,203000
2023-05-25 05:15:47,9,B+1.0,3.892,203000
2023-05-25 05:15:53,15,B+1.0,3.8998,203000
2023-05-25 05:15:56,9,B+1.0,3.894,203000
2023-05-25 05:15:59,9,B+1.0,3.8864,203000
2023-05-25 05:16:04,11,B+1.0,3.8953,203000
2023-05-25 05:16:07,9,B+1.0,3.8982,203000
2023-05-25 05:16:12,11,B+1.0,3.9039,203000
2023-05-25 05:16:17,11,B+1.0,3.9165,203000
2023-05-25 05:16:21,9,B+1.0,3.9053,203000
2023-05-25 05:16:25,11,B+1.0,3.8998,203000
2023-05-25 05:16:29,9,B+1.0,3.8981,203000
2023-05-25 05:16:33,11,B+1.0,3.8779,203000
2023-05-25 05:16:36,9,B+1.0,3.8735,203000
2023-05-25 05:16:40,9,B+1.0,3.8766,203000
2023-05-25 05:16:44,9,B+1.0,3.8789,203000
2023-05-25 05:17:29,13,B+1.0,3.8713,204000
2023-05-25 05:17:35,13,B+1.0,3.894,204000
2023-05-25 05:17:39,9,B+1.0,3.8984,204000
2023-05-25 05:17:46,15,B+1.0,3.9219,204000
2023-05-25 05:17:56,33,B+1.0,3.993,204000
2023-05-25 05:18:00,9,B+1.0,3.9791,204000
2023-05-25 05:18:03,9,B+1.0,3.9832,204000
2023-05-25 05:18:07,11,B+1.0,3.9909,204000
2023-05-25 05:18:11,9,B+1.0,3.9867,204000
2023-05-25 05:18:15,9,B+1.0,3.9906,204000
2023-05-25 05:18:18,9,B+1.0,3.9948,204000
2023-05-25 05:18:22,11,B+1.0,4.0004,204000
2023-05-25 05:18:25,9,B+1.0,3.9995,204000
2023-05-25 05:18:29,9,B+1.0,4.0007,204000
2023-05-25 05:18:33,9,B+1.0,4.0044,204000
2023-05-25 05:18:40,13,B+1.0,4.0329,204000
2023-05-25 05:18:45,13,B+1.0,4.0484,204000
2023-05-25 05:18:52,19,B+1.0,4.0875,204000
2023-05-25 05:18:57,11,B+1.0,4.0977,204000
2023-05-25 05:19:00,9,B+1.0,4.0929,204000
2023-05-25 05:19:05,11,B+1.0,4.101,204000
2023-05-25 05:19:08,9,B+1.0,4.0835,204000
2023-05-25 05:19:12,9,B+1.0,4.0843,204000
2023-05-25 05:19:17,13,B+1.0,4.0934,204000
2023-05-25 05:19:21,9,B+1.0,4.0969,204000
2023-05-25 05:19:28,13,B+1.0,4.131,204000
2023-05-25 05:19:34,13,B+1.0,4.1471,204000
2023-05-25 05:19:37,9,B+1.0,4.1259,204000
2023-05-25 05:19:41,11,B+1.0,4.1229,204000
2023-05-25 05:19:45,9,B+1.0,4.1256,204000
2023-05-25 05:19:49,11,B+1.0,4.1323,204000
2023-05-25 05:19:54,11,B+1.0,4.1483,204000
2023-05-25 05:19:57,9,B+1.0,4.1333,204000
2023-05-25 05:20:02,11,B+1.0,4.1478,204000
2023-05-25 05:20:06,9,B+1.0,4.1527,204000
2023-05-25 05:20:10,11,B+1.0,4.142,204000
2023-05-25 05:20:15,11,B+1.0,4.1537,204000
2023-05-25 05:20:18,9,B+1.0,4.1512,204000
2023-05-25 05:20:21,9,B+1.0,4.1414,204000
2023-05-25 05:20:25,9,B+1.0,4.1427,204000
2023-05-25 05:21:11,9,B+1.0,4.1136,205000
2023-05-25 05:21:17,15,B+1.0,4.1418,205000
2023-05-25 05:21:23,13,B+1.0,4.1545,205000
2023-05-25 05:21:28,11,B+1.0,4.1538,205000
2023-05-25 05:21:32,11,B+1.0,4.1626,205000
2023-05-25 05:21:35,9,B+1.0,4.1582,205000
2023-05-25 05:21:41,15,B+1.0,4.1728,205000
2023-05-25 05:21:46,13,B+1.0,4.192,205000
2023-05-25 05:21:49,9,B+1.0,4.1867,205000
2023-05-25 05:21:54,11,B+1.0,4.2013,205000
2023-05-25 05:22:01,15,B+1.0,4.2348,205000
2023-05-25 05:22:05,13,B+1.0,4.253,205000
2023-05-25 05:22:09,9,B+1.0,4.2514,205000
2023-05-25 05:22:13,9,B+1.0,4.2509,205000
2023-05-25 05:22:17,11,B+1.0,4.2487,205000
2023-05-25 05:22:22,11,B+1.0,4.2619,205000
2023-05-25 05:22:25,9,B+1.0,4.2613,205000
2023-05-25 05:22:29,9,B+1.0,4.2587,205000
2023-05-25 05:22:32,9,B+1.0,4.2612,205000
2023-05-25 05:22:36,11,B+1.0,4.2777,205000
2023-05-25 05:22:41,11,B+1.0,4.2921,205000
2023-05-25 05:22:44,9,B+1.0,4.2813,205000
2023-05-25 05:22:50,15,B+1.0,4.3011,205000
2023-05-25 05:22:54,9,B+1.0,4.3053,205000
2023-05-25 05:22:57,9,B+1.0,4.2646,205000
2023-05-25 05:23:00,9,B+1.0,4.2345,205000
2023-05-25 05:23:03,9,B+1.0,4.2355,205000
2023-05-25 05:23:07,9,B+1.0,4.2379,205000
2023-05-25 05:23:11,9,B+1.0,4.2319,205000
2023-05-25 05:23:15,11,B+1.0,4.2439,205000
2023-05-25 05:23:19,9,B+1.0,4.2406,205000
2023-05-25 05:23:22,9,B+1.0,4.2373,205000
2023-05-25 05:23:28,15,B+1.0,4.2528,205000
2023-05-25 05:23:32,10,W+1.0,4.2594,205000
2023-05-25 05:23:36,9,B+1.0,4.2482,205000
2023-05-25 05:23:41,13,B+1.0,4.27,205000
2023-05-25 05:23:45,9,B+1.0,4.2709,205000
2023-05-25 05:23:50,11,B+1.0,4.2837,205000
2023-05-25 05:23:53,9,B+1.0,4.2774,205000
2023-05-25 05:23:56,9,B+1.0,4.2802,205000
2023-05-25 05:24:00,9,B+1.0,4.2836,205000
2023-05-25 05:24:03,9,B+1.0,4.2838,205000
2023-05-25 05:24:06,9,B+1.0,4.2515,205000
2023-05-25 05:24:52,9,B+1.0,4.2357,206000
2023-05-25 05:24:57,11,B+1.0,4.2504,206000
2023-05-25 05:25:00,9,B+1.0,4.2468,206000
2023-05-25 05:25:04,9,B+1.0,4.2389,206000
2023-05-25 05:25:09,11,B+1.0,4.253,206000
2023-05-25 05:25:13,11,B+1.0,4.2421,206000
2023-05-25 05:25:16,9,B+1.0,4.2256,206000
2023-05-25 05:25:19,9,B+1.0,4.2191,206000
2023-05-25 05:25:23,9,B+1.0,4.2106,206000
2023-05-25 05:25:27,11,B+1.0,4.2184,206000
2023-05-25 05:25:31,9,B+1.0,4.2155,206000
2023-05-25 05:25:37,13,B+1.0,4.2399,206000
2023-05-25 05:25:40,9,B+1.0,4.2359,206000
2023-05-25 05:25:44,9,B+1.0,4.2384,206000
2023-05-25 05:25:50,15,B+1.0,4.2678,206000
2023-05-25 05:25:55,11,B+1.0,4.2668,206000
2023-05-25 05:26:00,13,B+1.0,4.2641,206000
2023-05-25 05:26:04,11,B+1.0,4.2701,206000
2023-05-25 05:26:09,11,B+1.0,4.2415,206000
2023-05-25 05:26:12,9,B+1.0,4.1716,206000
2023-05-25 05:26:15,9,B+1.0,4.1685,206000
2023-05-25 05:26:19,11,B+1.0,4.1791,206000
2023-05-25 05:26:27,17,B+1.0,4.211,206000
2023-05-25 05:26:30,9,B+1.0,4.2035,206000
2023-05-25 05:26:33,9,B+1.0,4.2017,206000
2023-05-25 05:26:38,11,B+1.0,4.2176,206000
2023-05-25 05:26:41,9,B+1.0,4.211,206000
2023-05-25 05:26:45,9,B+1.0,4.2134,206000
2023-05-25 05:26:48,9,B+1.0,4.2064,206000
2023-05-25 05:26:53,13,B+1.0,4.2242,206000
2023-05-25 05:26:58,11,B+1.0,4.1975,206000
2023-05-25 05:27:01,9,B+1.0,4.1804,206000
2023-05-25 05:27:06,11,B+1.0,4.1541,206000
2023-05-25 05:27:09,9,B+1.0,4.1413,206000
2023-05-25 05:27:13,9,B+1.0,4.1379,206000
2023-05-25 05:27:18,13,B+1.0,4.1426,206000
2023-05-25 05:27:21,9,B+1.0,4.145,206000
2023-05-25 05:27:24,9,B+1.0,4.1442,206000
2023-05-25 05:27:27,9,B+1.0,4.1197,206000
2023-05-25 05:27:33,13,B+1.0,4.135,206000
2023-05-25 05:27:40,17,B+1.0,4.1359,206000
2023-05-25 05:27:43,9,B+1.0,4.1024,206000
2023-05-25 05:27:46,9,B+1.0,4.1094,206000
2023-05-25 05:28:33,9,B+1.0,4.0968,207000
2023-05-25 05:28:38,11,B+1.0,4.1004,207000
2023-05-25 05:28:41,9,B+1.0,4.0856,207000
2023-05-25 05:28:48,17,B+1.0,4.1197,207000
2023-05-25 05:28:53,13,B+1.0,4.1183,207000
2023-05-25 05:28:56,9,B+1.0,4.1159,207000
2023-05-25 05:29:02,13,B+1.0,4.1334,207000
2023-05-25 05:29:06,9,B+1.0,4.1223,207000
2023-05-25 05:29:09,9,B+1.0,4.1181,207000
2023-05-25 05:29:13,11,B+1.0,4.1238,207000
2023-05-25 05:29:19,15,B+1.0,4.1562,207000
2023-05-25 05:29:22,9,B+1.0,4.1535,207000
2023-05-25 05:29:26,9,B+1.0,4.149,207000
2023-05-25 05:29:29,9,B+1.0,4.1238,207000
2023-05-25 05:29:32,9,B+1.0,4.0943,207000
2023-05-25 05:29:37,11,B+1.0,4.0995,207000
2023-05-25 05:29:41,9,B+1.0,4.0908,207000
2023-05-25 05:29:44,9,B+1.0,4.092,207000
2023-05-25 05:29:47,9,B+1.0,4.0636,207000
2023-05-25 05:29:51,11,B+1.0,4.056,207000
2023-05-25 05:29:56,11,B+1.0,4.0652,207000
2023-05-25 05:30:01,15,B+1.0,4.0742,207000
2023-05-25 05:30:04,9,B+1.0,4.042,207000
2023-05-25 05:30:08,9,B+1.0,4.0246,207000
2023-05-25 05:30:11,9,B+1.0,4.0251,207000
2023-05-25 05:30:15,11,B+1.0,4.0303,207000
2023-05-25 05:30:21,13,B+1.0,4.0359,207000
2023-05-25 05:30:25,11,B+1.0,4.0322,207000
2023-05-25 05:30:28,9,B+1.0,4.0346,207000
2023-05-25 05:30:32,9,B+1.0,4.0406,207000
2023-05-25 05:30:37,11,B+1.0,4.0552,207000
2023-05-25 05:30:40,9,B+1.0,4.043,207000
2023-05-25 05:30:44,11,B+1.0,4.0395,207000
2023-05-25 05:30:48,9,B+1.0,4.0399,207000
2023-05-25 05:30:51,9,B+1.0,4.0149,207000
2023-05-25 05:30:54,9,B+1.0,4.0122,207000
2023-05-25 05:30:58,9,B+1.0,4.0154,207000
2023-05-25 05:31:03,11,B+1.0,4.0292,207000
2023-05-25 05:31:06,9,B+1.0,4.0313,207000
2023-05-25 05:31:11,11,B+1.0,4.0416,207000
2023-05-25 05:31:15,11,B+1.0,4.049,207000
2023-05-25 05:31:21,13,B+1.0,4.0581,207000
2023-05-25 05:31:24,9,B+1.0,4.0557,207000
2023-05-25 05:31:27,9,B+1.0,4.0548,207000
2023-05-25 05:32:14,9,B+1.0,4.0231,208000
2023-05-25 05:32:17,9,B+1.0,4.0164,208000
2023-05-25 05:32:22,11,B+1.0,4.0078,208000
2023-05-25 05:32:27,11,B+1.0,4.018,208000
2023-05-25 05:32:34,21,B+1.0,4.0489,208000
2023-05-25 05:32:38,9,B+1.0,4.0553,208000
2023-05-25 05:32:42,11,B+1.0,4.0619,208000
2023-05-25 05:32:46,9,B+1.0,4.0622,208000
2023-05-25 05:32:49,9,B+1.0,4.0632,208000
2023-05-25 05:32:55,13,B+1.0,4.0873,208000
2023-05-25 05:33:00,11,B+1.0,4.1035,208000
2023-05-25 05:33:04,9,B+1.0,4.1075,208000
2023-05-25 05:33:08,9,B+1.0,4.0989,208000
2023-05-25 05:33:13,13,B+1.0,4.1245,208000
2023-05-25 05:33:17,9,B+1.0,4.1244,208000
2023-05-25 05:33:21,9,B+1.0,4.114,208000
2023-05-25 05:33:25,11,B+1.0,4.119,208000
2023-05-25 05:33:29,9,B+1.0,4.1185,208000
2023-05-25 05:33:32,9,B+1.0,4.1246,208000
2023-05-25 05:33:38,13,B+1.0,4.1438,208000
2023-05-25 05:33:42,11,B+1.0,4.1406,208000
2023-05-25 05:33:46,11,B+1.0,4.1457,208000
2023-05-25 05:33:50,9,B+1.0,4.1269,208000
2023-05-25 05:33:54,9,B+1.0,4.1341,208000
2023-05-25 05:33:58,9,B+1.0,4.1324,208000
2023-05-25 05:34:01,9,B+1.0,4.1077,208000
2023-05-25 05:34:06,11,B+1.0,4.1046,208000
2023-05-25 05:34:13,15,B+1.0,4.1275,208000
2023-05-25 05:34:19,13,B+1.0,4.1379,208000
2023-05-25 05:34:25,13,B+1.0,4.1572,208000
2023-05-25 05:34:33,17,B+1.0,4.2045,208000
2023-05-25 05:34:39,15,B+1.0,4.2314,208000
2023-05-25 05:34:42,9,B+1.0,4.2202,208000
2023-05-25 05:34:46,9,B+1.0,4.1839,208000
2023-05-25 05:34:50,11,B+1.0,4.199,208000
2023-05-25 05:34:57,13,B+1.0,4.2281,208000
2023-05-25 05:35:00,9,B+1.0,4.2156,208000
2023-05-25 05:35:04,9,B+1.0,4.2175,208000
2023-05-25 05:35:07,9,B+1.0,4.2206,208000
2023-05-25 05:35:11,9,B+1.0,4.2306,208000
2023-05-25 05:36:06,23,B+1.0,4.2966,209000
2023-05-25 05:36:10,11,B+1.0,4.3063,209000
2023-05-25 05:36:14,9,B+1.0,4.2917,209000
2023-05-25 05:36:16,9,B+1.0,4.2866,209000
2023-05-25 05:36:22,13,B+1.0,4.313,209000
2023-05-25 05:36:28,15,B+1.0,4.3158,209000
2023-05-25 05:36:32,11,B+1.0,4.3274,209000
2023-05-25 05:36:38,13,B+1.0,4.3512,209000
2023-05-25 05:36:41,9,B+1.0,4.3542,209000
2023-05-25 05:36:45,9,B+1.0,4.3368,209000
2023-05-25 05:36:48,9,B+1.0,4.2975,209000
2023-05-25 05:36:51,9,B+1.0,4.3019,209000
2023-05-25 05:36:55,11,B+1.0,4.3026,209000
2023-05-25 05:36:58,9,B+1.0,4.3042,209000
2023-05-25 05:37:04,13,B+1.0,4.3257,209000
2023-05-25 05:37:08,11,B+1.0,4.3205,209000
2023-05-25 05:37:11,9,B+1.0,4.3183,209000
2023-05-25 05:37:14,9,B+1.0,4.2794,209000
2023-05-25 05:37:17,9,B+1.0,4.2669,209000
2023-05-25 05:37:21,9,B+1.0,4.2666,209000
2023-05-25 05:37:24,9,B+1.0,4.2387,209000
2023-05-25 05:37:28,11,B+1.0,4.2478,209000
2023-05-25 05:37:33,11,B+1.0,4.2629,209000
2023-05-25 05:37:36,9,B+1.0,4.2541,209000
2023-05-25 05:37:39,9,B+1.0,4.2198,209000
2023-05-25 05:37:44,13,B+1.0,4.2462,209000
2023-05-25 05:37:48,9,B+1.0,4.2463,209000
2023-05-25 05:37:52,9,B+1.0,4.2471,209000
2023-05-25 05:37:55,9,B+1.0,4.2508,209000
2023-05-25 05:37:58,9,B+1.0,4.2324,209000
2023-05-25 05:38:02,11,B+1.0,4.2369,209000
2023-05-25 05:38:06,9,B+1.0,4.2402,209000
2023-05-25 05:38:10,11,B+1.0,4.2556,209000
2023-05-25 05:38:16,16,W+1.0,4.2722,209000
2023-05-25 05:38:20,9,B+1.0,4.2642,209000
2023-05-25 05:38:25,13,B+1.0,4.2629,209000
2023-05-25 05:38:29,9,B+1.0,4.2649,209000
2023-05-25 05:38:32,9,B+1.0,4.2689,209000
2023-05-25 05:38:35,9,B+1.0,4.267,209000
2023-05-25 05:38:39,9,B+1.0,4.26,209000
2023-05-25 05:38:42,9,B+1.0,4.2396,209000
2023-05-25 05:38:45,9,B+1.0,4.2259,209000
2023-05-25 05:38:51,13,B+1.0,4.2525,209000
2023-05-25 05:39:38,9,B+1.0,4.2315,210000
2023-05-25 05:39:44,15,B+1.0,4.2652,210000
2023-05-25 05:39:48,9,B+1.0,4.2565,210000
2023-05-25 05:39:52,9,B+1.0,4.2622,210000
2023-05-25 05:39:56,9,B+1.0,4.272,210000
2023-05-25 05:39:59,9,B+1.0,4.2711,210000
2023-05-25 05:40:04,11,B+1.0,4.2891,210000
2023-05-25 05:40:09,11,B+1.0,4.2852,210000
2023-05-25 05:40:12,9,B+1.0,4.2853,210000
2023-05-25 05:40:16,9,B+1.0,4.2776,210000
2023-05-25 05:40:23,13,B+1.0,4.2988,210000
2023-05-25 05:40:27,11,B+1.0,4.2819,210000
2023-05-25 05:40:30,9,B+1.0,4.2851,210000
2023-05-25 05:40:34,9,B+1.0,4.2893,210000
2023-05-25 05:40:38,11,B+1.0,4.2989,210000
2023-05-25 05:40:42,9,B+1.0,4.3031,210000
2023-05-25 05:40:46,9,B+1.0,4.3117,210000
2023-05-25 05:40:51,11,B+1.0,4.3105,210000
2023-05-25 05:40:57,13,B+1.0,4.3262,210000
2023-05-25 05:41:04,15,B+1.0,4.3208,210000
2023-05-25 05:41:09,11,B+1.0,4.3345,210000
2023-05-25 05:41:13,9,B+1.0,4.3287,210000
2023-05-25 05:41:16,9,B+1.0,4.3285,210000
2023-05-25 05:41:22,13,B+1.0,4.3541,210000
2023-05-25 05:41:26,9,B+1.0,4.3333,210000
2023-05-25 05:41:29,9,B+1.0,4.3178,210000
2023-05-25 05:41:34,11,B+1.0,4.3253,210000
2023-05-25 05:41:38,9,B+1.0,4.3225,210000
2023-05-25 05:41:41,9,B+1.0,4.302,210000
2023-05-25 05:41:45,9,B+1.0,4.3064,210000
2023-05-25 05:41:52,15,B+1.0,4.3372,210000
2023-05-25 05:41:56,9,B+1.0,4.3315,210000
2023-05-25 05:42:00,9,B+1.0,4.3358,210000
2023-05-25 05:42:04,9,B+1.0,4.3369,210000
2023-05-25 05:42:07,9,B+1.0,4.3156,210000
2023-05-25 05:42:10,9,B+1.0,4.3075,210000
2023-05-25 05:42:15,11,B+1.0,4.3122,210000
2023-05-25 05:42:19,9,B+1.0,4.3111,210000
2023-05-25 05:42:22,9,B+1.0,4.3055,210000
2023-05-25 05:42:27,11,B+1.0,4.3145,210000
2023-05-25 05:42:30,9,B+1.0,4.3148,210000
2023-05-25 05:43:19,9,B+1.0,4.2762,211000
2023-05-25 05:43:23,9,B+1.0,4.2569,211000
2023-05-25 05:43:26,9,B+1.0,4.2319,211000
2023-05-25 05:43:30,9,B+1.0,4.1916,211000
2023-05-25 05:43:34,9,B+1.0,4.1694,211000
2023-05-25 05:43:37,9,B+1.0,4.1706,211000
2023-05-25 05:43:41,9,B+1.0,4.1674,211000
2023-05-25 05:43:46,11,B+1.0,4.1733,211000
2023-05-25 05:43:55,17,B+1.0,4.1999,211000
2023-05-25 05:44:01,13,B+1.0,4.2245,211000
2023-05-25 05:44:04,9,B+1.0,4.2229,211000
2023-05-25 05:44:08,9,B+1.0,4.2237,211000
2023-05-25 05:44:12,9,B+1.0,4.22,211000
2023-05-25 05:44:15,9,B+1.0,4.2114,211000
2023-05-25 05:44:19,9,B+1.0,4.1258,211000
2023-05-25 05:44:25,13,B+1.0,4.1425,211000
2023-05-25 05:44:31,15,B+1.0,4.1724,211000
2023-05-25 05:44:37,11,B+1.0,4.1965,211000
2023-05-25 05:44:42,13,B+1.0,4.1894,211000
2023-05-25 05:44:45,9,B+1.0,4.1704,211000
2023-05-25 05:44:49,9,B+1.0,4.1608,211000
2023-05-25 05:44:52,9,B+1.0,4.1382,211000
2023-05-25 05:44:56,9,B+1.0,4.1398,211000
2023-05-25 05:44:59,9,B+1.0,4.1401,211000
2023-05-25 05:45:03,11,B+1.0,4.1486,211000
2023-05-25 05:45:07,9,B+1.0,4.1495,211000
2023-05-25 05:45:10,9,B+1.0,4.1466,211000
2023-05-25 05:45:14,9,B+1.0,4.1525,211000
2023-05-25 05:45:18,9,B+1.0,4.134,211000
2023-05-25 05:45:21,9,B+1.0,4.1247,211000
2023-05-25 05:45:26,11,B+1.0,4.1452,211000
2023-05-25 05:45:32,13,B+1.0,4.1759,211000
2023-05-25 05:45:36,9,B+1.0,4.178,211000
2023-05-25 05:45:42,15,B+1.0,4.2052,211000
2023-05-25 05:45:47,11,B+1.0,4.222,211000
2023-05-25 05:45:50,9,B+1.0,4.213,211000
2023-05-25 05:45:54,9,B+1.0,4.2082,211000
2023-05-25 05:46:00,13,B+1.0,4.2366,211000
2023-05-25 05:46:03,9,B+1.0,4.2402,211000
2023-05-25 05:46:07,9,B+1.0,4.2241,211000
2023-05-25 05:46:10,9,B+1.0,4.2172,211000
2023-05-25 05:47:01,9,B+1.0,4.2413,212000
2023-05-25 05:47:06,15,B+1.0,4.2674,212000
2023-05-25 05:47:11,11,B+1.0,4.2739,212000
2023-05-25 05:47:15,11,B+1.0,4.2791,212000
2023-05-25 05:47:18,9,B+1.0,4.2629,212000
2023-05-25 05:47:21,9,B+1.0,4.2337,212000
2023-05-25 05:47:26,11,B+1.0,4.2438,212000
2023-05-25 05:47:29,9,B+1.0,4.2239,212000
2023-05-25 05:47:34,11,B+1.0,4.2324,212000
2023-05-25 05:47:38,11,B+1.0,4.2403,212000
2023-05-25 05:47:44,15,B+1.0,4.2723,212000
2023-05-25 05:47:48,9,B+1.0,4.2702,212000
2023-05-25 05:47:52,11,B+1.0,4.2826,212000
2023-05-25 05:47:56,9,B+1.0,4.2872,212000
2023-05-25 05:48:00,11,B+1.0,4.2712,212000
2023-05-25 05:48:04,9,B+1.0,4.2756,212000
2023-05-25 05:48:10,15,B+1.0,4.3045,212000
2023-05-25 05:48:14,12,W+1.0,4.2851,212000
2023-05-25 05:48:19,11,B+1.0,4.2914,212000
2023-05-25 05:48:28,23,B+1.0,4.3472,212000
2023-05-25 05:48:34,15,B+1.0,4.3679,212000
2023-05-25 05:48:42,19,B+1.0,4.4132,212000
2023-05-25 05:48:45,9,B+1.0,4.3909,212000
2023-05-25 05:48:51,15,B+1.0,4.4059,212000
2023-05-25 05:48:56,13,B+1.0,4.4203,212000
2023-05-25 05:49:02,15,B+1.0,4.4406,212000
2023-05-25 05:49:06,9,B+1.0,4.412,212000
2023-05-25 05:49:13,15,B+1.0,4.4417,212000
2023-05-25 05:49:19,13,B+1.0,4.4708,212000
2023-05-25 05:49:24,11,B+1.0,4.4825,212000
2023-05-25 05:49:27,9,B+1.0,4.4751,212000
2023-05-25 05:49:31,9,B+1.0,4.4727,212000
2023-05-25 05:49:35,11,B+1.0,4.4759,212000
2023-05-25 05:49:39,11,B+1.0,4.4709,212000
2023-05-25 05:49:45,13,B+1.0,4.463,212000
2023-05-25 05:49:49,11,B+1.0,4.4361,212000
2023-05-25 05:49:54,11,B+1.0,4.4305,212000
2023-05-25 05:50:41,9,B+1.0,4.4396,213000
2023-05-25 05:50:46,11,B+1.0,4.4203,213000
2023-05-25 05:50:51,13,B+1.0,4.4403,213000
2023-05-25 05:50:55,9,B+1.0,4.4426,213000
2023-05-25 05:50:59,9,B+1.0,4.4357,213000
2023-05-25 05:51:04,11,B+1.0,4.4483,213000
2023-05-25 05:51:09,11,B+1.0,4.4631,213000
2023-05-25 05:51:13,9,B+1.0,4.4597,213000
2023-05-25 05:51:17,11,B+1.0,4.4334,213000
2023-05-25 05:51:20,9,B+1.0,4.4273,213000
2023-05-25 05:51:24,9,B+1.0,4.4244,213000
2023-05-25 05:51:27,9,B+1.0,4.4198,213000
2023-05-25 05:51:33,15,B+1.0,4.4505,213000
2023-05-25 05:51:36,9,B+1.0,4.4452,213000
2023-05-25 05:51:40,9,B+1.0,4.4352,213000
2023-05-25 05:51:44,9,B+1.0,4.4371,213000
2023-05-25 05:51:49,11,B+1.0,4.4556,213000
2023-05-25 05:51:54,11,B+1.0,4.4629,213000
2023-05-25 05:51:59,11,B+1.0,4.4755,213000
2023-05-25 05:52:02,9,B+1.0,4.4609,213000
2023-05-25 05:52:06,9,B+1.0,4.4622,213000
2023-05-25 05:52:11,11,B+1.0,4.4701,213000
2023-05-25 05:52:15,11,B+1.0,4.4809,213000
2023-05-25 05:52:19,11,B+1.0,4.4847,213000
2023-05-25 05:52:24,11,B+1.0,4.4958,213000
2023-05-25 05:52:30,15,B+1.0,4.5242,213000
2023-05-25 05:52:34,9,B+1.0,4.5264,213000
2023-05-25 05:52:38,9,B+1.0,4.5101,213000
2023-05-25 05:52:41,9,B+1.0,4.457,213000
2023-05-25 05:52:47,14,W+1.0,4.4495,213000
2023-05-25 05:52:53,13,B+1.0,4.4789,213000
2023-05-25 05:52:57,9,B+1.0,4.4779,213000
2023-05-25 05:53:02,13,B+1.0,4.4935,213000
2023-05-25 05:53:06,11,B+1.0,4.4962,213000
2023-05-25 05:53:11,11,B+1.0,4.5086,213000
2023-05-25 05:53:15,9,B+1.0,4.4851,213000
2023-05-25 05:53:21,13,B+1.0,4.4824,213000
2023-05-25 05:53:27,15,B+1.0,4.4951,213000
2023-05-25 05:53:33,15,B+1.0,4.4993,213000
2023-05-25 05:54:23,9,B+1.0,4.5408,214000
2023-05-25 05:54:28,11,B+1.0,4.5546,214000
2023-05-25 05:54:31,9,B+1.0,4.5573,214000
2023-05-25 05:54:35,9,B+1.0,4.5594,214000
2023-05-25 05:54:39,11,B+1.0,4.5569,214000
2023-05-25 05:54:44,13,B+1.0,4.5754,214000
2023-05-25 05:54:48,9,B+1.0,4.5768,214000
2023-05-25 05:54:52,11,B+1.0,4.5869,214000
2023-05-25 05:54:56,9,B+1.0,4.5828,214000
2023-05-25 05:54:59,9,B+1.0,4.5851,214000
2023-05-25 05:55:04,11,B+1.0,4.5769,214000
2023-05-25 05:55:07,9,B+1.0,4.552,214000
2023-05-25 05:55:11,9,B+1.0,4.5531,214000
2023-05-25 05:55:14,9,B+1.0,4.5213,214000
2023-05-25 05:55:17,9,B+1.0,4.5079,214000
2023-05-25 05:55:21,9,B+1.0,4.5065,214000
2023-05-25 05:55:39,49,B+1.0,4.6563,214000
2023-05-25 05:55:42,9,B+1.0,4.628,214000
2023-05-25 05:55:49,17,B+1.0,4.6588,214000
2023-05-25 05:55:53,11,B+1.0,4.6599,214000
2023-05-25 05:55:56,9,B+1.0,4.66,214000
2023-05-25 05:56:00,9,B+1.0,4.645,214000
2023-05-25 05:56:03,9,B+1.0,4.6371,214000
2023-05-25 05:56:07,11,B+1.0,4.6184,214000
2023-05-25 05:56:10,9,B+1.0,4.6062,214000
2023-05-25 05:56:17,17,B+1.0,4.636,214000
2023-05-25 05:56:23,13,B+1.0,4.6619,214000
2023-05-25 05:56:28,13,B+1.0,4.6834,214000
2023-05-25 05:56:32,9,B+1.0,4.6725,214000
2023-05-25 05:56:35,9,B+1.0,4.6733,214000
2023-05-25 05:56:43,15,B+1.0,4.7047,214000
2023-05-25 05:56:46,11,B+1.0,4.6984,214000
2023-05-25 05:56:51,11,B+1.0,4.6827,214000
2023-05-25 05:56:55,9,B+1.0,4.685,214000
2023-05-25 05:57:00,13,B+1.0,4.6951,214000
2023-05-25 05:57:05,11,B+1.0,4.7059,214000
2023-05-25 05:57:08,9,B+1.0,4.6947,214000
2023-05-25 05:57:13,11,B+1.0,4.7103,214000
2023-05-25 05:57:17,9,B+1.0,4.6852,214000
2023-05-25 05:58:04,9,B+1.0,4.6652,215000
2023-05-25 05:58:07,9,B+1.0,4.6035,215000
2023-05-25 05:58:10,9,B+1.0,4.573,215000
2023-05-25 05:58:16,13,B+1.0,4.5499,215000
2023-05-25 05:58:20,11,B+1.0,4.5638,215000
2023-05-25 05:58:24,11,B+1.0,4.5463,215000
2023-05-25 05:58:28,9,B+1.0,4.5324,215000
2023-05-25 05:58:32,9,B+1.0,4.5137,215000
2023-05-25 05:58:36,11,B+1.0,4.5212,215000
2023-05-25 05:58:39,9,B+1.0,4.4807,215000
2023-05-25 05:58:42,9,B+1.0,4.4509,215000
2023-05-25 05:58:46,9,B+1.0,4.4355,215000
2023-05-25 05:58:49,9,B+1.0,4.4314,215000
2023-05-25 05:58:52,9,B+1.0,4.4295,215000
2023-05-25 05:58:58,13,B+1.0,4.4432,215000
2023-05-25 05:59:02,11,B+1.0,4.44,215000
2023-05-25 05:59:08,13,B+1.0,4.4449,215000
2023-05-25 05:59:11,9,B+1.0,4.4326,215000
2023-05-25 05:59:14,9,B+1.0,4.422,215000
2023-05-25 05:59:19,11,B+1.0,4.4236,215000
2023-05-25 05:59:23,11,B+1.0,4.4306,215000
2023-05-25 05:59:29,13,B+1.0,4.4486,215000
2023-05-25 05:59:33,9,B+1.0,4.4256,215000
2023-05-25 05:59:38,15,B+1.0,4.4457,215000
2023-05-25 05:59:43,11,B+1.0,4.4508,215000
2023-05-25 05:59:48,11,B+1.0,4.4509,215000
2023-05-25 05:59:51,9,B+1.0,4.432,215000
2023-05-25 05:59:55,9,B+1.0,4.4335,215000
2023-05-25 05:59:58,9,B+1.0,4.4245,215000
2023-05-25 06:00:01,9,B+1.0,4.4235,215000
2023-05-25 06:00:05,9,B+1.0,4.4274,215000
2023-05-25 06:00:08,9,B+1.0,4.4256,215000
2023-05-25 06:00:12,9,B+1.0,4.399,215000
2023-05-25 06:00:16,11,B+1.0,4.4056,215000
2023-05-25 06:00:19,9,B+1.0,4.399,215000
2023-05-25 06:00:23,11,B+1.0,4.4077,215000
2023-05-25 06:00:27,9,B+1.0,4.3886,215000
2023-05-25 06:00:30,9,B+1.0,4.3708,215000
2023-05-25 06:00:34,9,B+1.0,4.3588,215000
2023-05-25 06:00:39,13,B+1.0,4.379,215000
2023-05-25 06:00:43,9,B+1.0,4.3785,215000
2023-05-25 06:00:48,13,B+1.0,4.3837,215000
2023-05-25 06:00:51,9,B+1.0,4.373,215000
2023-05-25 06:00:55,9,B+1.0,4.3652,215000
2023-05-25 06:00:58,9,B+1.0,4.352,215000
2023-05-25 06:01:44,9,B+1.0,4.3151,216000
2023-05-25 06:01:47,9,B+1.0,4.312,216000
2023-05-25 06:01:51,11,B+1.0,4.3186,216000
2023-05-25 06:01:55,9,B+1.0,4.3004,216000
2023-05-25 06:01:58,9,B+1.0,4.2711,216000
2023-05-25 06:02:01,9,B+1.0,4.2675,216000
2023-05-25 06:02:05,9,B+1.0,4.2463,216000
2023-05-25 06:02:09,11,B+1.0,4.2478,216000
2023-05-25 06:02:15,17,B+1.0,4.2664,216000
2023-05-25 06:02:20,11,B+1.0,4.2744,216000
2023-05-25 06:02:24,9,B+1.0,4.2497,216000
2023-05-25 06:02:28,11,B+1.0,4.2298,216000
2023-05-25 06:02:32,9,B+1.0,4.2108,216000
2023-05-25 06:02:36,11,B+1.0,4.1832,216000
2023-05-25 06:02:40,9,B+1.0,4.1788,216000
2023-05-25 06:02:43,9,B+1.0,4.1639,216000
2023-05-25 06:02:47,9,B+1.0,4.1616,216000
2023-05-25 06:02:52,13,B+1.0,4.1833,216000
2023-05-25 06:02:57,11,B+1.0,4.19,216000
2023-05-25 06:03:02,11,B+1.0,4.1848,216000
2023-05-25 06:03:05,9,B+1.0,4.1821,216000
2023-05-25 06:03:08,9,B+1.0,4.1639,216000
2023-05-25 06:03:12,11,B+1.0,4.1711,216000
2023-05-25 06:03:16,9,B+1.0,4.173,216000
2023-05-25 06:03:20,11,B+1.0,4.1723,216000
2023-05-25 06:03:23,9,B+1.0,4.167,216000
2023-05-25 06:03:26,9,B+1.0,4.1639,216000
2023-05-25 06:03:32,13,B+1.0,4.1877,216000
2023-05-25 06:03:35,9,B+1.0,4.1911,216000
2023-05-25 06:03:43,17,B+1.0,4.232,216000
2023-05-25 06:03:48,13,B+1.0,4.0993,216000
2023-05-25 06:03:52,9,B+1.0,4.1036,216000
2023-05-25 06:03:56,9,B+1.0,4.073,216000
2023-05-25 06:03:59,9,B+1.0,4.0691,216000
2023-05-25 06:04:05,15,B+1.0,4.0941,216000
2023-05-25 06:04:08,9,B+1.0,4.093,216000
2023-05-25 06:04:12,9,B+1.0,4.0944,216000
2023-05-25 06:04:16,11,B+1.0,4.0946,216000
2023-05-25 06:04:19,9,B+1.0,4.094,216000
2023-05-25 06:04:25,13,B+1.0,4.0847,216000
2023-05-25 06:04:28,9,B+1.0,4.0629,216000
2023-05-25 06:04:32,9,B+1.0,4.0418,216000
2023-05-25 06:04:36,9,B+1.0,4.0456,216000
2023-05-25 06:04:39,9,B+1.0,4.0452,216000
2023-05-25 06:05:25,9,B+1.0,4.0278,217000
2023-05-25 06:05:28,9,B+1.0,4.0124,217000
2023-05-25 06:05:31,9,B+1.0,4.0082,217000
2023-05-25 06:05:35,9,B+1.0,3.9866,217000
2023-05-25 06:05:38,9,B+1.0,3.9679,217000
2023-05-25 06:05:43,13,B+1.0,3.9915,217000
2023-05-25 06:05:46,9,B+1.0,3.9716,217000
2023-05-25 06:05:51,13,B+1.0,3.9836,217000
2023-05-25 06:05:54,9,B+1.0,3.9813,217000
2023-05-25 06:05:58,9,B+1.0,3.9803,217000
2023-05-25 06:06:02,11,B+1.0,3.9941,217000
2023-05-25 06:06:06,9,B+1.0,3.9955,217000
2023-05-25 06:06:09,9,B+1.0,3.9716,217000
2023-05-25 06:06:14,13,B+1.0,3.9755,217000
2023-05-25 06:06:17,9,B+1.0,3.9684,217000
2023-05-25 06:06:22,11,B+1.0,3.9777,217000
2023-05-25 06:06:25,9,B+1.0,3.9715,217000
2023-05-25 06:06:30,11,B+1.0,3.977,217000
2023-05-25 06:06:33,9,B+1.0,3.979,217000
2023-05-25 06:06:36,9,B+1.0,3.9785,217000
2023-05-25 06:06:39,9,B+1.0,3.9762,217000
2023-05-25 06:06:43,9,B+1.0,3.9772,217000
2023-05-25 06:06:47,11,B+1.0,3.9816,217000
2023-05-25 06:06:50,9,B+1.0,3.9619,217000
2023-05-25 06:06:55,11,B+1.0,3.9668,217000
2023-05-25 06:06:58,9,B+1.0,3.9412,217000
2023-05-25 06:07:01,9,B+1.0,3.941,217000
2023-05-25 06:07:05,11,B+1.0,3.9493,217000
2023-05-25 06:07:09,11,B+1.0,3.9447,217000
2023-05-25 06:07:12,9,B+1.0,3.9286,217000
2023-05-25 06:07:16,9,B+1.0,3.905,217000
2023-05-25 06:07:19,9,B+1.0,3.9068,217000
2023-05-25 06:07:23,9,B+1.0,3.8826,217000
2023-05-25 06:07:27,11,B+1.0,3.8834,217000
2023-05-25 06:07:32,11,B+1.0,3.8819,217000
2023-05-25 06:07:36,13,B+1.0,3.8943,217000
2023-05-25 06:07:39,9,B+1.0,3.8869,217000
2023-05-25 06:07:45,16,W+1.0,3.9122,217000
2023-05-25 06:07:49,9,B+1.0,3.9131,217000
2023-05-25 06:07:52,9,B+1.0,3.9067,217000
2023-05-25 06:07:56,10,W+1.0,3.9157,217000
2023-05-25 06:07:59,9,B+1.0,3.9156,217000
2023-05-25 06:08:03,9,B+1.0,3.9123,217000
2023-05-25 06:08:07,9,B+1.0,3.9188,217000
2023-05-25 06:08:10,9,B+1.0,3.909,217000
2023-05-25 06:08:15,11,B+1.0,3.9215,217000
2023-05-25 06:09:07,9,B+1.0,3.9579,218000
2023-05-25 06:09:10,9,B+1.0,3.9403,218000
2023-05-25 06:09:14,9,B+1.0,3.9389,218000
2023-05-25 06:09:17,9,B+1.0,3.9236,218000
2023-05-25 06:09:20,9,B+1.0,3.9163,218000
2023-05-25 06:09:24,9,B+1.0,3.9258,218000
2023-05-25 06:09:29,11,B+1.0,3.9388,218000
2023-05-25 06:09:33,9,B+1.0,3.945,218000
2023-05-25 06:09:36,9,B+1.0,3.9462,218000
2023-05-25 06:09:39,9,B+1.0,3.944,218000
2023-05-25 06:09:43,9,B+1.0,3.9348,218000
2023-05-25 06:09:46,9,B+1.0,3.9346,218000
2023-05-25 06:09:50,13,B+1.0,3.9448,218000
2023-05-25 06:09:54,11,B+1.0,3.9531,218000
2023-05-25 06:09:59,11,B+1.0,3.9697,218000
2023-05-25 06:10:06,15,B+1.0,3.9935,218000
2023-05-25 06:10:10,11,B+1.0,3.9712,218000
2023-05-25 06:10:14,11,B+1.0,3.9642,218000
2023-05-25 06:10:18,9,B+1.0,3.9624,218000
2023-05-25 06:10:21,9,B+1.0,3.9503,218000
2023-05-25 06:10:26,11,B+1.0,3.9607,218000
2023-05-25 06:10:30,11,B+1.0,3.9596,218000
2023-05-25 06:10:34,9,B+1.0,3.9599,218000
2023-05-25 06:10:37,9,B+1.0,3.9575,218000
2023-05-25 06:10:40,9,B+1.0,3.9547,218000
2023-05-25 06:10:44,11,B+1.0,3.936,218000
2023-05-25 06:10:48,11,B+1.0,3.9329,218000
2023-05-25 06:10:51,9,B+1.0,3.9143,218000
2023-05-25 06:10:55,11,B+1.0,3.9247,218000
2023-05-25 06:10:59,9,B+1.0,3.9281,218000
2023-05-25 06:11:03,11,B+1.0,3.9293,218000
2023-05-25 06:11:08,13,B+1.0,3.9481,218000
2023-05-25 06:11:12,10,W+1.0,3.9428,218000
2023-05-25 06:11:17,11,B+1.0,3.9587,218000
2023-05-25 06:11:21,11,B+1.0,3.9666,218000
2023-05-25 06:11:24,9,B+1.0,3.9463,218000
2023-05-25 06:11:28,9,B+1.0,3.9451,218000
2023-05-25 06:11:31,9,B+1.0,3.9028,218000
2023-05-25 06:11:34,9,B+1.0,3.8813,218000
2023-05-25 06:11:38,9,B+1.0,3.8783,218000
2023-05-25 06:11:41,9,B+1.0,3.875,218000
2023-05-25 06:11:45,11,B+1.0,3.8806,218000
2023-05-25 06:11:48,9,B+1.0,3.8597,218000
2023-05-25 06:11:56,17,B+1.0,3.8965,218000
2023-05-25 06:11:59,9,B+1.0,3.8929,218000
2023-05-25 06:12:48,9,B+1.0,3.9036,219000
2023-05-25 06:12:52,9,B+1.0,3.8802,219000
2023-05-25 06:12:55,9,B+1.0,3.8763,219000
2023-05-25 06:12:59,9,B+1.0,3.8801,219000
2023-05-25 06:13:02,9,B+1.0,3.8766,219000
2023-05-25 06:13:06,9,B+1.0,3.8804,219000
2023-05-25 06:13:10,11,B+1.0,3.8635,219000
2023-05-25 06:13:14,9,B+1.0,3.8645,219000
2023-05-25 06:13:19,13,B+1.0,3.8801,219000
2023-05-25 06:13:22,9,B+1.0,3.8873,219000
2023-05-25 06:13:26,9,B+1.0,3.886,219000
2023-05-25 06:13:30,11,B+1.0,3.9051,219000
2023-05-25 06:13:34,9,B+1.0,3.8836,219000
2023-05-25 06:13:39,12,W+1.0,3.9058,219000
2023-05-25 06:13:43,9,B+1.0,3.892,219000
2023-05-25 06:13:48,13,B+1.0,3.9111,219000
2023-05-25 06:13:51,9,B+1.0,3.9103,219000
